--||--||--||dz||Algeria
700973056||701104127||1210568422||dz||
701595648||701612031||1210568422||dz||
701644800||701661183||1210568422||dz||
702320640||702324735||1210568422||dz||
702353408||702357503||1210568422||dz||
702525440||702526463||1210568422||dz||
1358299136||1358303231||1210568422||dz||
1358512128||1358516223||1210568422||dz||
1360412672||1360420863||1210568422||dz||
1360674816||1360678911||1210568422||dz||
1382383616||1382399999||1210568422||dz||
3224692736||3224692991||1210568422||dz||
3237319680||3237319935||1210568422||dz||
3240727040||3240727551||1210568422||dz||
3250733056||3250741247||1210568422||dz||
3273150464||3273152511||1210568422||dz||
3274168832||3274169343||1210568422||dz||
3289661440||3289677823||1210568422||dz||
3290245120||3290246143||1210568422||dz||
3291078656||3291086847||1210568422||dz||
3291412480||3291414527||1210568422||dz||
3301490688||3301494783||1210568422||dz||
3585318912||3585327103||1210568422||dz||
3642609664||3642613759||1210568422||dz||
