--||--||--||am||Armenia
1046020096||1046028287||1210568422||am||
1298118656||1298120703||1210568422||am||
1315782656||1315786751||1210568422||am||
1336592384||1336594431||1210568422||am||
1347870720||1347874815||1210568422||am||
1364840448||1364844543||1210568422||am||
1401618432||1401634815||1210568422||am||
1406787584||1406795775||1210568422||am||
1475444736||1475461119||1210568422||am||
1509539840||1509543935||1210568422||am||
1533483008||1533485055||1210568422||am||
1533491200||1533493247||1210568422||am||
1539766016||1539766271||1210568422||am||
1539778048||1539778303||1210568422||am||
1539826176||1539826431||1210568422||am||
1546356736||1546358783||1210568422||am||
1566496768||1566498815||1210568422||am||
3251143168||3251143423||1210568422||am||
3275509888||3275509919||1210568422||am||
3287957504||3287965695||1210568422||am||
3559571456||3559579647||1210568422||am||
3561570304||3561578495||1210568422||am||
3648061440||3648065535||1210568422||am||
3648065536||3648069631||1210568422||am||
