--||--||--||at||Austria
1041088512||1041096703||1210568422||at||
1042841600||1042874367||1210568422||at||
1043202048||1043333119||1210568422||at||
1046298624||1046315007||1210568422||at||
1046708224||1046740991||1210568422||at||
1047789568||1047797759||1210568422||at||
1047797760||1047805951||1210568422||at||
1047805952||1047814143||1210568422||at||
1047814144||1047822335||1210568422||at||
1049370624||1049378815||1210568422||at||
1051852800||1051983871||1210568422||at||
1054121984||1054130175||1210568422||at||
1054474240||1054539775||1210568422||at||
1056522240||1056538623||1210568422||at||
1296605184||1296607231||1210568422||at||
1296715776||1296717823||1210568422||at||
1296723968||1296726015||1210568422||at||
1296764928||1296766975||1210568422||at||
1297608704||1297610751||1210568422||at||
1299447808||1299709951||1210568422||at||
1306288128||1306296319||1210568422||at||
1307262976||1307271167||1210568422||at||
1307385856||1307394047||1210568422||at||
1307721728||1307725823||1210568422||at||
1307897856||1307901951||1210568422||at||
1311297536||1311299583||1210568422||at||
1311338496||1311340543||1210568422||at||
1311346688||1311348735||1210568422||at||
1315438592||1315504127||1210568422||at||
1317273600||1317306367||1210568422||at||
1317945344||1317961727||1210568422||at||
1317961728||1317978111||1210568422||at||
1318600704||1318608895||1210568422||at||
1334784000||1334788095||1210568422||at||
1336594432||1336596479||1210568422||at||
1346404352||1346408447||1210568422||at||
1346510848||1346514943||1210568422||at||
1346514944||1346519039||1210568422||at||
1346760704||1346764799||1210568422||at||
1347022848||1347026943||1210568422||at||
1347100672||1347104767||1210568422||at||
1347104768||1347108863||1210568422||at||
1347153920||1347158015||1210568422||at||
1347346432||1347350527||1210568422||at||
1347350528||1347354623||1210568422||at||
1347481600||1347485695||1210568422||at||
1347518464||1347522559||1210568422||at||
1348034560||1348038655||1210568422||at||
1348235264||1348239359||1210568422||at||
1349255168||1349386239||1210568422||at||
1349386240||1349517311||1210568422||at||
1350041600||1350303743||1210568422||at||
1357963264||1357967359||1210568422||at||
1357975552||1357979647||1210568422||at||
1358143488||1358147583||1210568422||at||
1358282752||1358286847||1210568422||at||
1358700544||1358704639||1210568422||at||
1359200256||1359216639||1210568422||at||
1359331328||1359347711||1210568422||at||
1359642624||1359675391||1210568422||at||
1360011264||1360015359||1210568422||at||
1360027648||1360031743||1210568422||at||
1360039936||1360044031||1210568422||at||
1360236544||1360240639||1210568422||at||
1360334848||1360338943||1210568422||at||
1360359424||1360363519||1210568422||at||
1360564224||1360568319||1210568422||at||
1360646144||1360650239||1210568422||at||
1360822272||1360826367||1210568422||at||
1361018880||1361022975||1210568422||at||
1365045248||1365049343||1210568422||at||
1365127168||1365131263||1210568422||at||
1371340800||1371406335||1210568422||at||
1373175808||1373241343||1210568422||at||
1373569024||1373634559||1210568422||at||
1382481920||1382498303||1210568422||at||
1385521152||1385529343||1210568422||at||
1385611264||1385619455||1210568422||at||
1388314624||1388322815||1210568422||at||
1388478464||1388486655||1210568422||at||
1390018560||1390084095||1210568422||at||
1396703232||1396834303||1210568422||at||
1396998144||1397006335||1210568422||at||
1401430016||1401432063||1210568422||at||
1401497600||1401499647||1210568422||at||
1401868288||1401870335||1210568422||at||
1403256832||1403322367||1210568422||at||
1403994112||1404010495||1210568422||at||
1406599168||1406664703||1210568422||at||
1406713856||1406722047||1210568422||at||
1406836736||1406844927||1210568422||at||
1406902272||1406910463||1210568422||at||
1410637824||1410646015||1210568422||at||
1411805184||1411809279||1210568422||at||
1416626176||1417150463||1210568422||at||
1426915328||1426931711||1210568422||at||
1428094976||1428103167||1210568422||at||
1431994368||1432002559||1210568422||at||
1434189824||1434451967||1210568422||at||
1436475392||1436477439||1210568422||at||
1438744576||1438760959||1210568422||at||
1439105024||1439121407||1210568422||at||
1441284096||1441292287||1210568422||at||
1441357824||1441366015||1210568422||at||
1441587200||1441595391||1210568422||at||
1441595392||1441603583||1210568422||at||
1441701888||1441710079||1210568422||at||
1442811904||1442815999||1210568422||at||
1446543360||1446576127||1210568422||at||
1446707200||1446739967||1210568422||at||
1450123264||1450131455||1210568422||at||
1475575808||1475592191||1210568422||at||
1475854336||1475862527||1210568422||at||
1481711616||1481719807||1210568422||at||
1483997184||1484128255||1210568422||at||
1486309376||1486311423||1210568422||at||
1494269952||1494278143||1210568422||at||
1494876160||1494908927||1210568422||at||
1495236608||1495238655||1210568422||at||
1499987968||1499996159||1210568422||at||
1500094464||1500102655||1210568422||at||
1500172288||1500174335||1210568422||at||
1502658560||1502674943||1210568422||at||
1505320960||1505329151||1210568422||at||
1506768896||1506770943||1210568422||at||
1506775040||1506777087||1210568422||at||
1519517696||1519583231||1210568422||at||
1519943680||1519976447||1210568422||at||
1533540352||1533542399||1210568422||at||
1534066688||1534328831||1210568422||at||
1534459904||1534590975||1210568422||at||
1535614976||1535619071||1210568422||at||
1535967232||1535999999||1210568422||at||
1536036864||1536040959||1210568422||at||
1536122880||1536126975||1210568422||at||
1538867200||1538875391||1210568422||at||
1538949120||1538957311||1210568422||at||
1539491328||1539491839||1210568422||at||
1539504128||1539504639||1210568422||at||
1539516416||1539516927||1210568422||at||
1539530240||1539530751||1210568422||at||
1539542016||1539542527||1210568422||at||
1539556864||1539557375||1210568422||at||
1539709184||1539709439||1210568422||at||
1539726592||1539726847||1210568422||at||
1539735296||1539735551||1210568422||at||
1539735552||1539735807||1210568422||at||
1539739136||1539739391||1210568422||at||
1539740672||1539740927||1210568422||at||
1539752704||1539752959||1210568422||at||
1539764224||1539764479||1210568422||at||
1539769600||1539769855||1210568422||at||
1539780352||1539780607||1210568422||at||
1539786240||1539786495||1210568422||at||
1539805440||1539805695||1210568422||at||
1539813120||1539813375||1210568422||at||
1539819520||1539819775||1210568422||at||
1539994624||1539995647||1210568422||at||
1546291200||1546293247||1210568422||at||
1546346496||1546348543||1210568422||at||
1547436032||1547440127||1210568422||at||
1547513856||1547517951||1210568422||at||
1547554816||1547558911||1210568422||at||
1547571200||1547575295||1210568422||at||
1547669504||1547673599||1210568422||at||
1547685888||1547689983||1210568422||at||
1559437312||1559445503||1210568422||at||
1559756800||1559789567||1210568422||at||
1565655040||1565786111||1210568422||at||
1566351360||1566353407||1210568422||at||
1567555584||1567621119||1210568422||at||
1572673536||1572675583||1210568422||at||
2409693184||2409758719||1210568422||at||
2456551424||2456616959||1210568422||at||
3231973376||3232038911||1210568422||at||
3238061568||3238061823||1210568422||at||
3238067712||3238067967||1210568422||at||
3239111936||3239112191||1210568422||at||
3239113728||3239113983||1210568422||at||
3239128064||3239128319||1210568422||at||
3239173632||3239173887||1210568422||at||
3239181312||3239181567||1210568422||at||
3239271424||3239271935||1210568422||at||
3239278592||3239279103||1210568422||at||
3239488000||3239488255||1210568422||at||
3239666176||3239666687||1210568422||at||
3239692032||3239692287||1210568422||at||
3239708672||3239708927||1210568422||at||
3239782400||3239782655||1210568422||at||
3239834624||3239835135||1210568422||at||
3239840768||3239841023||1210568422||at||
3239889920||3239890175||1210568422||at||
3239951104||3239951359||1210568422||at||
3240010496||3240010751||1210568422||at||
3240037888||3240038143||1210568422||at||
3240194560||3240195071||1210568422||at||
3240203776||3240204287||1210568422||at||
3240219136||3240219647||1210568422||at||
3240220672||3240221183||1210568422||at||
3240410368||3240410623||1210568422||at||
3240419840||3240420095||1210568422||at||
3240464384||3240464639||1210568422||at||
3240700160||3240700415||1210568422||at||
3240713728||3240713983||1210568422||at||
3240741120||3240741375||1210568422||at||
3240742656||3240742911||1210568422||at||
3240748032||3240748287||1210568422||at||
3240749056||3240749311||1210568422||at||
3240861184||3240861439||1210568422||at||
3240861440||3240861695||1210568422||at||
3240875008||3240875519||1210568422||at||
3241017344||3241017599||1210568422||at||
3241017600||3241017855||1210568422||at||
3241018112||3241018367||1210568422||at||
3241018368||3241020415||1210568422||at||
3241020416||3241022463||1210568422||at||
3241022464||3241023487||1210568422||at||
3241023488||3241027583||1210568422||at||
3241027584||3241028607||1210568422||at||
3241028608||3241028863||1210568422||at||
3241028864||3241029119||1210568422||at||
3241029632||3241031679||1210568422||at||
3241031680||3241032191||1210568422||at||
3241032192||3241032703||1210568422||at||
3241040896||3241042943||1210568422||at||
3241042944||3241043967||1210568422||at||
3241043968||3241052159||1210568422||at||
3241052160||3241061375||1210568422||at||
3241061376||3241063423||1210568422||at||
3241065472||3241065983||1210568422||at||
3241065984||3241066239||1210568422||at||
3241066240||3241066495||1210568422||at||
3241066496||3241068543||1210568422||at||
3241070848||3241071103||1210568422||at||
3241072640||3241073663||1210568422||at||
3241073664||3241073919||1210568422||at||
3241074176||3241074431||1210568422||at||
3241074432||3241074687||1210568422||at||
3241074688||3241076735||1210568422||at||
3241076992||3241077247||1210568422||at||
3241077248||3241077759||1210568422||at||
3241078784||3241080831||1210568422||at||
3241080832||3241081087||1210568422||at||
3241081088||3241081343||1210568422||at||
3241081344||3241081599||1210568422||at||
3241081600||3241081855||1210568422||at||
3241081856||3241082111||1210568422||at||
3241082112||3241082367||1210568422||at||
3241082368||3241082623||1210568422||at||
3241082624||3241082879||1210568422||at||
3241122560||3241122815||1210568422||at||
3241122816||3241123071||1210568422||at||
3241123072||3241123327||1210568422||at||
3241496576||3241496831||1210568422||at||
3241857536||3241859071||1210568422||at||
3243245568||3243311103||1210568422||at||
3243311104||3243376639||1210568422||at||
3243442176||3243507711||1210568422||at||
3243514880||3243515135||1210568422||at||
3243521024||3243521279||1210568422||at||
3243524352||3243524607||1210568422||at||
3243531776||3243532031||1210568422||at||
3243536384||3243536639||1210568422||at||
3245086208||3245086463||1210568422||at||
3245090816||3245091327||1210568422||at||
3245106176||3245106687||1210568422||at||
3245115904||3245116415||1210568422||at||
3245127424||3245127679||1210568422||at||
3245134848||3245135103||1210568422||at||
3245165056||3245165567||1210568422||at||
3245168640||3245168895||1210568422||at||
3245205504||3245205759||1210568422||at||
3245214208||3245214719||1210568422||at||
3245235712||3245235967||1210568422||at||
3245244672||3245244927||1210568422||at||
3245246464||3245246719||1210568422||at||
3245258240||3245258751||1210568422||at||
3245289216||3245289471||1210568422||at||
3245337856||3245338111||1210568422||at||
3247046656||3247046911||1210568422||at||
3247073536||3247073791||1210568422||at||
3247078144||3247078399||1210568422||at||
3248095232||3248160767||1210568422||at||
3248754432||3248754687||1210568422||at||
3248807936||3248808447||1210568422||at||
3249143808||3249209343||1210568422||at||
3249209344||3249274879||1210568422||at||
3249705984||3249706495||1210568422||at||
3249709056||3249709311||1210568422||at||
3249721344||3249721599||1210568422||at||
3250192384||3250192639||1210568422||at||
3250193664||3250194175||1210568422||at||
3250196480||3250200575||1210568422||at||
3250201600||3250202623||1210568422||at||
3250202624||3250210815||1210568422||at||
3250210816||3250214911||1210568422||at||
3250214912||3250219007||1210568422||at||
3250219008||3250221055||1210568422||at||
3250221056||3250233343||1210568422||at||
3250233344||3250233599||1210568422||at||
3250233600||3250233855||1210568422||at||
3250234368||3250236415||1210568422||at||
3250236416||3250238463||1210568422||at||
3250238464||3250239487||1210568422||at||
3250239488||3250240511||1210568422||at||
3250240512||3250241535||1210568422||at||
3250241536||3250245631||1210568422||at||
3250245888||3250246143||1210568422||at||
3250246144||3250246399||1210568422||at||
3250246400||3250246655||1210568422||at||
3250246656||3250246911||1210568422||at||
3250246912||3250247167||1210568422||at||
3250247168||3250247423||1210568422||at||
3250247424||3250247679||1210568422||at||
3250247680||3250255871||1210568422||at||
3250255872||3250256895||1210568422||at||
3250256896||3250257151||1210568422||at||
3250257152||3250257407||1210568422||at||
3250257408||3250257663||1210568422||at||
3250258176||3250258431||1210568422||at||
3250258432||3250258943||1210568422||at||
3250258944||3250259199||1210568422||at||
3250259200||3250260991||1210568422||at||
3250260992||3250269183||1210568422||at||
3250269184||3250271231||1210568422||at||
3250271232||3250279423||1210568422||at||
3250279424||3250295807||1210568422||at||
3250295808||3250303999||1210568422||at||
3250304000||3250308095||1210568422||at||
3250308096||3250312191||1210568422||at||
3250312192||3250320383||1210568422||at||
3250320384||3250320639||1210568422||at||
3250320640||3250320895||1210568422||at||
3250320896||3250321151||1210568422||at||
3250321152||3250321407||1210568422||at||
3250321408||3250322431||1210568422||at||
3250322432||3250323199||1210568422||at||
3250410496||3250411007||1210568422||at||
3250423808||3250424063||1210568422||at||
3250426368||3250426623||1210568422||at||
3250588800||3250588927||1210568422||at||
3250754048||3250754303||1210568422||at||
3251111424||3251111679||1210568422||at||
3251138560||3251139071||1210568422||at||
3251146240||3251146495||1210568422||at||
3251168256||3251168511||1210568422||at||
3251202560||3251202815||1210568422||at||
3251272448||3251272703||1210568422||at||
3251306496||3251306751||1210568422||at||
3251356160||3251356671||1210568422||at||
3251361792||3251362303||1210568422||at||
3252319232||3252319487||1210568422||at||
3252319488||3252319743||1210568422||at||
3252587264||3252587519||1210568422||at||
3252643584||3252643839||1210568422||at||
3252907008||3252907263||1210568422||at||
3252908288||3252908543||1210568422||at||
3252944896||3252945151||1210568422||at||
3252945664||3252945919||1210568422||at||
3252945920||3252947455||1210568422||at||
3252947456||3252947967||1210568422||at||
3252947968||3252948735||1210568422||at||
3252948736||3252948991||1210568422||at||
3252948992||3252953087||1210568422||at||
3252953088||3252957183||1210568422||at||
3252957184||3252957695||1210568422||at||
3252957696||3252960255||1210568422||at||
3252960256||3252960511||1210568422||at||
3252960512||3252961023||1210568422||at||
3252961024||3252961279||1210568422||at||
3252961280||3252963327||1210568422||at||
3252963328||3252965375||1210568422||at||
3252965376||3252966399||1210568422||at||
3252966400||3252967423||1210568422||at||
3252967424||3252967935||1210568422||at||
3252967936||3252968191||1210568422||at||
3252968192||3252968447||1210568422||at||
3252968448||3252968703||1210568422||at||
3252968704||3252968959||1210568422||at||
3252968960||3252970495||1210568422||at||
3252970496||3252970751||1210568422||at||
3252970752||3252971007||1210568422||at||
3252971008||3252971263||1210568422||at||
3252971264||3252971519||1210568422||at||
3252971520||3252972543||1210568422||at||
3252972544||3252973567||1210568422||at||
3252973568||3252976383||1210568422||at||
3252976384||3252976639||1210568422||at||
3252976640||3252980735||1210568422||at||
3252985856||3252988415||1210568422||at||
3252988416||3252988927||1210568422||at||
3252988928||3252989183||1210568422||at||
3252989184||3252989439||1210568422||at||
3252989696||3252989951||1210568422||at||
3252989952||3252991231||1210568422||at||
3252991232||3252991487||1210568422||at||
3252991488||3252991999||1210568422||at||
3252992000||3252992255||1210568422||at||
3252992256||3252992767||1210568422||at||
3252992768||3252993023||1210568422||at||
3252993024||3252993279||1210568422||at||
3252993280||3252994047||1210568422||at||
3252994048||3252994303||1210568422||at||
3252994304||3252994559||1210568422||at||
3252994560||3252995071||1210568422||at||
3252995072||3252995327||1210568422||at||
3252995328||3252995839||1210568422||at||
3252995840||3252996095||1210568422||at||
3252996096||3252996863||1210568422||at||
3252996864||3252997119||1210568422||at||
3252997120||3252997887||1210568422||at||
3252997888||3252998143||1210568422||at||
3252998144||3253002239||1210568422||at||
3253002240||3253002751||1210568422||at||
3253002752||3253003007||1210568422||at||
3253003008||3253003263||1210568422||at||
3253003264||3253004031||1210568422||at||
3253004032||3253004287||1210568422||at||
3253004288||3253004799||1210568422||at||
3253005056||3253006335||1210568422||at||
3253006336||3253010431||1210568422||at||
3253640192||3253641215||1210568422||at||
3253676032||3253677055||1210568422||at||
3253713920||3253714431||1210568422||at||
3253723648||3253724159||1210568422||at||
3253729280||3253729791||1210568422||at||
3253892608||3253892863||1210568422||at||
3253969408||3253969919||1210568422||at||
3254649088||3254649343||1210568422||at||
3254798336||3254799359||1210568422||at||
3254836736||3254836991||1210568422||at||
3254898176||3254898431||1210568422||at||
3255237120||3255237375||1210568422||at||
3255319808||3255320063||1210568422||at||
3255336960||3255345151||1210568422||at||
3255384576||3255385087||1210568422||at||
3255391744||3255392255||1210568422||at||
3255415808||3255416319||1210568422||at||
3255544576||3255544831||1210568422||at||
3256794880||3256795135||1210568422||at||
3257204736||3257204991||1210568422||at||
3257204992||3257205247||1210568422||at||
3257205248||3257205759||1210568422||at||
3257205760||3257219071||1210568422||at||
3257219072||3257222143||1210568422||at||
3257222144||3257223167||1210568422||at||
3257223168||3257225215||1210568422||at||
3257225216||3257226239||1210568422||at||
3257226240||3257226495||1210568422||at||
3257226496||3257226751||1210568422||at||
3257226752||3257227007||1210568422||at||
3257227008||3257227263||1210568422||at||
3257227264||3257231359||1210568422||at||
3257231360||3257264127||1210568422||at||
3257264128||3257266175||1210568422||at||
3257266176||3257268223||1210568422||at||
3257268736||3257268991||1210568422||at||
3257268992||3257269247||1210568422||at||
3257269504||3257269759||1210568422||at||
3257269760||3257270015||1210568422||at||
3257925632||3257925887||1210568422||at||
3257926144||3257926399||1210568422||at||
3257926400||3257926655||1210568422||at||
3257926656||3257943039||1210568422||at||
3257943040||3257947135||1210568422||at||
3257947136||3257948159||1210568422||at||
3257948160||3257949183||1210568422||at||
3257949184||3257953279||1210568422||at||
3257953280||3257957375||1210568422||at||
3257957376||3257961471||1210568422||at||
3257961472||3257965567||1210568422||at||
3257965568||3257967615||1210568422||at||
3257967616||3257969663||1210568422||at||
3257969664||3257969919||1210568422||at||
3257969920||3257970175||1210568422||at||
3257970176||3257970431||1210568422||at||
3257970688||3257972735||1210568422||at||
3257972736||3257973759||1210568422||at||
3257973760||3257974015||1210568422||at||
3257974016||3257974271||1210568422||at||
3257974272||3257974527||1210568422||at||
3257974528||3257974783||1210568422||at||
3257974784||3257975039||1210568422||at||
3257975040||3257975295||1210568422||at||
3257975296||3257975807||1210568422||at||
3257975808||3257976319||1210568422||at||
3257976320||3257976575||1210568422||at||
3257976576||3257976831||1210568422||at||
3257976832||3257977855||1210568422||at||
3257981952||3257986047||1210568422||at||
3257986048||3257987071||1210568422||at||
3257987072||3257987327||1210568422||at||
3257987584||3257987839||1210568422||at||
3257987840||3257988095||1210568422||at||
3257988096||3257989119||1210568422||at||
3257989120||3257990655||1210568422||at||
3257990656||3257990911||1210568422||at||
3257990912||3257991167||1210568422||at||
3258084608||3258084863||1210568422||at||
3258086144||3258086399||1210568422||at||
3258100992||3258101247||1210568422||at||
3258121472||3258121727||1210568422||at||
3258691840||3258692095||1210568422||at||
3258692096||3258692351||1210568422||at||
3260549120||3260549375||1210568422||at||
3260602368||3260602879||1210568422||at||
3261071360||3261079551||1210568422||at||
3261079552||3261087743||1210568422||at||
3261087744||3261104127||1210568422||at||
3261104128||3261136895||1210568422||at||
3261784064||3261792255||1210568422||at||
3261792256||3261796351||1210568422||at||
3261797376||3261797631||1210568422||at||
3261798400||3261802495||1210568422||at||
3261802496||3261804543||1210568422||at||
3261804544||3261805567||1210568422||at||
3261805568||3261806591||1210568422||at||
3261806592||3261807615||1210568422||at||
3261807616||3261810175||1210568422||at||
3261810176||3261812735||1210568422||at||
3261812992||3261813247||1210568422||at||
3261813248||3261813759||1210568422||at||
3261813760||3261815807||1210568422||at||
3261815808||3261816063||1210568422||at||
3261816064||3261816575||1210568422||at||
3261816576||3261816831||1210568422||at||
3261816832||3261820927||1210568422||at||
3261821184||3261821439||1210568422||at||
3261825024||3261825279||1210568422||at||
3261825280||3261825535||1210568422||at||
3261825536||3261827071||1210568422||at||
3261827072||3261828095||1210568422||at||
3261828096||3261829375||1210568422||at||
3261829376||3261829631||1210568422||at||
3261829632||3261830143||1210568422||at||
3261830144||3261831167||1210568422||at||
3261831168||3261833215||1210568422||at||
3261833216||3261833727||1210568422||at||
3261833728||3261834239||1210568422||at||
3261834240||3261834751||1210568422||at||
3261834752||3261835007||1210568422||at||
3261835008||3261835263||1210568422||at||
3261835264||3261837311||1210568422||at||
3261837312||3261839359||1210568422||at||
3261839360||3261841407||1210568422||at||
3261841408||3261843455||1210568422||at||
3261843456||3261843711||1210568422||at||
3261843712||3261844479||1210568422||at||
3261844480||3261844735||1210568422||at||
3261844736||3261844991||1210568422||at||
3261844992||3261845247||1210568422||at||
3261845248||3261845503||1210568422||at||
3261845504||3261849599||1210568422||at||
3261849600||3261850879||1210568422||at||
3261850880||3261851391||1210568422||at||
3261851392||3261851647||1210568422||at||
3261851648||3261855743||1210568422||at||
3261855744||3261857791||1210568422||at||
3262007040||3262007295||1210568422||at||
3262008832||3262009087||1210568422||at||
3262152704||3262160895||1210568422||at||
3262160896||3262169087||1210568422||at||
3262169088||3262185471||1210568422||at||
3262224896||3262225151||1210568422||at||
3262422528||3262423039||1210568422||at||
3262439424||3262439935||1210568422||at||
3262444032||3262444543||1210568422||at||
3262513152||3262521343||1210568422||at||
3262521344||3262529535||1210568422||at||
3262529536||3262545919||1210568422||at||
3262545920||3262578687||1210568422||at||
3263100928||3263101183||1210568422||at||
3264012288||3264012543||1210568422||at||
3264019968||3264020223||1210568422||at||
3264327680||3264328703||1210568422||at||
3264765952||3264774143||1210568422||at||
3264782336||3264790527||1210568422||at||
3264830720||3264830975||1210568422||at||
3264832000||3264832255||1210568422||at||
3264835328||3264835583||1210568422||at||
3264837632||3264839679||1210568422||at||
3264862464||3264862719||1210568422||at||
3264863232||3264864255||1210568422||at||
3265167360||3265175551||1210568422||at||
3265606656||3265606911||1210568422||at||
3265658880||3265724415||1210568422||at||
3265906688||3265906943||1210568422||at||
3265918464||3265918719||1210568422||at||
3266412544||3266420735||1210568422||at||
3266805760||3266813951||1210568422||at||
3267058688||3267059711||1210568422||at||
3267080192||3267081215||1210568422||at||
3268411392||3268419583||1210568422||at||
3268419584||3268427775||1210568422||at||
3268427776||3268444159||1210568422||at||
3268444160||3268476927||1210568422||at||
3268741888||3268742143||1210568422||at||
3269984256||3270049791||1210568422||at||
3270648576||3270648831||1210568422||at||
3270649088||3270649343||1210568422||at||
3270650112||3270650367||1210568422||at||
3271770112||3271786495||1210568422||at||
3272110592||3272110847||1210568422||at||
3272113920||3272114175||1210568422||at||
3272135680||3272136191||1210568422||at||
3272265216||3272265471||1210568422||at||
3272392704||3272400895||1210568422||at||
3272663040||3272671231||1210568422||at||
3273310208||3273318399||1210568422||at||
3273440768||3273441279||1210568422||at||
3273818112||3273826303||1210568422||at||
3273841664||3273842687||1210568422||at||
3273877536||3273877567||1210568422||at||
3274164224||3274164735||1210568422||at||
3274336768||3274337279||1210568422||at||
3274368512||3274368767||1210568422||at||
3275137024||3275145215||1210568422||at||
3275399168||3275407359||1210568422||at||
3275512896||3275512959||1210568422||at||
3275530752||3275531263||1210568422||at||
3275627008||3275627519||1210568422||at||
3275751424||3275759615||1210568422||at||
3275788800||3275789311||1210568422||at||
3275905792||3275906047||1210568422||at||
3275906048||3275906303||1210568422||at||
3276067840||3276068351||1210568422||at||
3276105728||3276106751||1210568422||at||
3276123136||3276124159||1210568422||at||
3276125184||3276126207||1210568422||at||
3276128256||3276129279||1210568422||at||
3276169216||3276177407||1210568422||at||
3276201984||3276210175||1210568422||at||
3276309504||3276310527||1210568422||at||
3276680704||3276681215||1210568422||at||
3276682240||3276682751||1210568422||at||
3276859904||3276860159||1210568422||at||
3276988416||3276996607||1210568422||at||
3277689344||3277689855||1210568422||at||
3277696512||3277697023||1210568422||at||
3277701632||3277702143||1210568422||at||
3277708288||3277708799||1210568422||at||
3277824256||3277824511||1210568422||at||
3277824768||3277825023||1210568422||at||
3277848576||3277856767||1210568422||at||
3278815232||3278823423||1210568422||at||
3279972352||3279974399||1210568422||at||
3279989248||3279989759||1210568422||at||
3280596480||3280596991||1210568422||at||
3280766976||3280767999||1210568422||at||
3280786432||3280787455||1210568422||at||
3281341184||3281341439||1210568422||at||
3281351424||3281351679||1210568422||at||
3281371136||3281373183||1210568422||at||
3281377280||3281379327||1210568422||at||
3282714624||3282722815||1210568422||at||
3282740480||3282740735||1210568422||at||
3283207680||3283208191||1210568422||at||
3283220992||3283221503||1210568422||at||
3283486208||3283486463||1210568422||at||
3283491328||3283491583||1210568422||at||
3283492096||3283492351||1210568422||at||
3283944448||3283945471||1210568422||at||
3283994112||3283994623||1210568422||at||
3284013056||3284013311||1210568422||at||
3284042496||3284042751||1210568422||at||
3284045568||3284045823||1210568422||at||
3284714752||3284715007||1210568422||at||
3284828160||3284836351||1210568422||at||
3284836352||3284844543||1210568422||at||
3285332480||3285332991||1210568422||at||
3286136832||3286137855||1210568422||at||
3286363136||3286364159||1210568422||at||
3286638592||3286646783||1210568422||at||
3286671360||3286679551||1210568422||at||
3286903808||3286904063||1210568422||at||
3286907392||3286907647||1210568422||at||
3286918144||3286919167||1210568422||at||
3286931200||3286931455||1210568422||at||
3287218944||3287219199||1210568422||at||
3287480320||3287481343||1210568422||at||
3287630336||3287630847||1210568422||at||
3287636992||3287637503||1210568422||at||
3287818240||3287826431||1210568422||at||
3287828736||3287828991||1210568422||at||
3287831808||3287832063||1210568422||at||
3287949312||3287949567||1210568422||at||
3345442816||3345443327||1210568422||at||
3557253120||3557261311||1210568422||at||
3557392384||3557400575||1210568422||at||
3557826560||3557834751||1210568422||at||
3557900288||3557916671||1210568422||at||
3558367232||3558375423||1210568422||at||
3558555648||3558563839||1210568422||at||
3558563840||3558572031||1210568422||at||
3558817792||3558825983||1210568422||at||
3558940672||3558948863||1210568422||at||
3559374848||3559383039||1210568422||at||
3559514112||3559522303||1210568422||at||
3560169472||3560177663||1210568422||at||
3560226816||3560235007||1210568422||at||
3560742912||3560751103||1210568422||at||
3561218048||3561226239||1210568422||at||
3561381888||3561390079||1210568422||at||
3562536960||3562545151||1210568422||at||
3562577920||3562586111||1210568422||at||
3562995712||3563003903||1210568422||at||
3563855872||3563864063||1210568422||at||
3564929024||3564937215||1210568422||at||
3565043712||3565051903||1210568422||at||
3566764032||3566780415||1210568422||at||
3566780416||3566788607||1210568422||at||
3566788608||3566796799||1210568422||at||
3567673344||3567681535||1210568422||at||
3568762880||3568779263||1210568422||at||
3568779264||3568795647||1210568422||at||
3568959488||3569025023||1210568422||at||
3569713152||3569721343||1210568422||at||
3569721344||3569729535||1210568422||at||
3572236288||3572301823||1210568422||at||
3572580352||3572596735||1210568422||at||
3575709696||3575742463||1210568422||at||
3576627200||3576692735||1210568422||at||
3579445248||3579478015||1210568422||at||
3579723776||3579740159||1210568422||at||
3582058496||3582066687||1210568422||at||
3582861312||3582869503||1210568422||at||
3582877696||3582885887||1210568422||at||
3582943232||3582951423||1210568422||at||
3583107072||3583115263||1210568422||at||
3583221760||3583229951||1210568422||at||
3583377408||3583385599||1210568422||at||
3583434752||3583442943||1210568422||at||
3583582208||3583590399||1210568422||at||
3583868928||3583877119||1210568422||at||
3584180224||3584188415||1210568422||at||
3584286720||3584294911||1210568422||at||
3584901120||3584909311||1210568422||at||
3585007616||3585015807||1210568422||at||
3585048576||3585056767||1210568422||at||
3585138688||3585146879||1210568422||at||
3585531904||3585540095||1210568422||at||
3587178496||3587186687||1210568422||at||
3587211264||3587219455||1210568422||at||
3588292608||3588308991||1210568422||at||
3588464640||3588472831||1210568422||at||
3588554752||3588562943||1210568422||at||
3588562944||3588571135||1210568422||at||
3588997120||3589013503||1210568422||at||
3589292032||3589308415||1210568422||at||
3641552896||3641556991||1210568422||at||
3641630720||3641634815||1210568422||at||
3641638912||3641643007||1210568422||at||
3641733120||3641737215||1210568422||at||
3641909248||3641913343||1210568422||at||
3642322944||3642327039||1210568422||at||
3642593280||3642597375||1210568422||at||
3645616128||3645620223||1210568422||at||
3645677568||3645681663||1210568422||at||
3648086016||3648090111||1210568422||at||
3648274432||3648278527||1210568422||at||
3648303104||3648307199||1210568422||at||
3650461696||3650465791||1210568422||at||
3650478080||3650482175||1210568422||at||
3652173824||3652177919||1210568422||at||
3653517312||3653521407||1210568422||at||
3653521408||3653525503||1210568422||at||
3653537792||3653541887||1210568422||at||
3653718016||3653722111||1210568422||at||
