--||--||--||az||Azerbaijan
1054138368||1054146559||1210568422||az||
1054441472||1054449663||1210568422||az||
1307865088||1307869183||1210568422||az||
1315909632||1315913727||1210568422||az||
1346711552||1346715647||1210568422||az||
1360089088||1360093183||1210568422||az||
1360351232||1360355327||1210568422||az||
1360957440||1360961535||1210568422||az||
1388445696||1388453887||1210568422||az||
1434714112||1434746879||1210568422||az||
1436454912||1436456959||1210568422||az||
1502855168||1502871551||1210568422||az||
1535635456||1535639551||1210568422||az||
1539293184||1539297279||1210568422||az||
1546080256||1546084351||1210568422||az||
1566068736||1566072831||1210568422||az||
3559882752||3559890943||1210568422||az||
3584835584||3584843775||1210568422||az||
3641597952||3641602047||1210568422||az||
3642298368||3642302463||1210568422||az||
3644854272||3644858367||1210568422||az||
3651710976||3651715071||1210568422||az||
