--||--||--||bh||Bahrain
1053884416||1053892607||1210568422||bh||
1296400384||1296433151||1210568422||bh||
1297915904||1297924095||1210568422||bh||
1331910656||1331912703||1210568422||bh||
1334751232||1334755327||1210568422||bh||
1336668160||1336670207||1210568422||bh||
1348005888||1348009983||1210568422||bh||
1348456448||1348460543||1210568422||bh||
1358008320||1358012415||1210568422||bh||
1358630912||1358635007||1210568422||bh||
1360400384||1360404479||1210568422||bh||
1365164032||1365168127||1210568422||bh||
1388453888||1388462079||1210568422||bh||
1401436160||1401438207||1210568422||bh||
1426030592||1426046975||1210568422||bh||
1436450816||1436452863||1210568422||bh||
1475096576||1475098623||1210568422||bh||
1475119104||1475121151||1210568422||bh||
1475198976||1475201023||1210568422||bh||
1476157440||1476165631||1210568422||bh||
1486348288||1486350335||1210568422||bh||
1489567744||1489600511||1210568422||bh||
1495046144||1495048191||1210568422||bh||
1495252992||1495255039||1210568422||bh||
1502871552||1502887935||1210568422||bh||
1505656832||1505665023||1210568422||bh||
1546328064||1546330111||1210568422||bh||
1566513152||1566515199||1210568422||bh||
1572651008||1572653055||1210568422||bh||
3250348032||3250356223||1210568422||bh||
3276966400||3276966911||1210568422||bh||
3641827328||3641831423||1210568422||bh||
3641831424||3641835519||1210568422||bh||
