--||--||--||bd||Bangladesh
977395712||977397759||1210568422||bd||
982626304||982628351||1210568422||bd||
982628352||982630399||1210568422||bd||
982755328||982757375||1210568422||bd||
982757376||982759423||1210568422||bd||
999817216||999849983||1210568422||bd||
1914634240||1914642431||1210568422||bd||
1946951680||1946953727||1210568422||bd||
1950662656||1950666751||1210568422||bd||
1958848512||1958850559||1210568422||bd||
1960077312||1960079359||1210568422||bd||
1960097792||1960099839||1210568422||bd||
1964171264||1964173311||1210568422||bd||
1966796800||1966798847||1210568422||bd||
1969704960||1969707007||1210568422||bd||
1991442432||1991475199||1210568422||bd||
1991475200||1991491583||1210568422||bd||
1991491584||1991499775||1210568422||bd||
1997510656||1997512703||1210568422||bd||
1997705216||1997707263||1210568422||bd||
1998462976||1998467071||1210568422||bd||
1999130624||1999134719||1210568422||bd||
2001915904||2001919999||1210568422||bd||
2006188032||2006204415||1210568422||bd||
2016542720||2016550911||1210568422||bd||
2016587776||2016589823||1210568422||bd||
2030045184||2030047231||1210568422||bd||
2043199488||2043201535||1210568422||bd||
2053332992||2053335039||1210568422||bd||
2053513216||2053515263||1210568422||bd||
2053519360||2053521407||1210568422||bd||
2056259584||2056261631||1210568422||bd||
2056794112||2056796159||1210568422||bd||
2059937792||2059939839||1210568422||bd||
2063073280||2063077375||1210568422||bd||
2063081472||2063085567||1210568422||bd||
2063548416||2063550463||1210568422||bd||
2066808832||2066825215||1210568422||bd||
2070736896||2070738943||1210568422||bd||
2072516608||2072518655||1210568422||bd||
2076704768||2076712959||1210568422||bd||
2080825344||2080829439||1210568422||bd||
2087456768||2087458815||1210568422||bd||
2087522304||2087524351||1210568422||bd||
3389284352||3389292543||1210568422||bd||
3389333504||3389341695||1210568422||bd||
3389435904||3389439999||1210568422||bd||
3390488576||3390492671||1210568422||bd||
3391664128||3391668223||1210568422||bd||
3391907840||3391909887||1210568422||bd||
3392385024||3392389119||1210568422||bd||
3392512000||3392516095||1210568422||bd||
3392668672||3392669695||1210568422||bd||
3392897024||3392901119||1210568422||bd||
3392917504||3392921599||1210568422||bd||
3393260032||3393260543||1210568422||bd||
3393300480||3393302527||1210568422||bd||
3393726464||3393728511||1210568422||bd||
3393775616||3393777663||1210568422||bd||
3393782784||3393783807||1210568422||bd||
3393908736||3393910783||1210568422||bd||
3394179072||3394181119||1210568422||bd||
3394510848||3394514943||1210568422||bd||
3394519040||3394521087||1210568422||bd||
3394689024||3394691071||1210568422||bd||
3395039232||3395043327||1210568422||bd||
3397023744||3397025791||1210568422||bd||
3397206016||3397210111||1210568422||bd||
3397285888||3397287935||1210568422||bd||
3397781504||3397783551||1210568422||bd||
3398711296||3398713343||1210568422||bd||
3399593984||3399598079||1210568422||bd||
3399798784||3399800831||1210568422||bd||
3400065024||3400069119||1210568422||bd||
3400069120||3400071167||1210568422||bd||
3400071168||3400072191||1210568422||bd||
3400072192||3400072703||1210568422||bd||
3400072704||3400073215||1210568422||bd||
3401545728||3401547775||1210568422||bd||
3410780160||3410784255||1210568422||bd||
3410784256||3410788351||1210568422||bd||
3410792448||3410796543||1210568422||bd||
3411197952||3411198463||1210568422||bd||
3411198464||3411198975||1210568422||bd||
3411198976||3411199999||1210568422||bd||
3411200000||3411202047||1210568422||bd||
3411255296||3411259391||1210568422||bd||
3411259392||3411263487||1210568422||bd||
3411566592||3411570687||1210568422||bd||
3413133312||3413135359||1210568422||bd||
3413164032||3413168127||1210568422||bd||
3413168128||3413172223||1210568422||bd||
3416856576||3416858623||1210568422||bd||
3418136576||3418144767||1210568422||bd||
3418157056||3418159103||1210568422||bd||
3418159104||3418160127||1210568422||bd||
3418160128||3418161151||1210568422||bd||
3418161152||3418161663||1210568422||bd||
3418218496||3418222591||1210568422||bd||
3418222592||3418224639||1210568422||bd||
3418224640||3418225663||1210568422||bd||
3418225664||3418226687||1210568422||bd||
3418226688||3418227711||1210568422||bd||
3418228736||3418230783||1210568422||bd||
3418234880||3418235903||1210568422||bd||
3418291712||3418292223||1210568422||bd||
3418292224||3418292735||1210568422||bd||
3418300416||3418300927||1210568422||bd||
3418324992||3418326015||1210568422||bd||
3419074560||3419078655||1210568422||bd||
3420393472||3420395519||1210568422||bd||
3523342336||3523346431||1210568422||bd||
3523493888||3523497983||1210568422||bd||
3526922240||3526924287||1210568422||bd||
3669618688||3669620735||1210568422||bd||
3707215872||3707217919||1210568422||bd||
3715653632||3715655679||1210568422||bd||
