--||--||--||by||Belarus
1296703488||1296705535||1210568422||by||
1331834880||1331836927||1210568422||by||
1336567808||1336569855||1210568422||by||
1348378624||1348382719||1210568422||by||
1348395008||1348399103||1210568422||by||
1360601088||1360605183||1210568422||by||
1360941056||1360945151||1210568422||by||
1389477888||1389494271||1210568422||by||
1446608896||1446641663||1210568422||by||
1476190208||1476198399||1210568422||by||
1536524288||1536540671||1210568422||by||
1538981888||1538990079||1210568422||by||
1565786112||1565917183||1210568422||by||
1568473088||1568505855||1210568422||by||
3239161088||3239161343||1210568422||by||
3265183744||3265191935||1210568422||by||
3274833920||3274842111||1210568422||by||
3277838848||3277839359||1210568422||by||
3280581632||3280581887||1210568422||by||
3286122496||3286130687||1210568422||by||
3563233280||3563241471||1210568422||by||
3585662976||3585671167||1210568422||by||
3642040320||3642044415||1210568422||by||
3642044416||3642048511||1210568422||by||
3642191872||3642195967||1210568422||by||
