--||--||--||be||Belgium
1040482304||1040490495||1210568422||be||
1040490496||1040498687||1210568422||be||
1040498688||1040515071||1210568422||be||
1045954560||1045987327||1210568422||be||
1047527424||1047535615||1210568422||be||
1052129280||1052131327||1210568422||be||
1053114368||1053130751||1210568422||be||
1053638656||1053655039||1210568422||be||
1054195712||1054212095||1210568422||be||
1055457280||1055465471||1210568422||be||
1055588352||1055653887||1210568422||be||
1296623616||1296625663||1210568422||be||
1296654336||1296656383||1210568422||be||
1296674816||1296676863||1210568422||be||
1296717824||1296719871||1210568422||be||
1297557504||1297559551||1210568422||be||
1299005440||1299021823||1210568422||be||
1307660288||1307664383||1210568422||be||
1309933568||1310195711||1210568422||be||
1310203904||1310205951||1210568422||be||
1310226432||1310228479||1210568422||be||
1310238720||1310240767||1210568422||be||
1310572544||1310588927||1210568422||be||
1311268864||1311270911||1210568422||be||
1311326208||1311328255||1210568422||be||
1315880960||1315885055||1210568422||be||
1317076992||1317109759||1210568422||be||
1331918848||1331920895||1210568422||be||
1331939328||1331941375||1210568422||be||
1336555520||1336557567||1210568422||be||
1336623104||1336625151||1210568422||be||
1346469888||1346473983||1210568422||be||
1346535424||1346539519||1210568422||be||
1347952640||1347956735||1210568422||be||
1348177920||1348182015||1210568422||be||
1355284480||1355415551||1210568422||be||
1357676544||1357709311||1210568422||be||
1358090240||1358094335||1210568422||be||
1359708160||1359740927||1210568422||be||
1364328448||1364459519||1210568422||be||
1365209088||1365213183||1210568422||be||
1369702400||1369833471||1210568422||be||
1370030080||1370062847||1210568422||be||
1371275264||1371340799||1210568422||be||
1372147712||1372151807||1210568422||be||
1374683136||1374945279||1210568422||be||
1374945280||1375207423||1210568422||be||
1385119744||1385136127||1210568422||be||
1385324544||1385332735||1210568422||be||
1389658112||1389674495||1210568422||be||
1399128064||1399160831||1210568422||be||
1401290752||1401356287||1210568422||be||
1401923584||1401925631||1210568422||be||
1401942016||1401944063||1210568422||be||
1406746624||1406754815||1210568422||be||
1406763008||1406771199||1210568422||be||
1410433024||1410441215||1210568422||be||
1421869056||1422393343||1210568422||be||
1425463296||1425465343||1210568422||be||
1426735104||1426751487||1210568422||be||
1427767296||1427800063||1210568422||be||
1427832832||1427865599||1210568422||be||
1427914752||1427931135||1210568422||be||
1431838720||1431846911||1210568422||be||
1432068096||1432076287||1210568422||be||
1433849856||1433851903||1210568422||be||
1433909248||1433911295||1210568422||be||
1433917440||1433919487||1210568422||be||
1433923584||1433925631||1210568422||be||
1436444672||1436446719||1210568422||be||
1436471296||1436473343||1210568422||be||
1439236096||1439301631||1210568422||be||
1442824192||1442828287||1210568422||be||
1445396480||1445462015||1210568422||be||
1463812096||1464074239||1210568422||be||
1475129344||1475131391||1210568422||be||
1475139584||1475141631||1210568422||be||
1475151872||1475153919||1210568422||be||
1475256320||1475258367||1210568422||be||
1475272704||1475274751||1210568422||be||
1475641344||1475657727||1210568422||be||
1481777152||1481785343||1210568422||be||
1486028800||1486061567||1210568422||be||
1486352384||1486354431||1210568422||be||
1489338368||1489371135||1210568422||be||
1495259136||1495261183||1210568422||be||
1500180480||1500182527||1210568422||be||
1532362752||1532493823||1210568422||be||
1538260992||1538785279||1210568422||be||
1538883584||1538891775||1210568422||be||
1539231744||1539233791||1210568422||be||
1539501056||1539501567||1210568422||be||
1539664896||1539665919||1210568422||be||
1539728128||1539728383||1210568422||be||
1539735040||1539735295||1210568422||be||
1539754752||1539755007||1210568422||be||
1539756800||1539757055||1210568422||be||
1539764992||1539765247||1210568422||be||
1539769088||1539769343||1210568422||be||
1539772160||1539772415||1210568422||be||
1539826432||1539826687||1210568422||be||
1546682368||1546698751||1210568422||be||
1566314496||1566316543||1210568422||be||
1566437376||1566439423||1210568422||be||
1566468096||1566470143||1210568422||be||
1566511104||1566513151||1210568422||be||
2251685888||2251751423||1210568422||be||
3225763840||3225764095||1210568422||be||
3239075840||3239076095||1210568422||be||
3239788544||3239789055||1210568422||be||
3239996928||3239997183||1210568422||be||
3240178688||3240179199||1210568422||be||
3240253440||3240254463||1210568422||be||
3240700416||3240700671||1210568422||be||
3240730112||3240730623||1210568422||be||
3240749312||3240749567||1210568422||be||
3241476352||3241476607||1210568422||be||
3241476608||3241476863||1210568422||be||
3241476864||3241477119||1210568422||be||
3241477120||3241477375||1210568422||be||
3241477376||3241477631||1210568422||be||
3241477632||3241477887||1210568422||be||
3241477888||3241478143||1210568422||be||
3241478144||3241478399||1210568422||be||
3241478400||3241478655||1210568422||be||
3241478656||3241478911||1210568422||be||
3241478912||3241479167||1210568422||be||
3241479168||3241479423||1210568422||be||
3241479424||3241479679||1210568422||be||
3241479680||3241479935||1210568422||be||
3241479936||3241480191||1210568422||be||
3241480192||3241481727||1210568422||be||
3241482240||3241484799||1210568422||be||
3241484800||3241485055||1210568422||be||
3241485056||3241485311||1210568422||be||
3241485312||3241485567||1210568422||be||
3241485568||3241485823||1210568422||be||
3241485824||3241486079||1210568422||be||
3241486080||3241486335||1210568422||be||
3241486336||3241486591||1210568422||be||
3241486592||3241487615||1210568422||be||
3241487616||3241487871||1210568422||be||
3241487872||3241488127||1210568422||be||
3241488128||3241488383||1210568422||be||
3241488384||3241492479||1210568422||be||
3241492480||3241496575||1210568422||be||
3241496832||3241497087||1210568422||be||
3241497088||3241497343||1210568422||be||
3241498112||3241498367||1210568422||be||
3241499136||3241499647||1210568422||be||
3241499648||3241499903||1210568422||be||
3241500160||3241500671||1210568422||be||
3241500672||3241501439||1210568422||be||
3241501440||3241501951||1210568422||be||
3241501952||3241502463||1210568422||be||
3241502464||3241502975||1210568422||be||
3241503488||3241503999||1210568422||be||
3241504000||3241505023||1210568422||be||
3241505024||3241508095||1210568422||be||
3241508352||3241508607||1210568422||be||
3241508608||3241508863||1210568422||be||
3241508864||3241517055||1210568422||be||
3241517056||3241519615||1210568422||be||
3241519616||3241527295||1210568422||be||
3241527296||3241538815||1210568422||be||
3241538816||3241539071||1210568422||be||
3241539072||3241539583||1210568422||be||
3241539584||3241539839||1210568422||be||
3241539840||3241540095||1210568422||be||
3241540096||3241540351||1210568422||be||
3241540352||3241540607||1210568422||be||
3241540608||3241540863||1210568422||be||
3241540864||3241541119||1210568422||be||
3241541120||3241541375||1210568422||be||
3241804032||3241804287||1210568422||be||
3241804288||3241804543||1210568422||be||
3241804544||3241804799||1210568422||be||
3241804800||3241805055||1210568422||be||
3241805056||3241805311||1210568422||be||
3241805312||3241805567||1210568422||be||
3241805568||3241805823||1210568422||be||
3241805824||3241807871||1210568422||be||
3241807872||3241812991||1210568422||be||
3241812992||3241814015||1210568422||be||
3241814016||3241814527||1210568422||be||
3241814528||3241815039||1210568422||be||
3241815040||3241816063||1210568422||be||
3241816064||3241820159||1210568422||be||
3241824256||3241826303||1210568422||be||
3241826304||3241827071||1210568422||be||
3241827072||3241827327||1210568422||be||
3241827328||3241828351||1210568422||be||
3241828352||3241834751||1210568422||be||
3241834752||3241836543||1210568422||be||
3241836544||3241837055||1210568422||be||
3241837056||3241837567||1210568422||be||
3241837568||3241838335||1210568422||be||
3241838336||3241838591||1210568422||be||
3241838592||3241840639||1210568422||be||
3241840640||3241841663||1210568422||be||
3241841664||3241842175||1210568422||be||
3241842176||3241842687||1210568422||be||
3241842688||3241843199||1210568422||be||
3241843200||3241843455||1210568422||be||
3241843456||3241843711||1210568422||be||
3241843712||3241844735||1210568422||be||
3241844736||3241845759||1210568422||be||
3241845760||3241846783||1210568422||be||
3241846784||3241847807||1210568422||be||
3241847808||3241848063||1210568422||be||
3242852352||3242917887||1210568422||be||
3242950656||3242983423||1210568422||be||
3243513856||3243514111||1210568422||be||
3243991040||3243999231||1210568422||be||
3245132032||3245132287||1210568422||be||
3245164544||3245165055||1210568422||be||
3245178368||3245178623||1210568422||be||
3245193216||3245195263||1210568422||be||
3245199360||3245199615||1210568422||be||
3245204480||3245204735||1210568422||be||
3245244928||3245245183||1210568422||be||
3245252096||3245252351||1210568422||be||
3245334784||3245335039||1210568422||be||
3245932544||3245940735||1210568422||be||
3245940736||3245948927||1210568422||be||
3245948928||3245965311||1210568422||be||
3245965312||3245998079||1210568422||be||
3247713536||3247713791||1210568422||be||
3248791040||3248791295||1210568422||be||
3249712640||3249712895||1210568422||be||
3249721600||3249721855||1210568422||be||
3249724160||3249724415||1210568422||be||
3250454528||3250520063||1210568422||be||
3250520064||3250585599||1210568422||be||
3251144448||3251144703||1210568422||be||
3251192832||3251193343||1210568422||be||
3251216896||3251217151||1210568422||be||
3251245312||3251245567||1210568422||be||
3252338688||3252340735||1210568422||be||
3252386560||3252386815||1210568422||be||
3252517632||3252517887||1210568422||be||
3252905728||3252905983||1210568422||be||
3252908544||3252908799||1210568422||be||
3253719552||3253720063||1210568422||be||
3253888256||3253888511||1210568422||be||
3253962752||3253963263||1210568422||be||
3253993472||3254124543||1210568422||be||
3254824192||3254824959||1210568422||be||
3254832384||3254832639||1210568422||be||
3254843648||3254843903||1210568422||be||
3255238656||3255304191||1210568422||be||
3255317504||3255317759||1210568422||be||
3255320064||3255320319||1210568422||be||
3258088448||3258088703||1210568422||be||
3258102016||3258102271||1210568422||be||
3258297344||3258297599||1210568422||be||
3258764800||3258765055||1210568422||be||
3259891712||3259957247||1210568422||be||
3260571648||3260579839||1210568422||be||
3262027520||3262027775||1210568422||be||
3262636032||3262644223||1210568422||be||
3264379136||3264379391||1210568422||be||
3266342400||3266342655||1210568422||be||
3266830336||3266838527||1210568422||be||
3271557120||3271589887||1210568422||be||
3272409088||3272417279||1210568422||be||
3272423424||3272423935||1210568422||be||
3272605696||3272613887||1210568422||be||
3273034240||3273034751||1210568422||be||
3273261568||3273262079||1210568422||be||
3273434112||3273434623||1210568422||be||
3273867264||3273867519||1210568422||be||
3275512576||3275512703||1210568422||be||
3276292096||3276300287||1210568422||be||
3276455936||3276464127||1210568422||be||
3277179648||3277179903||1210568422||be||
3277179904||3277180159||1210568422||be||
3277783040||3277815807||1210568422||be||
3277817856||3277818111||1210568422||be||
3277833216||3277833727||1210568422||be||
3279577088||3279585279||1210568422||be||
3279992832||3279993343||1210568422||be||
3280109568||3280117759||1210568422||be||
3280997376||3280997631||1210568422||be||
3281010688||3281018879||1210568422||be||
3282085376||3282085887||1210568422||be||
3282223104||3282231295||1210568422||be||
3283219968||3283220479||1210568422||be||
3283995136||3283995647||1210568422||be||
3284715776||3284716031||1210568422||be||
3285123072||3285188607||1210568422||be||
3286657024||3286657279||1210568422||be||
3286900736||3286900991||1210568422||be||
3286929664||3286929919||1210568422||be||
3286934016||3286934271||1210568422||be||
3286940160||3286940415||1210568422||be||
3287154688||3287162879||1210568422||be||
3287588864||3287597055||1210568422||be||
3287675904||3287676159||1210568422||be||
3287704576||3287705087||1210568422||be||
3301566464||3301568511||1210568422||be||
3345447680||3345448959||1210568422||be||
3427772928||3427773183||1210568422||be||
3427781632||3427781887||1210568422||be||
3437750016||3437750271||1210568422||be||
3560955904||3560964095||1210568422||be||
3561037824||3561046015||1210568422||be||
3561275392||3561283583||1210568422||be||
3561283584||3561291775||1210568422||be||
3561422848||3561431039||1210568422||be||
3561807872||3561816063||1210568422||be||
3561963520||3561971711||1210568422||be||
3562012672||3562020863||1210568422||be||
3562496000||3562504191||1210568422||be||
3562594304||3562602495||1210568422||be||
3563364352||3563372543||1210568422||be||
3563683840||3563692031||1210568422||be||
3564191744||3564199935||1210568422||be||
3564830720||3564838911||1210568422||be||
3567648768||3567665151||1210568422||be||
3569221632||3569287167||1210568422||be||
3571253248||3571286015||1210568422||be||
3571482624||3571515391||1210568422||be||
3572039680||3572047871||1210568422||be||
3572465664||3572498431||1210568422||be||
3576758272||3576823807||1210568422||be||
3581280256||3581411327||1210568422||be||
3582230528||3582238719||1210568422||be||
3585163264||3585171455||1210568422||be||
3585179648||3585187839||1210568422||be||
3585187840||3585196031||1210568422||be||
3585417216||3585425407||1210568422||be||
3585974272||3585982463||1210568422||be||
3586228224||3586244607||1210568422||be||
3587555328||3587571711||1210568422||be||
3587579904||3587588095||1210568422||be||
3587932160||3587948543||1210568422||be||
3588227072||3588235263||1210568422||be||
3588235264||3588243455||1210568422||be||
3588243456||3588259839||1210568422||be||
3588259840||3588292607||1210568422||be||
3590012928||3590029311||1210568422||be||
3641958400||3641962495||1210568422||be||
3642109952||3642114047||1210568422||be||
3642245120||3642249215||1210568422||be||
3642626048||3642630143||1210568422||be||
3644911616||3644915711||1210568422||be||
3644981248||3644985343||1210568422||be||
3645063168||3645067263||1210568422||be||
3645431808||3645435903||1210568422||be||
3645693952||3645698047||1210568422||be||
3648040960||3648045055||1210568422||be||
3648077824||3648081919||1210568422||be||
3648081920||3648086015||1210568422||be||
3648331776||3648335871||1210568422||be||
3648335872||3648339967||1210568422||be||
3649568768||3649634303||1210568422||be||
3650166784||3650170879||1210568422||be||
3650416640||3650420735||1210568422||be||
3651883008||3651887103||1210568422||be||
3652059136||3652063231||1210568422||be||
