--||--||--||bo||Bolivia
2792488960||2792554495||1210568422||bo||
2812084224||2812149759||1210568422||bo||
3188408320||3188412415||1210568422||bo||
3188412416||3188416511||1210568422||bo||
3194437632||3194441727||1210568422||bo||
3196125184||3196157951||1210568422||bo||
3199860736||3199877119||1210568422||bo||
3199877120||3199893503||1210568422||bo||
3237312768||3237313023||1210568422||bo||
3355942912||3355947007||1210568422||bo||
3356075264||3356075519||1210568422||bo||
3356075520||3356076031||1210568422||bo||
3356076032||3356076287||1210568422||bo||
3356334080||3356336127||1210568422||bo||
3359260672||3359264767||1210568422||bo||
3359264768||3359268863||1210568422||bo||
3359285248||3359289343||1210568422||bo||
3359289344||3359293439||1210568422||bo||
3360251904||3360253951||1210568422||bo||
3360399360||3360403455||1210568422||bo||
3361046528||3361050623||1210568422||bo||
3361144832||3361177599||1210568422||bo||
3361177600||3361210367||1210568422||bo||
3362357248||3362365439||1210568422||bo||
3362365440||3362373631||1210568422||bo||
3362373632||3362381823||1210568422||bo||
3362516992||3362519039||1210568422||bo||
3362832384||3362836479||1210568422||bo||
3363291136||3363295231||1210568422||bo||
3363295232||3363299327||1210568422||bo||
3386785792||3386793983||1210568422||bo||
3386793984||3386802175||1210568422||bo||
