--||--||--||ba||Bosnia And Herzegovina
1296752640||1296754687||1210568422||ba||
1296941056||1296957439||1210568422||ba||
1297006592||1297022975||1210568422||ba||
1306329088||1306337279||1210568422||ba||
1307058176||1307066367||1210568422||ba||
1307492352||1307500543||1210568422||ba||
1307508736||1307516927||1210568422||ba||
1307525120||1307533311||1210568422||ba||
1310490624||1310507007||1210568422||ba||
1334706176||1334710271||1210568422||ba||
1334812672||1334816767||1210568422||ba||
1346453504||1346457599||1210568422||ba||
1346457600||1346461695||1210568422||ba||
1346478080||1346482175||1210568422||ba||
1346867200||1346871295||1210568422||ba||
1347198976||1347203071||1210568422||ba||
1347940352||1347944447||1210568422||ba||
1358065664||1358069759||1210568422||ba||
1365065728||1365069823||1210568422||ba||
1365069824||1365073919||1210568422||ba||
1365114880||1365118975||1210568422||ba||
1432150016||1432158207||1210568422||ba||
1432256512||1432264703||1210568422||ba||
1433860096||1433862143||1210568422||ba||
1436426240||1436428287||1210568422||ba||
1436542976||1436545023||1210568422||ba||
1476026368||1476034559||1210568422||ba||
1500495872||1500512255||1210568422||ba||
1502773248||1502789631||1210568422||ba||
1539244032||1539260415||1210568422||ba||
1545895936||1545928703||1210568422||ba||
1559240704||1559248895||1210568422||ba||
1559330816||1559339007||1210568422||ba||
3280084992||3280093183||1210568422||ba||
3286114304||3286122495||1210568422||ba||
3559350272||3559358463||1210568422||ba||
3579527168||3579543551||1210568422||ba||
3586408448||3586424831||1210568422||ba||
3642212352||3642216447||1210568422||ba||
3645321216||3645325311||1210568422||ba||
3645620224||3645624319||1210568422||ba||
3653730304||3653734399||1210568422||ba||
