--||--||--||bg||Bulgaria
1043095552||1043103743||1210568422||bg||
1044987904||1045004287||1210568422||bg||
1051738112||1051746303||1210568422||bg||
1051746304||1051754495||1210568422||bg||
1052143616||1052145663||1210568422||bg||
1053589504||1053597695||1210568422||bg||
1054187520||1054195711||1210568422||bg||
1296433152||1296465919||1210568422||bg||
1296498688||1296531455||1210568422||bg||
1296826368||1296842751||1210568422||bg||
1296859136||1296875519||1210568422||bg||
1296891904||1296908287||1210568422||bg||
1296924672||1296941055||1210568422||bg||
1296957440||1296973823||1210568422||bg||
1296990208||1297006591||1210568422||bg||
1297416192||1297481727||1210568422||bg||
1298130944||1298132991||1210568422||bg||
1307353088||1307361279||1210568422||bg||
1308020736||1308024831||1210568422||bg||
1311279104||1311281151||1210568422||bg||
1314062336||1314127871||1210568422||bg||
1314521088||1314586623||1210568422||bg||
1315762176||1315766271||1210568422||bg||
1317011456||1317044223||1210568422||bg||
1317175296||1317208063||1210568422||bg||
1317928960||1317945343||1210568422||bg||
1318715392||1318723583||1210568422||bg||
1319075840||1319084031||1210568422||bg||
1331953664||1332019199||1210568422||bg||
1334050816||1334059007||1210568422||bg||
1334222848||1334231039||1210568422||bg||
1346912256||1346916351||1210568422||bg||
1346916352||1346920447||1210568422||bg||
1347452928||1347457023||1210568422||bg||
1347457024||1347461119||1210568422||bg||
1348407296||1348411391||1210568422||bg||
1358348288||1358352383||1210568422||bg||
1358770176||1358774271||1210568422||bg||
1369559040||1369563135||1210568422||bg||
1369567232||1369571327||1210568422||bg||
1382367232||1382383615||1210568422||bg||
1382498304||1382514687||1210568422||bg||
1383522304||1383530495||1210568422||bg||
1383546880||1383555071||1210568422||bg||
1384726528||1384742911||1210568422||bg||
1385299968||1385308159||1210568422||bg||
1385398272||1385406463||1210568422||bg||
1388822528||1388830719||1210568422||bg||
1398872064||1398874111||1210568422||bg||
1398882304||1398884351||1210568422||bg||
1401819136||1401821183||1210568422||bg||
1401917440||1401919487||1210568422||bg||
1401925632||1401927679||1210568422||bg||
1401944064||1401946111||1210568422||bg||
1402224640||1402241023||1210568422||bg||
1407098880||1407107071||1210568422||bg||
1407451136||1407483903||1210568422||bg||
1410711552||1410719743||1210568422||bg||
1410727936||1410736127||1210568422||bg||
1411837952||1411842047||1210568422||bg||
1412136960||1412169727||1210568422||bg||
1412857856||1412874239||1210568422||bg||
1422508032||1422512127||1210568422||bg||
1424916480||1424949247||1210568422||bg||
1425178624||1425195007||1210568422||bg||
1425801216||1425817599||1210568422||bg||
1426817024||1426833407||1210568422||bg||
1426980864||1426997247||1210568422||bg||
1432059904||1432068095||1210568422||bg||
1432305664||1432313855||1210568422||bg||
1433812992||1433821183||1210568422||bg||
1433845760||1433847807||1210568422||bg||
1434583040||1434615807||1210568422||bg||
1438318592||1438384127||1210568422||bg||
1438941184||1438957567||1210568422||bg||
1440317440||1440350207||1210568422||bg||
1441759232||1441767423||1210568422||bg||
1442807808||1442811903||1210568422||bg||
1442816000||1442820095||1210568422||bg||
1466007552||1466040319||1210568422||bg||
1467236352||1467252735||1210568422||bg||
1467383808||1467400191||1210568422||bg||
1467432960||1467449343||1210568422||bg||
1467482112||1467613183||1210568422||bg||
1467875328||1467940863||1210568422||bg||
1474527232||1474559999||1210568422||bg||
1475319808||1475321855||1210568422||bg||
1475739648||1475756031||1210568422||bg||
1475868672||1475870719||1210568422||bg||
1476173824||1476182015||1210568422||bg||
1481662464||1481670655||1210568422||bg||
1481670656||1481678847||1210568422||bg||
1482096640||1482104831||1210568422||bg||
1489731584||1489764351||1210568422||bg||
1490403328||1490419711||1210568422||bg||
1494810624||1494843391||1210568422||bg||
1500143616||1500151807||1210568422||bg||
1505411072||1505419263||1210568422||bg||
1505673216||1505681407||1210568422||bg||
1507262464||1507327999||1210568422||bg||
1509736448||1509752831||1210568422||bg||
1509785600||1509801983||1210568422||bg||
1520074752||1520107519||1210568422||bg||
1532755968||1532821503||1210568422||bg||
1535508480||1535574015||1210568422||bg||
1535868928||1535901695||1210568422||bg||
1536458752||1536475135||1210568422||bg||
1539297280||1539301375||1210568422||bg||
1539369984||1539371007||1210568422||bg||
1539415040||1539416063||1210568422||bg||
1539426304||1539427327||1210568422||bg||
1539512320||1539512831||1210568422||bg||
1539588096||1539589119||1210568422||bg||
1539603456||1539604479||1210568422||bg||
1539629056||1539630079||1210568422||bg||
1539733248||1539733503||1210568422||bg||
1539736576||1539736831||1210568422||bg||
1539761152||1539761407||1210568422||bg||
1539777536||1539777791||1210568422||bg||
1539801088||1539801343||1210568422||bg||
1539806720||1539806975||1210568422||bg||
1539828992||1539829247||1210568422||bg||
1539831552||1539831807||1210568422||bg||
1539943424||1539944447||1210568422||bg||
1547628544||1547632639||1210568422||bg||
1559691264||1559756799||1210568422||bg||
1566377984||1566380031||1210568422||bg||
1566476288||1566478335||1210568422||bg||
1568342016||1568374783||1210568422||bg||
1570275328||1570308095||1210568422||bg||
1572093952||1572110335||1210568422||bg||
1572691968||1572694015||1210568422||bg||
3239077376||3239077631||1210568422||bg||
3239091456||3239091711||1210568422||bg||
3239114240||3239114495||1210568422||bg||
3239175424||3239175679||1210568422||bg||
3239291904||3239292927||1210568422||bg||
3239470848||3239471103||1210568422||bg||
3239507968||3239508223||1210568422||bg||
3239523328||3239523583||1210568422||bg||
3239636992||3239638015||1210568422||bg||
3239682560||3239683071||1210568422||bg||
3239710208||3239710463||1210568422||bg||
3239761920||3239762175||1210568422||bg||
3239901696||3239901951||1210568422||bg||
3239917312||3239917567||1210568422||bg||
3240027136||3240028159||1210568422||bg||
3240488448||3240488703||1210568422||bg||
3240706048||3240707071||1210568422||bg||
3240736256||3240736767||1210568422||bg||
3240737792||3240738815||1210568422||bg||
3240742400||3240742655||1210568422||bg||
3240827392||3240827647||1210568422||bg||
3241101824||3241102079||1210568422||bg||
3243529728||3243529983||1210568422||bg||
3244103680||3244104703||1210568422||bg||
3245086720||3245086975||1210568422||bg||
3245088768||3245089279||1210568422||bg||
3245159936||3245160447||1210568422||bg||
3245232640||3245232895||1210568422||bg||
3245245440||3245245695||1210568422||bg||
3245252352||3245252607||1210568422||bg||
3245266944||3245268991||1210568422||bg||
3245299968||3245300223||1210568422||bg||
3245326848||3245327359||1210568422||bg||
3247063808||3247064063||1210568422||bg||
3247308800||3247309055||1210568422||bg||
3247903744||3247904767||1210568422||bg||
3247919104||3247920127||1210568422||bg||
3249707008||3249707519||1210568422||bg||
3249710592||3249710847||1210568422||bg||
3249724928||3249725183||1210568422||bg||
3250597888||3250598399||1210568422||bg||
3250599936||3250600447||1210568422||bg||
3250692608||3250693119||1210568422||bg||
3250693120||3250693375||1210568422||bg||
3250697728||3250697983||1210568422||bg||
3250752512||3250753023||1210568422||bg||
3250756608||3250756863||1210568422||bg||
3251110144||3251110655||1210568422||bg||
3251111936||3251112191||1210568422||bg||
3251112960||3251113215||1210568422||bg||
3251113472||3251113983||1210568422||bg||
3251113984||3251114495||1210568422||bg||
3251116032||3251116287||1210568422||bg||
3251117056||3251117311||1210568422||bg||
3251204608||3251205119||1210568422||bg||
3251219456||3251219711||1210568422||bg||
3251236864||3251237887||1210568422||bg||
3252983808||3252984063||1210568422||bg||
3254656256||3254656511||1210568422||bg||
3254840064||3254840319||1210568422||bg||
3255317760||3255318015||1210568422||bg||
3255319552||3255319807||1210568422||bg||
3255371264||3255371775||1210568422||bg||
3255623680||3255631871||1210568422||bg||
3257011200||3257011455||1210568422||bg||
3257181952||3257182207||1210568422||bg||
3257978368||3257978623||1210568422||bg||
3258075392||3258075647||1210568422||bg||
3258076160||3258076415||1210568422||bg||
3258087936||3258088191||1210568422||bg||
3258354688||3258355711||1210568422||bg||
3258943488||3258944511||1210568422||bg||
3259960320||3259961343||1210568422||bg||
3260605440||3260605951||1210568422||bg||
3260611072||3260611583||1210568422||bg||
3262041344||3262041599||1210568422||bg||
3264020480||3264028671||1210568422||bg||
3264028672||3264036863||1210568422||bg||
3264036864||3264053247||1210568422||bg||
3264053248||3264086015||1210568422||bg||
3264298752||3264299007||1210568422||bg||
3264323584||3264324607||1210568422||bg||
3264407552||3264408575||1210568422||bg||
3264640000||3264641023||1210568422||bg||
3264656384||3264656895||1210568422||bg||
3264837120||3264837375||1210568422||bg||
3264844032||3264844287||1210568422||bg||
3265914624||3265914879||1210568422||bg||
3267068928||3267069951||1210568422||bg||
3270929920||3270930431||1210568422||bg||
3272138240||3272138751||1210568422||bg||
3272261888||3272262143||1210568422||bg||
3272872960||3272873983||1210568422||bg||
3272873984||3272875007||1210568422||bg||
3273036288||3273036799||1210568422||bg||
3273138176||3273146367||1210568422||bg||
3273152512||3273154559||1210568422||bg||
3273393664||3273394175||1210568422||bg||
3273809920||3273818111||1210568422||bg||
3274163712||3274164223||1210568422||bg||
3274167296||3274167807||1210568422||bg||
3274345984||3274346495||1210568422||bg||
3274686720||3274686975||1210568422||bg||
3275625984||3275626495||1210568422||bg||
3275792384||3275792895||1210568422||bg||
3275914496||3275914751||1210568422||bg||
3276064768||3276065279||1210568422||bg||
3276068352||3276068863||1210568422||bg||
3276106752||3276107775||1210568422||bg||
3276109824||3276110847||1210568422||bg||
3276121088||3276122111||1210568422||bg||
3276304384||3276304639||1210568422||bg||
3276428544||3276428799||1210568422||bg||
3277182720||3277182975||1210568422||bg||
3277905920||3277914111||1210568422||bg||
3278772224||3278772735||1210568422||bg||
3279056896||3279057407||1210568422||bg||
3280003072||3280003583||1210568422||bg||
3280600064||3280600575||1210568422||bg||
3280633856||3280642047||1210568422||bg||
3281385472||3281387519||1210568422||bg||
3282740736||3282740991||1210568422||bg||
3283212800||3283213311||1210568422||bg||
3283220480||3283220991||1210568422||bg||
3283247616||3283248127||1210568422||bg||
3284000768||3284001279||1210568422||bg||
3285645312||3285647359||1210568422||bg||
3286334464||3286335487||1210568422||bg||
3286367232||3286368255||1210568422||bg||
3286630400||3286638591||1210568422||bg||
3286914048||3286915071||1210568422||bg||
3286952960||3286953983||1210568422||bg||
3287176192||3287176703||1210568422||bg||
3287443968||3287444479||1210568422||bg||
3287449088||3287449599||1210568422||bg||
3287478272||3287479295||1210568422||bg||
3287740416||3287740927||1210568422||bg||
3557130240||3557138431||1210568422||bg||
3557277696||3557285887||1210568422||bg||
3558178816||3558187007||1210568422||bg||
3558416384||3558424575||1210568422||bg||
3559129088||3559137279||1210568422||bg||
3559342080||3559350271||1210568422||bg||
3559596032||3559604223||1210568422||bg||
3559735296||3559743487||1210568422||bg||
3560046592||3560054783||1210568422||bg||
3560062976||3560071167||1210568422||bg||
3560439808||3560447999||1210568422||bg||
3561390080||3561398271||1210568422||bg||
3561537536||3561545727||1210568422||bg||
3561586688||3561594879||1210568422||bg||
3562774528||3562782719||1210568422||bg||
3563036672||3563044863||1210568422||bg||
3563610112||3563618303||1210568422||bg||
3564404736||3564412927||1210568422||bg||
3564445696||3564453887||1210568422||bg||
3564806144||3564814335||1210568422||bg||
3564912640||3564920831||1210568422||bg||
3572072448||3572105215||1210568422||bg||
3574603776||3574611967||1210568422||bg||
3579543552||3579576319||1210568422||bg||
3582083072||3582091263||1210568422||bg||
3582533632||3582541823||1210568422||bg||
3583074304||3583082495||1210568422||bg||
3584491520||3584499711||1210568422||bg||
3584630784||3584638975||1210568422||bg||
3584950272||3584958463||1210568422||bg||
3586113536||3586121727||1210568422||bg||
3588104192||3588112383||1210568422||bg||
3588358144||3588366335||1210568422||bg||
3588366336||3588374527||1210568422||bg||
3588718592||3588734975||1210568422||bg||
3589324800||3589341183||1210568422||bg||
3641303040||3641307135||1210568422||bg||
3641372672||3641376767||1210568422||bg||
3641896960||3641901055||1210568422||bg||
3642675200||3642679295||1210568422||bg||
3645603840||3645607935||1210568422||bg||
3645607936||3645612031||1210568422||bg||
3645841408||3645845503||1210568422||bg||
3645849600||3645853695||1210568422||bg||
3645853696||3645857791||1210568422||bg||
3650179072||3650183167||1210568422||bg||
3650199552||3650203647||1210568422||bg||
3652096000||3652100095||1210568422||bg||
3653599232||3653603327||1210568422||bg||
