--||--||--||cn||China
973996032||974127103||1210568422||cn||
974127104||974192639||1210568422||cn||
974192640||974225407||1210568422||cn||
974225408||974258175||1210568422||cn||
974258176||974323711||1210568422||cn||
974323712||974389247||1210568422||cn||
974389248||974454783||1210568422||cn||
974454784||974520319||1210568422||cn||
974520320||974651391||1210568422||cn||
974651392||974782463||1210568422||cn||
975044608||975175679||1210568422||cn||
975175680||975699967||1210568422||cn||
975699968||975831039||1210568422||cn||
975831040||975896575||1210568422||cn||
975896576||975962111||1210568422||cn||
975962112||976224255||1210568422||cn||
976224256||976748543||1210568422||cn||
976748544||976879615||1210568422||cn||
976879616||976945151||1210568422||cn||
976945152||976977919||1210568422||cn||
976977920||977010687||1210568422||cn||
977010688||977272831||1210568422||cn||
977403904||977534975||1210568422||cn||
977567744||977600511||1210568422||cn||
978452480||978583551||1210568422||cn||
978796544||978812927||1210568422||cn||
979599360||979632127||1210568422||cn||
979632128||979763199||1210568422||cn||
980680704||980942847||1210568422||cn||
981467136||981991423||1210568422||cn||
982515712||982581247||1210568422||cn||
983171072||983302143||1210568422||cn||
985661440||985792511||1210568422||cn||
985792512||985923583||1210568422||cn||
985923584||986054655||1210568422||cn||
986054656||986185727||1210568422||cn||
986185728||986710015||1210568422||cn||
986710016||987758591||1210568422||cn||
988807168||988938239||1210568422||cn||
988938240||989069311||1210568422||cn||
989069312||989200383||1210568422||cn||
989200384||989331455||1210568422||cn||
989331456||989855743||1210568422||cn||
991952896||992477183||1210568422||cn||
992477184||992608255||1210568422||cn||
992608256||992673791||1210568422||cn||
992673792||992739327||1210568422||cn||
992739328||993001471||1210568422||cn||
993001472||993067007||1210568422||cn||
993067008||993099775||1210568422||cn||
993099776||993132543||1210568422||cn||
993132544||993198079||1210568422||cn||
993198080||993230847||1210568422||cn||
993230848||993263615||1210568422||cn||
993263616||993525759||1210568422||cn||
993525760||993787903||1210568422||cn||
993787904||993918975||1210568422||cn||
993918976||994050047||1210568422||cn||
994050048||994312191||1210568422||cn||
994312192||994574335||1210568422||cn||
994574336||994705407||1210568422||cn||
994705408||994836479||1210568422||cn||
994836480||994902015||1210568422||cn||
994902016||994967551||1210568422||cn||
994967552||995098623||1210568422||cn||
995098624||995360767||1210568422||cn||
996868096||996900863||1210568422||cn||
996900864||996933631||1210568422||cn||
996933632||997064703||1210568422||cn||
997064704||997195775||1210568422||cn||
999751680||999784447||1210568422||cn||
1000013824||1000079359||1210568422||cn||
1001127936||1001259007||1210568422||cn||
1001259008||1001390079||1210568422||cn||
1002373120||1002405887||1210568422||cn||
1002434560||1002438655||1210568422||cn||
1002438656||1006632959||1210568422||cn||
1006632960||1007157247||1210568422||cn||
1007157248||1007288319||1210568422||cn||
1007288320||1007353855||1210568422||cn||
1007353856||1007419391||1210568422||cn||
1007419392||1007484927||1210568422||cn||
1007484928||1007501311||1210568422||cn||
1007501312||1007517695||1210568422||cn||
1007517696||1007550463||1210568422||cn||
1007550464||1007681535||1210568422||cn||
1007681536||1008205823||1210568422||cn||
1008205824||1008467967||1210568422||cn||
1008467968||1008599039||1210568422||cn||
1008599040||1008664575||1210568422||cn||
1008664576||1008730111||1210568422||cn||
1010237440||1010302975||1210568422||cn||
1010761728||1010827263||1210568422||cn||
1017118720||1017249791||1210568422||cn||
1017249792||1017380863||1210568422||cn||
1017380864||1017511935||1210568422||cn||
1017511936||1017643007||1210568422||cn||
1017643008||1018167295||1210568422||cn||
1018167296||1019215871||1210568422||cn||
1019346944||1019478015||1210568422||cn||
1019740160||1020002303||1210568422||cn||
1020002304||1020067839||1210568422||cn||
1020067840||1020133375||1210568422||cn||
1020133376||1020264447||1210568422||cn||
1020264448||1020788735||1210568422||cn||
1020788736||1020919807||1210568422||cn||
1020919808||1021050879||1210568422||cn||
1021050880||1021313023||1210568422||cn||
1021837312||1021968383||1210568422||cn||
1022033920||1022099455||1210568422||cn||
1022722048||1022754815||1210568422||cn||
1022820352||1022885887||1210568422||cn||
1023148032||1023213567||1210568422||cn||
1023246336||1023279103||1210568422||cn||
1023344640||1023410175||1210568422||cn||
1023692800||1023696895||1210568422||cn||
1023717376||1023721471||1210568422||cn||
1023975424||1023979519||1210568422||cn||
1025245184||1025249279||1210568422||cn||
1025249280||1025253375||1210568422||cn||
1025253376||1025261567||1210568422||cn||
1025261568||1025277951||1210568422||cn||
1025343488||1025359871||1210568422||cn||
1025359872||1025368063||1210568422||cn||
1025368064||1025372159||1210568422||cn||
1025372160||1025376255||1210568422||cn||
1026392064||1026408447||1210568422||cn||
1026523136||1026539519||1210568422||cn||
1026555904||1026818047||1210568422||cn||
1026818048||1026949119||1210568422||cn||
1026949120||1027014655||1210568422||cn||
1027014656||1027080191||1210568422||cn||
1029160960||1029177343||1210568422||cn||
1031798784||1031929855||1210568422||cn||
1031929856||1032060927||1210568422||cn||
1032060928||1032126463||1210568422||cn||
1032126464||1032159231||1210568422||cn||
1032159232||1032191999||1210568422||cn||
1032192000||1032208383||1210568422||cn||
1032208384||1032216575||1210568422||cn||
1032216576||1032224767||1210568422||cn||
1032224768||1032241151||1210568422||cn||
1032241152||1032257535||1210568422||cn||
1032257536||1032323071||1210568422||cn||
1032323072||1032339455||1210568422||cn||
1032339456||1032355839||1210568422||cn||
1032355840||1032388607||1210568422||cn||
1032388608||1032421375||1210568422||cn||
1032421376||1032454143||1210568422||cn||
1032454144||1032470527||1210568422||cn||
1032470528||1032486911||1210568422||cn||
1032486912||1032503295||1210568422||cn||
1032503296||1032519679||1210568422||cn||
1032519680||1032552447||1210568422||cn||
1032552448||1032568831||1210568422||cn||
1032568832||1032585215||1210568422||cn||
1032585216||1032847359||1210568422||cn||
1032847360||1033109503||1210568422||cn||
1033109504||1033240575||1210568422||cn||
1033240576||1033371647||1210568422||cn||
1033371648||1033437183||1210568422||cn||
1033437184||1033502719||1210568422||cn||
1033502720||1033633791||1210568422||cn||
1033633792||1033699327||1210568422||cn||
1033699328||1033764863||1210568422||cn||
1033764864||1033797631||1210568422||cn||
1033797632||1033830399||1210568422||cn||
1033830400||1033846783||1210568422||cn||
1033846784||1033863167||1210568422||cn||
1033863168||1033895935||1210568422||cn||
1033895936||1033961471||1210568422||cn||
1033961472||1033977855||1210568422||cn||
1033977856||1033994239||1210568422||cn||
1033994240||1034027007||1210568422||cn||
1034027008||1034092543||1210568422||cn||
1034092544||1034158079||1210568422||cn||
1034158080||1034223615||1210568422||cn||
1034223616||1034289151||1210568422||cn||
1034289152||1034354687||1210568422||cn||
1034354688||1034420223||1210568422||cn||
1034420224||1034485759||1210568422||cn||
1034485760||1034551295||1210568422||cn||
1034551296||1034682367||1210568422||cn||
1034682368||1034944511||1210568422||cn||
1034944512||1035010047||1210568422||cn||
1035010048||1035075583||1210568422||cn||
1035075584||1035141119||1210568422||cn||
1035141120||1035206655||1210568422||cn||
1035206656||1035239423||1210568422||cn||
1035239424||1035272191||1210568422||cn||
1035272192||1035337727||1210568422||cn||
1035337728||1035403263||1210568422||cn||
1035403264||1035468799||1210568422||cn||
1035468800||1035730943||1210568422||cn||
1035730944||1035796479||1210568422||cn||
1035796480||1035829247||1210568422||cn||
1035829248||1035862015||1210568422||cn||
1035862016||1035993087||1210568422||cn||
1038614528||1038876671||1210568422||cn||
1038876672||1039007743||1210568422||cn||
1039138816||1039400959||1210568422||cn||
1914437632||1914503167||1210568422||cn||
1946222592||1946288127||1210568422||cn||
1946288128||1946419199||1210568422||cn||
1946419200||1946681343||1210568422||cn||
1946681344||1946943487||1210568422||cn||
1947009024||1947074559||1210568422||cn||
1947205632||1948254207||1210568422||cn||
1949564928||1949827071||1210568422||cn||
1949827072||1949958143||1210568422||cn||
1949990912||1949995007||1210568422||cn||
1950011392||1950015487||1210568422||cn||
1950089216||1950351359||1210568422||cn||
1950482432||1950515199||1210568422||cn||
1950679040||1950744575||1210568422||cn||
1950744576||1950777343||1210568422||cn||
1951137792||1951268863||1210568422||cn||
1951268864||1951399935||1210568422||cn||
1952026624||1952030719||1210568422||cn||
1952102400||1952104447||1210568422||cn||
1952382976||1952448511||1210568422||cn||
1953497088||1953759231||1210568422||cn||
1953759232||1953890303||1210568422||cn||
1954545664||1958739967||1210568422||cn||
1958739968||1958805503||1210568422||cn||
1958809600||1958813695||1210568422||cn||
1958813696||1958821887||1210568422||cn||
1958871040||1959002111||1210568422||cn||
1959002112||1959067647||1210568422||cn||
1959133184||1959198719||1210568422||cn||
1959198720||1959231487||1210568422||cn||
1959231488||1959239679||1210568422||cn||
1959526400||1959657471||1210568422||cn||
1959723008||1959788543||1210568422||cn||
1959788544||1960050687||1210568422||cn||
1960091648||1960095743||1210568422||cn||
1960132608||1960148991||1210568422||cn||
1960148992||1960181759||1210568422||cn||
1960189952||1960198143||1210568422||cn||
1960198144||1960202239||1210568422||cn||
1960214528||1960247295||1210568422||cn||
1960247296||1960312831||1210568422||cn||
1960312832||1960574975||1210568422||cn||
1960837120||1961885695||1210568422||cn||
1962016768||1962147839||1210568422||cn||
1962147840||1962278911||1210568422||cn||
1962278912||1962409983||1210568422||cn||
1962409984||1962541055||1210568422||cn||
1962672128||1962803199||1210568422||cn||
1962835968||1962868735||1210568422||cn||
1962901504||1962934271||1210568422||cn||
1963458560||1963982847||1210568422||cn||
1964310528||1964376063||1210568422||cn||
1964376064||1964507135||1210568422||cn||
1964507136||1965031423||1210568422||cn||
1965031424||1965555711||1210568422||cn||
1965555712||1965817855||1210568422||cn||
1965817856||1965948927||1210568422||cn||
1966080000||1966342143||1210568422||cn||
1966419968||1966424063||1210568422||cn||
1966452736||1966456831||1210568422||cn||
1966669824||1966735359||1210568422||cn||
1966735360||1966768127||1210568422||cn||
1966800896||1966866431||1210568422||cn||
1966866432||1967128575||1210568422||cn||
1967128576||1967652863||1210568422||cn||
1967652864||1967783935||1210568422||cn||
1967800320||1967804415||1210568422||cn||
1967816704||1967849471||1210568422||cn||
1967849472||1967915007||1210568422||cn||
1967915008||1968177151||1210568422||cn||
1968177152||1969225727||1210568422||cn||
1969487872||1969618943||1210568422||cn||
1969688576||1969692671||1210568422||cn||
1969717248||1969721343||1210568422||cn||
1969881088||1970012159||1210568422||cn||
1970274304||1970798591||1210568422||cn||
1970814976||1970831359||1210568422||cn||
1970831360||1970864127||1210568422||cn||
1970864128||1970896895||1210568422||cn||
1970896896||1970913279||1210568422||cn||
1970913280||1970915327||1210568422||cn||
1970962432||1970995199||1210568422||cn||
1971060736||1971322879||1210568422||cn||
1971322880||1975517183||1210568422||cn||
1981284352||1981808639||1210568422||cn||
1983905792||1984036863||1210568422||cn||
1984036864||1984102399||1210568422||cn||
1984131072||1984135167||1210568422||cn||
1984430080||1984954367||1210568422||cn||
1984954368||1985085439||1210568422||cn||
1985216512||1985347583||1210568422||cn||
1985486848||1985495039||1210568422||cn||
1985495040||1985511423||1210568422||cn||
1985511424||1985544191||1210568422||cn||
1985544192||1985609727||1210568422||cn||
1985736704||1985740799||1210568422||cn||
1986400256||1986404351||1210568422||cn||
1987051520||1987575807||1210568422||cn||
1987575808||1987837951||1210568422||cn||
1987837952||1987969023||1210568422||cn||
1987969024||1988034559||1210568422||cn||
1988362240||1988624383||1210568422||cn||
1989148672||1989410815||1210568422||cn||
1991376896||1991442431||1210568422||cn||
1991507968||1991770111||1210568422||cn||
1991770112||1992294399||1210568422||cn||
1992294400||1992556543||1210568422||cn||
1992556544||1992818687||1210568422||cn||
1992818688||1992949759||1210568422||cn||
1992949760||1993080831||1210568422||cn||
1993080832||1993342975||1210568422||cn||
1993605120||1993670655||1210568422||cn||
1993670656||1993736191||1210568422||cn||
1994391552||1994653695||1210568422||cn||
1994653696||1994784767||1210568422||cn||
1994784768||1994850303||1210568422||cn||
1995374592||1995440127||1210568422||cn||
1995571200||1995636735||1210568422||cn||
1995702272||1995964415||1210568422||cn||
1995964416||1996488703||1210568422||cn||
1996488704||1996619775||1210568422||cn||
1996619776||1996627967||1210568422||cn||
1996652544||1996685311||1210568422||cn||
1996685312||1996750847||1210568422||cn||
1996750848||1997012991||1210568422||cn||
1997012992||1997144063||1210568422||cn||
1997144064||1997176831||1210568422||cn||
1997506560||1997508607||1210568422||cn||
1997537280||1997602815||1210568422||cn||
1997717504||1997721599||1210568422||cn||
1997721600||1997723647||1210568422||cn||
1997725696||1997729791||1210568422||cn||
1997729792||1997733887||1210568422||cn||
1997733888||1997799423||1210568422||cn||
1997799424||1998061567||1210568422||cn||
1998274560||1998290943||1210568422||cn||
1998299136||1998307327||1210568422||cn||
1998307328||1998323711||1210568422||cn||
1998323712||1998454783||1210568422||cn||
1998467072||1998471167||1210568422||cn||
1998569472||1998577663||1210568422||cn||
1998585856||1998847999||1210568422||cn||
1998848000||1998913535||1210568422||cn||
1998913536||1998946303||1210568422||cn||
1998946304||1998962687||1210568422||cn||
1998962688||1998979071||1210568422||cn||
1998979072||1999011839||1210568422||cn||
1999011840||1999028223||1210568422||cn||
1999028224||1999032319||1210568422||cn||
1999032320||1999036415||1210568422||cn||
1999036416||1999044607||1210568422||cn||
1999044608||1999110143||1210568422||cn||
1999110144||1999126527||1210568422||cn||
1999126528||1999130623||1210568422||cn||
1999142912||1999175679||1210568422||cn||
1999175680||1999241215||1210568422||cn||
1999241216||1999249407||1210568422||cn||
1999276032||1999278079||1210568422||cn||
1999298560||1999306751||1210568422||cn||
1999372288||1999503359||1210568422||cn||
1999634432||2000158719||1210568422||cn||
2000224256||2000289791||1210568422||cn||
2000289792||2000355327||1210568422||cn||
2000388096||2000420863||1210568422||cn||
2000420864||2000486399||1210568422||cn||
2000486400||2000551935||1210568422||cn||
2000551936||2000617471||1210568422||cn||
2000625664||2000633855||1210568422||cn||
2001457152||2001461247||1210568422||cn||
2001600512||2001731583||1210568422||cn||
2001731584||2001797119||1210568422||cn||
2001797120||2001862655||1210568422||cn||
2001993728||2002255871||1210568422||cn||
2002255872||2002518015||1210568422||cn||
2002780160||2003304447||1210568422||cn||
2003566592||2003697663||1210568422||cn||
2003828736||2004353023||1210568422||cn||
2004353024||2004877311||1210568422||cn||
2004877312||2005925887||1210568422||cn||
2005925888||2006188031||1210568422||cn||
2006228992||2006233087||1210568422||cn||
2007072768||2007105535||1210568422||cn||
2007105536||2007236607||1210568422||cn||
2007236608||2007498751||1210568422||cn||
2008023040||2009071615||1210568422||cn||
2011693056||2011824127||1210568422||cn||
2011922432||2011938815||1210568422||cn||
2012741632||2013003775||1210568422||cn||
2013069312||2013134847||1210568422||cn||
2013134848||2013265919||1210568422||cn||
2013265920||2014314495||1210568422||cn||
2014838784||2015100927||1210568422||cn||
2015232000||2015297535||1210568422||cn||
2015297536||2015363071||1210568422||cn||
2015363072||2015887359||1210568422||cn||
2015887360||2016149503||1210568422||cn||
2016149504||2016411647||1210568422||cn||
2016411648||2016542719||1210568422||cn||
2016673792||2016935935||1210568422||cn||
2017460224||2017722367||1210568422||cn||
2017722368||2017984511||1210568422||cn||
2017992704||2018000895||1210568422||cn||
2018017280||2018050047||1210568422||cn||
2018246656||2018508799||1210568422||cn||
2018508800||2019033087||1210568422||cn||
2019164160||2019295231||1210568422||cn||
2019295232||2019360767||1210568422||cn||
2019426304||2019491839||1210568422||cn||
2019491840||2019557375||1210568422||cn||
2021654528||2021916671||1210568422||cn||
2021916672||2021949439||1210568422||cn||
2021949440||2021982207||1210568422||cn||
2021982208||2022047743||1210568422||cn||
2022047744||2022178815||1210568422||cn||
2022211584||2022227967||1210568422||cn||
2022244352||2022277119||1210568422||cn||
2025848832||2030043135||1210568422||cn||
2030047232||2030051327||1210568422||cn||
2030305280||2030436351||1210568422||cn||
2030567424||2031091711||1210568422||cn||
2031091712||2031615999||1210568422||cn||
2031616000||2031878143||1210568422||cn||
2031878144||2032009215||1210568422||cn||
2032009216||2032074751||1210568422||cn||
2032074752||2032140287||1210568422||cn||
2032140288||2032402431||1210568422||cn||
2032402432||2032467967||1210568422||cn||
2032467968||2032533503||1210568422||cn||
2032533504||2032664575||1210568422||cn||
2032664576||2032926719||1210568422||cn||
2033057792||2033074175||1210568422||cn||
2033074176||2033090559||1210568422||cn||
2033090560||2033123327||1210568422||cn||
2033123328||2033188863||1210568422||cn||
2033188864||2033319935||1210568422||cn||
2033385472||2033451007||1210568422||cn||
2033491968||2033500159||1210568422||cn||
2033504256||2033508351||1210568422||cn||
2033508352||2033516543||1210568422||cn||
2033647616||2033663999||1210568422||cn||
2033713152||2033844223||1210568422||cn||
2033844224||2033876991||1210568422||cn||
2033881088||2033885183||1210568422||cn||
2033909760||2033975295||1210568422||cn||
2033975296||2034237439||1210568422||cn||
2034499584||2034761727||1210568422||cn||
2035023872||2035154943||1210568422||cn||
2035253248||2035269631||1210568422||cn||
2035875840||2035941375||1210568422||cn||
2036629504||2036662271||1210568422||cn||
2036715520||2036719615||1210568422||cn||
2042626048||2042691583||1210568422||cn||
2042691584||2042757119||1210568422||cn||
2042757120||2042888191||1210568422||cn||
2042888192||2043150335||1210568422||cn||
2043215872||2043281407||1210568422||cn||
2043412480||2043674623||1210568422||cn||
2044723200||2045771775||1210568422||cn||
2046296064||2046558207||1210568422||cn||
2046754816||2046820351||1210568422||cn||
2046836736||2046853119||1210568422||cn||
2046853120||2046885887||1210568422||cn||
2047082496||2047344639||1210568422||cn||
2047344640||2047868927||1210568422||cn||
2049966080||2050031615||1210568422||cn||
2050031616||2050047999||1210568422||cn||
2050162688||2050228223||1210568422||cn||
2051014656||2053111807||1210568422||cn||
2053111808||2053242879||1210568422||cn||
2053505024||2053509119||1210568422||cn||
2053521408||2053525503||1210568422||cn||
2053525504||2053529599||1210568422||cn||
2054160384||2054422527||1210568422||cn||
2054619136||2054684671||1210568422||cn||
2055733248||2056257535||1210568422||cn||
2056290304||2056323071||1210568422||cn||
2056830976||2056847359||1210568422||cn||
2057043968||2057306111||1210568422||cn||
2059403264||2059665407||1210568422||cn||
2059796480||2059862015||1210568422||cn||
2059943936||2059960319||1210568422||cn||
2060189696||2060451839||1210568422||cn||
2061500416||2062548991||1210568422||cn||
2062548992||2063073279||1210568422||cn||
2063085568||2063089663||1210568422||cn||
2063630336||2063646719||1210568422||cn||
2063859712||2064121855||1210568422||cn||
2064121856||2064646143||1210568422||cn||
2066841600||2066874367||1210568422||cn||
2067005440||2067267583||1210568422||cn||
2067267584||2067791871||1210568422||cn||
2067791872||2069889023||1210568422||cn||
2069889024||2070020095||1210568422||cn||
2070020096||2070052863||1210568422||cn||
2070118400||2070151167||1210568422||cn||
2070151168||2070159359||1210568422||cn||
2070216704||2070282239||1210568422||cn||
2070347776||2070380543||1210568422||cn||
2070708224||2070712319||1210568422||cn||
2070728704||2070732799||1210568422||cn||
2070937600||2071986175||1210568422||cn||
2071986176||2072510463||1210568422||cn||
2072530944||2072535039||1210568422||cn||
2072576000||2072641535||1210568422||cn||
2072641536||2072772607||1210568422||cn||
2073034752||2073296895||1210568422||cn||
2073296896||2073362431||1210568422||cn||
2073362432||2073427967||1210568422||cn||
2073427968||2073559039||1210568422||cn||
2073559040||2074083327||1210568422||cn||
2074083328||2074345471||1210568422||cn||
2074345472||2074607615||1210568422||cn||
2074607616||2074869759||1210568422||cn||
2074869760||2075000831||1210568422||cn||
2075000832||2075131903||1210568422||cn||
2075152384||2075156479||1210568422||cn||
2075197440||2075262975||1210568422||cn||
2075262976||2075394047||1210568422||cn||
2075394048||2075656191||1210568422||cn||
2075656192||2075918335||1210568422||cn||
2075918336||2076180479||1210568422||cn||
2076442624||2076573695||1210568422||cn||
2076672000||2076704767||1210568422||cn||
2077097984||2077229055||1210568422||cn||
2078801920||2079064063||1210568422||cn||
2079457280||2079490047||1210568422||cn||
2079588352||2079850495||1210568422||cn||
2079916032||2079981567||1210568422||cn||
2080178176||2080243711||1210568422||cn||
2080784384||2080800767||1210568422||cn||
2081292288||2081423359||1210568422||cn||
2081423360||2081554431||1210568422||cn||
2081685504||2081751039||1210568422||cn||
2081751040||2081755135||1210568422||cn||
2081755136||2081759231||1210568422||cn||
2081759232||2081767423||1210568422||cn||
2081767424||2081783807||1210568422||cn||
2081783808||2081816575||1210568422||cn||
2081816576||2081947647||1210568422||cn||
2082258944||2082275327||1210568422||cn||
2082275328||2082308095||1210568422||cn||
2082406400||2082471935||1210568422||cn||
2083024896||2083028991||1210568422||cn||
2083028992||2083045375||1210568422||cn||
2083127296||2083160063||1210568422||cn||
2083160064||2083192831||1210568422||cn||
2083454976||2083471359||1210568422||cn||
2084569088||2084700159||1210568422||cn||
2084700160||2084732927||1210568422||cn||
2084765696||2084831231||1210568422||cn||
2084831232||2085093375||1210568422||cn||
2085093376||2085158911||1210568422||cn||
2085158912||2085224447||1210568422||cn||
2085224448||2085355519||1210568422||cn||
2085355520||2085617663||1210568422||cn||
2086141952||2086207487||1210568422||cn||
2086207488||2086240255||1210568422||cn||
2086240256||2086273023||1210568422||cn||
2086273024||2086404095||1210568422||cn||
2086404096||2086666239||1210568422||cn||
2087454720||2087456767||1210568422||cn||
2087462912||2087464959||1210568422||cn||
2087714816||2087845887||1210568422||cn||
2087845888||2087976959||1210568422||cn||
2087976960||2088042495||1210568422||cn||
2088042496||2088108031||1210568422||cn||
2088108032||2088239103||1210568422||cn||
2088632320||2088763391||1210568422||cn||
2088763392||2089287679||1210568422||cn||
2090041344||2090074111||1210568422||cn||
2090598400||2090663935||1210568422||cn||
2090860544||2090926079||1210568422||cn||
2090926080||2090991615||1210568422||cn||
2090991616||2091057151||1210568422||cn||
2091057152||2091122687||1210568422||cn||
2091122688||2091384831||1210568422||cn||
2091646976||2091778047||1210568422||cn||
2091778048||2091909119||1210568422||cn||
2092957696||2093088767||1210568422||cn||
2093219840||2093285375||1210568422||cn||
2093481984||2094006271||1210568422||cn||
2094792704||2095054847||1210568422||cn||
2095054848||2095120383||1210568422||cn||
2095120384||2095185919||1210568422||cn||
2095185920||2095316991||1210568422||cn||
2095316992||2095579135||1210568422||cn||
2095579136||2095710207||1210568422||cn||
2095710208||2095841279||1210568422||cn||
2095841280||2096103423||1210568422||cn||
2096103424||2096136191||1210568422||cn||
2096136192||2096152575||1210568422||cn||
2096234496||2096300031||1210568422||cn||
2096349184||2096365567||1210568422||cn||
2096627712||2096660479||1210568422||cn||
2096693248||2096758783||1210568422||cn||
2096758784||2096889855||1210568422||cn||
2097020928||2097037311||1210568422||cn||
2099232768||2099249151||1210568422||cn||
2099249152||2099314687||1210568422||cn||
2099314688||2099380223||1210568422||cn||
2099380224||2099445759||1210568422||cn||
2099445760||2099478527||1210568422||cn||
2099478528||2099511295||1210568422||cn||
2099511296||2099773439||1210568422||cn||
2099773440||2100297727||1210568422||cn||
2100985856||2101018623||1210568422||cn||
2101182464||2101215231||1210568422||cn||
2101215232||2101231615||1210568422||cn||
2101346304||2101870591||1210568422||cn||
2101870592||2101936127||1210568422||cn||
2101936128||2102001663||1210568422||cn||
2102001664||2102132735||1210568422||cn||
2102132736||2102165503||1210568422||cn||
2102165504||2102198271||1210568422||cn||
2102198272||2102263807||1210568422||cn||
2102263808||2102394879||1210568422||cn||
2102394880||2102919167||1210568422||cn||
2102919168||2103443455||1210568422||cn||
2103443456||2103574527||1210568422||cn||
2103574528||2103640063||1210568422||cn||
2103967744||2104492031||1210568422||cn||
2104492032||2105540607||1210568422||cn||
2108227584||2108293119||1210568422||cn||
2108358656||2108424191||1210568422||cn||
2110783488||2110799871||1210568422||cn||
2110914560||2110980095||1210568422||cn||
2110980096||2111045631||1210568422||cn||
2111111168||2111143935||1210568422||cn||
2111201280||2111209471||1210568422||cn||
2111242240||2111258623||1210568422||cn||
2111307776||2111438847||1210568422||cn||
2111438848||2111504383||1210568422||cn||
2111504384||2111569919||1210568422||cn||
2111569920||2111700991||1210568422||cn||
2111700992||2111832063||1210568422||cn||
2113830912||2113847295||1210568422||cn||
2113847296||2113863679||1210568422||cn||
2260992000||2261057535||1210568422||cn||
2682388480||2682454015||1210568422||cn||
2714697728||2714763263||1210568422||cn||
2724790272||2724855807||1210568422||cn||
2792292352||2792357887||1210568422||cn||
2810904576||2810970111||1210568422||cn||
2829058048||2829123583||1210568422||cn||
2849177856||2849178111||1210568422||cn||
3226696192||3226696447||1210568422||cn||
3226708224||3226708479||1210568422||cn||
3229391360||3229391615||1210568422||cn||
3233589760||3233590015||1210568422||cn||
3323004672||3323004927||1210568422||cn||
3389025792||3389026047||1210568422||cn||
3389042688||3389043711||1210568422||cn||
3389292544||3389300735||1210568422||cn||
3389324288||3389325311||1210568422||cn||
3389554688||3389562879||1210568422||cn||
3389669376||3389673471||1210568422||cn||
3389937664||3389937919||1210568422||cn||
3389975296||3389975551||1210568422||cn||
3389975552||3389976063||1210568422||cn||
3389976064||3389976319||1210568422||cn||
3390339072||3390339327||1210568422||cn||
3390502912||3390503935||1210568422||cn||
3390503936||3390504959||1210568422||cn||
3391488000||3391488511||1210568422||cn||
3391488512||3391489023||1210568422||cn||
3391489024||3391490047||1210568422||cn||
3391490048||3391492095||1210568422||cn||
3391504384||3391512575||1210568422||cn||
3391512576||3391520767||1210568422||cn||
3391520768||3391521279||1210568422||cn||
3391521280||3391521791||1210568422||cn||
3391521792||3391522303||1210568422||cn||
3391522304||3391522559||1210568422||cn||
3391522560||3391522815||1210568422||cn||
3391522816||3391523071||1210568422||cn||
3391523072||3391523327||1210568422||cn||
3391523328||3391523583||1210568422||cn||
3391523840||3391524351||1210568422||cn||
3391524352||3391524607||1210568422||cn||
3391524608||3391524863||1210568422||cn||
3391525376||3391525887||1210568422||cn||
3391526144||3391526399||1210568422||cn||
3391526400||3391526911||1210568422||cn||
3391526912||3391527423||1210568422||cn||
3391527424||3391527935||1210568422||cn||
3391527936||3391528191||1210568422||cn||
3391528448||3391528959||1210568422||cn||
3391528960||3391529471||1210568422||cn||
3391529984||3391531007||1210568422||cn||
3391531008||3391531263||1210568422||cn||
3391531264||3391531519||1210568422||cn||
3391531520||3391531775||1210568422||cn||
3391531776||3391532031||1210568422||cn||
3391532032||3391532287||1210568422||cn||
3391532288||3391532543||1210568422||cn||
3391532544||3391532799||1210568422||cn||
3391532800||3391533055||1210568422||cn||
3391533056||3391533567||1210568422||cn||
3391535104||3391537151||1210568422||cn||
3391537152||3391553535||1210568422||cn||
3391723520||3391725567||1210568422||cn||
3391746048||3391750143||1210568422||cn||
3391852544||3391856639||1210568422||cn||
3392020480||3392028671||1210568422||cn||
3392069632||3392073727||1210568422||cn||
3392958464||3392962559||1210568422||cn||
3393189888||3393190911||1210568422||cn||
3393520640||3393521663||1210568422||cn||
3393523712||3393527807||1210568422||cn||
3393585152||3393593343||1210568422||cn||
3393849344||3393851391||1210568422||cn||
3393966080||3393970175||1210568422||cn||
3394621440||3394625535||1210568422||cn||
3394895872||3394896895||1210568422||cn||
3394953216||3394957311||1210568422||cn||
3394960384||3394961407||1210568422||cn||
3394961408||3394962431||1210568422||cn||
3394994176||3394995199||1210568422||cn||
3395006464||3395010559||1210568422||cn||
3395018752||3395026943||1210568422||cn||
3395026944||3395027967||1210568422||cn||
3395091456||3395092479||1210568422||cn||
3395092480||3395093503||1210568422||cn||
3395156992||3395158015||1210568422||cn||
3395223552||3395224575||1210568422||cn||
3395224576||3395225599||1210568422||cn||
3395225600||3395227647||1210568422||cn||
3395227648||3395231743||1210568422||cn||
3395288064||3395289087||1210568422||cn||
3395289088||3395305471||1210568422||cn||
3395305472||3395307519||1210568422||cn||
3395307520||3395309567||1210568422||cn||
3395309568||3395313663||1210568422||cn||
3395313664||3395315711||1210568422||cn||
3395315712||3395317759||1210568422||cn||
3395317760||3395321855||1210568422||cn||
3395321856||3395323903||1210568422||cn||
3395323904||3395325951||1210568422||cn||
3395325952||3395330047||1210568422||cn||
3395330048||3395332095||1210568422||cn||
3395332096||3395334143||1210568422||cn||
3395334144||3395338239||1210568422||cn||
3395338240||3395340287||1210568422||cn||
3395340288||3395342335||1210568422||cn||
3395342336||3395346431||1210568422||cn||
3395346432||3395348479||1210568422||cn||
3395348480||3395350527||1210568422||cn||
3395350528||3395354623||1210568422||cn||
3395354624||3395356671||1210568422||cn||
3395356672||3395358719||1210568422||cn||
3395358720||3395362815||1210568422||cn||
3395362816||3395371007||1210568422||cn||
3395371008||3395379199||1210568422||cn||
3395379200||3395383295||1210568422||cn||
3395383296||3395387391||1210568422||cn||
3395387392||3395403775||1210568422||cn||
3395403776||3395411967||1210568422||cn||
3395411968||3395414015||1210568422||cn||
3395414016||3395416063||1210568422||cn||
3395416064||3395420159||1210568422||cn||
3395420160||3395422207||1210568422||cn||
3395422208||3395424255||1210568422||cn||
3395424256||3395428351||1210568422||cn||
3395428352||3395430399||1210568422||cn||
3395430400||3395432447||1210568422||cn||
3395432448||3395436543||1210568422||cn||
3395436544||3395444735||1210568422||cn||
3395444736||3395446783||1210568422||cn||
3395446784||3395448831||1210568422||cn||
3395448832||3395452927||1210568422||cn||
3395452928||3395461119||1210568422||cn||
3395461120||3395463167||1210568422||cn||
3395463168||3395465215||1210568422||cn||
3395465216||3395469311||1210568422||cn||
3395469312||3395471359||1210568422||cn||
3395471360||3395473407||1210568422||cn||
3395473408||3395477503||1210568422||cn||
3395477504||3395479551||1210568422||cn||
3395479552||3395481599||1210568422||cn||
3395481600||3395485695||1210568422||cn||
3395485696||3395502079||1210568422||cn||
3395502080||3395510271||1210568422||cn||
3395510272||3395512319||1210568422||cn||
3395512320||3395514367||1210568422||cn||
3395514368||3395518463||1210568422||cn||
3395518464||3395526655||1210568422||cn||
3395526656||3395528703||1210568422||cn||
3395528704||3395530751||1210568422||cn||
3395530752||3395534847||1210568422||cn||
3395534848||3395536895||1210568422||cn||
3395536896||3395538943||1210568422||cn||
3395538944||3395543039||1210568422||cn||
3395543040||3395545087||1210568422||cn||
3395545088||3395547135||1210568422||cn||
3395547136||3395551231||1210568422||cn||
3395551232||3395553279||1210568422||cn||
3395553280||3395555327||1210568422||cn||
3395555328||3395559423||1210568422||cn||
3395559424||3395567615||1210568422||cn||
3395567616||3395569663||1210568422||cn||
3395569664||3395571711||1210568422||cn||
3395571712||3395575807||1210568422||cn||
3395575808||3395577855||1210568422||cn||
3395577856||3395579903||1210568422||cn||
3395579904||3395583999||1210568422||cn||
3395584000||3395586047||1210568422||cn||
3395586048||3395588095||1210568422||cn||
3395588096||3395592191||1210568422||cn||
3395592192||3395594239||1210568422||cn||
3395594240||3395596287||1210568422||cn||
3395596288||3395600383||1210568422||cn||
3395600384||3395602431||1210568422||cn||
3395602432||3395604479||1210568422||cn||
3395604480||3395608575||1210568422||cn||
3395608576||3395616767||1210568422||cn||
3395616768||3395633151||1210568422||cn||
3395633152||3395641343||1210568422||cn||
3395641344||3395649535||1210568422||cn||
3395649536||3395665919||1210568422||cn||
3395665920||3395674111||1210568422||cn||
3395674112||3395676159||1210568422||cn||
3395676160||3395678207||1210568422||cn||
3395678208||3395682303||1210568422||cn||
3395682304||3395690495||1210568422||cn||
3395690496||3395698687||1210568422||cn||
3395698688||3395715071||1210568422||cn||
3395715072||3395717119||1210568422||cn||
3395717120||3395719167||1210568422||cn||
3395719168||3395723263||1210568422||cn||
3395723264||3395731455||1210568422||cn||
3395731456||3395733503||1210568422||cn||
3395733504||3395735551||1210568422||cn||
3395735552||3395739647||1210568422||cn||
3395739648||3395741695||1210568422||cn||
3395741696||3395743743||1210568422||cn||
3395743744||3395747839||1210568422||cn||
3395747840||3395749887||1210568422||cn||
3395749888||3395751935||1210568422||cn||
3395751936||3395756031||1210568422||cn||
3395756032||3395764223||1210568422||cn||
3395764224||3395772415||1210568422||cn||
3395772416||3395774463||1210568422||cn||
3395774464||3395776511||1210568422||cn||
3395776512||3395780607||1210568422||cn||
3395780608||3395796991||1210568422||cn||
3395796992||3395805183||1210568422||cn||
3395805184||3395807231||1210568422||cn||
3395807232||3395809279||1210568422||cn||
3395809280||3395813375||1210568422||cn||
3395813376||3395944447||1210568422||cn||
3395944448||3396009983||1210568422||cn||
3396009984||3396042751||1210568422||cn||
3396042752||3396075519||1210568422||cn||
3396075520||3396141055||1210568422||cn||
3396141056||3396206591||1210568422||cn||
3396206592||3396222975||1210568422||cn||
3396222976||3396239359||1210568422||cn||
3396239360||3396255743||1210568422||cn||
3396255744||3396272127||1210568422||cn||
3396272128||3396304895||1210568422||cn||
3396304896||3396313087||1210568422||cn||
3396313088||3396321279||1210568422||cn||
3396321280||3396337663||1210568422||cn||
3396337664||3396403199||1210568422||cn||
3396403200||3396407295||1210568422||cn||
3396407296||3396411391||1210568422||cn||
3396411392||3396419583||1210568422||cn||
3396419584||3396435967||1210568422||cn||
3396435968||3396452351||1210568422||cn||
3396452352||3396460543||1210568422||cn||
3396460544||3396464639||1210568422||cn||
3396464640||3396468735||1210568422||cn||
3396468736||3396476927||1210568422||cn||
3396476928||3396485119||1210568422||cn||
3396485120||3396501503||1210568422||cn||
3396501504||3396534271||1210568422||cn||
3396534272||3396542463||1210568422||cn||
3396542464||3396550655||1210568422||cn||
3396550656||3396567039||1210568422||cn||
3396567040||3396599807||1210568422||cn||
3396599808||3396607999||1210568422||cn||
3396608000||3396612095||1210568422||cn||
3396612096||3396616191||1210568422||cn||
3396616192||3396624383||1210568422||cn||
3396624384||3396632575||1210568422||cn||
3396632576||3396665343||1210568422||cn||
3396665344||3396681727||1210568422||cn||
3396681728||3396698111||1210568422||cn||
3396698112||3396730879||1210568422||cn||
3396730880||3396739071||1210568422||cn||
3396739072||3396747263||1210568422||cn||
3396747264||3396763647||1210568422||cn||
3396763648||3396796415||1210568422||cn||
3396796416||3396804607||1210568422||cn||
3396804608||3396812799||1210568422||cn||
3396812800||3396816895||1210568422||cn||
3396816896||3396820991||1210568422||cn||
3396820992||3396829183||1210568422||cn||
3396829184||3396861951||1210568422||cn||
3396861952||3396878335||1210568422||cn||
3396878336||3396894719||1210568422||cn||
3396894720||3396927487||1210568422||cn||
3396927488||3396993023||1210568422||cn||
3396993024||3396995071||1210568422||cn||
3397001216||3397003263||1210568422||cn||
3397009408||3397017599||1210568422||cn||
3397021696||3397023743||1210568422||cn||
3397025792||3397026047||1210568422||cn||
3397083136||3397087231||1210568422||cn||
3397130240||3397131263||1210568422||cn||
3397234688||3397238783||1210568422||cn||
3397320704||3397321215||1210568422||cn||
3397321216||3397321471||1210568422||cn||
3397321472||3397321727||1210568422||cn||
3397321728||3397321983||1210568422||cn||
3397321984||3397322239||1210568422||cn||
3397322240||3397322751||1210568422||cn||
3397323776||3397324799||1210568422||cn||
3397324800||3397328895||1210568422||cn||
3397330944||3397332991||1210568422||cn||
3397332992||3397337087||1210568422||cn||
3397349376||3397353471||1210568422||cn||
3397353472||3397357567||1210568422||cn||
3397357568||3397361663||1210568422||cn||
3397361664||3397363711||1210568422||cn||
3397369856||3397370367||1210568422||cn||
3397370368||3397370879||1210568422||cn||
3397370880||3397371903||1210568422||cn||
3397371904||3397373951||1210568422||cn||
3397373952||3397374207||1210568422||cn||
3397374208||3397374463||1210568422||cn||
3397374976||3397375999||1210568422||cn||
3397376000||3397378047||1210568422||cn||
3397378048||3397386239||1210568422||cn||
3397517312||3397525503||1210568422||cn||
3397574656||3397582847||1210568422||cn||
3397586944||3397588991||1210568422||cn||
3397595136||3397599231||1210568422||cn||
3397636096||3397640191||1210568422||cn||
3397922816||3397926911||1210568422||cn||
3397963776||3397967871||1210568422||cn||
3397967872||3397971967||1210568422||cn||
3398279168||3398287359||1210568422||cn||
3398307840||3398311935||1210568422||cn||
3398373376||3398377471||1210568422||cn||
3398721536||3398729727||1210568422||cn||
3398803456||3398811647||1210568422||cn||
3398819840||3398828031||1210568422||cn||
3398832128||3398836223||1210568422||cn||
3399004160||3399008255||1210568422||cn||
3399036928||3399041023||1210568422||cn||
3399393280||3399401471||1210568422||cn||
3399528448||3399532543||1210568422||cn||
3399745536||3399749631||1210568422||cn||
3399751936||3399752191||1210568422||cn||
3399835648||3399839743||1210568422||cn||
3399856128||3399860223||1210568422||cn||
3399864320||3399868415||1210568422||cn||
3400048640||3400052735||1210568422||cn||
3400052736||3400056831||1210568422||cn||
3400171520||3400179711||1210568422||cn||
3400194048||3400196095||1210568422||cn||
3400337408||3400339455||1210568422||cn||
3400392704||3400400895||1210568422||cn||
3400790016||3400794111||1210568422||cn||
3400826880||3400835071||1210568422||cn||
3400888320||3400892415||1210568422||cn||
3401404416||3401408511||1210568422||cn||
3401580544||3402104831||1210568422||cn||
3402104832||3402366975||1210568422||cn||
3402366976||3402629119||1210568422||cn||
3406967296||3406967551||1210568422||cn||
3410952192||3410956287||1210568422||cn||
3411054592||3411058687||1210568422||cn||
3411087360||3411091455||1210568422||cn||
3411228672||3411230719||1210568422||cn||
3411410944||3411419135||1210568422||cn||
3411419136||3411427327||1210568422||cn||
3411427328||3411431423||1210568422||cn||
3411431424||3411435519||1210568422||cn||
3411550208||3411558399||1210568422||cn||
3411591168||3411599359||1210568422||cn||
3411607552||3411608575||1210568422||cn||
3411673088||3411674111||1210568422||cn||
3411705856||3411714047||1210568422||cn||
3411714048||3411722239||1210568422||cn||
3411722240||3411730431||1210568422||cn||
3411746816||3411755007||1210568422||cn||
3411763200||3411767295||1210568422||cn||
3411769344||3411771391||1210568422||cn||
3411804160||3411805183||1210568422||cn||
3411845120||3411853311||1210568422||cn||
3411869696||3411870719||1210568422||cn||
3411870720||3411871743||1210568422||cn||
3411871744||3411871999||1210568422||cn||
3411872000||3411872255||1210568422||cn||
3411872256||3411872767||1210568422||cn||
3411872768||3411873791||1210568422||cn||
3411873792||3411877887||1210568422||cn||
3411877888||3411886079||1210568422||cn||
3411886080||3411902463||1210568422||cn||
3411902464||3411904511||1210568422||cn||
3411904512||3411905535||1210568422||cn||
3411905536||3411905791||1210568422||cn||
3411905792||3411906047||1210568422||cn||
3411906048||3411906559||1210568422||cn||
3411906560||3411910655||1210568422||cn||
3411910656||3411918847||1210568422||cn||
3411918848||3411935231||1210568422||cn||
3411935232||3411936255||1210568422||cn||
3411936256||3411937279||1210568422||cn||
3411937280||3411939327||1210568422||cn||
3411939328||3411943423||1210568422||cn||
3412000768||3412002815||1210568422||cn||
3412025344||3412029439||1210568422||cn||
3412029440||3412033535||1210568422||cn||
3412267008||3412271103||1210568422||cn||
3412283392||3412287487||1210568422||cn||
3412336640||3412340735||1210568422||cn||
3412348928||3412353023||1210568422||cn||
3412353024||3412361215||1210568422||cn||
3412377600||3412381695||1210568422||cn||
3413024768||3413032959||1210568422||cn||
3413557248||3413565439||1210568422||cn||
3413579776||3413581823||1210568422||cn||
3413581824||3413582847||1210568422||cn||
3414171648||3414179839||1210568422||cn||
3414188032||3414196223||1210568422||cn||
3414302720||3414310911||1210568422||cn||
3414433792||3414441983||1210568422||cn||
3414618112||3414620159||1210568422||cn||
3414646784||3414650879||1210568422||cn||
3414650880||3414654975||1210568422||cn||
3414663168||3414667263||1210568422||cn||
3415137024||3415137279||1210568422||cn||
3415474176||3415490559||1210568422||cn||
3415752704||3415760895||1210568422||cn||
3416047616||3416063999||1210568422||cn||
3416133632||3416135679||1210568422||cn||
3416375296||3416383487||1210568422||cn||
3416694784||3416702975||1210568422||cn||
3417038848||3417042943||1210568422||cn||
3417179904||3417180159||1210568422||cn||
3417202688||3417210879||1210568422||cn||
3417276416||3417284607||1210568422||cn||
3417292800||3417309183||1210568422||cn||
3417352192||3417354239||1210568422||cn||
3417853952||3417858047||1210568422||cn||
3418071040||3418079231||1210568422||cn||
3418251264||3418255359||1210568422||cn||
3418296320||3418300415||1210568422||cn||
3418308608||3418324991||1210568422||cn||
3418329088||3418331135||1210568422||cn||
3418331136||3418333183||1210568422||cn||
3418357760||3418365951||1210568422||cn||
3418619904||3418621951||1210568422||cn||
3419357184||3419373567||1210568422||cn||
3419373568||3419406335||1210568422||cn||
3419406336||3419410431||1210568422||cn||
3419410432||3419411455||1210568422||cn||
3419414528||3419422719||1210568422||cn||
3419529216||3419537407||1210568422||cn||
3419668480||3419672575||1210568422||cn||
3419688960||3419693055||1210568422||cn||
3420372992||3420377087||1210568422||cn||
3420389376||3420393471||1210568422||cn||
3523346432||3523350527||1210568422||cn||
3523350528||3523354623||1210568422||cn||
3523543040||3523551231||1210568422||cn||
3523579904||3523583999||1210568422||cn||
3524001792||3524018175||1210568422||cn||
3524018176||3524034559||1210568422||cn||
3524034560||3524050943||1210568422||cn||
3524050944||3524067327||1210568422||cn||
3524067328||3524083711||1210568422||cn||
3524083712||3524100095||1210568422||cn||
3524100096||3524132863||1210568422||cn||
3524149248||3524157439||1210568422||cn||
3524161536||3524165631||1210568422||cn||
3524165632||3524173823||1210568422||cn||
3524173824||3524182015||1210568422||cn||
3524182016||3524190207||1210568422||cn||
3524190208||3524198399||1210568422||cn||
3524198400||3524206591||1210568422||cn||
3524206592||3524214783||1210568422||cn||
3524214784||3524222975||1210568422||cn||
3524222976||3524231167||1210568422||cn||
3524231168||3524247551||1210568422||cn||
3524296704||3524313087||1210568422||cn||
3524591616||3524624383||1210568422||cn||
3524624384||3524657151||1210568422||cn||
3524657152||3524722687||1210568422||cn||
3524730880||3524739071||1210568422||cn||
3524853760||3524919295||1210568422||cn||
3524919296||3525050367||1210568422||cn||
3525050368||3525312511||1210568422||cn||
3525312512||3525574655||1210568422||cn||
3525574656||3525836799||1210568422||cn||
3525836800||3526361087||1210568422||cn||
3526557696||3526623231||1210568422||cn||
3526623232||3526639615||1210568422||cn||
3526639616||3526655999||1210568422||cn||
3526656000||3526688767||1210568422||cn||
3526688768||3526721535||1210568422||cn||
3526721536||3526754303||1210568422||cn||
3526934528||3526942719||1210568422||cn||
3527933952||3527966719||1210568422||cn||
3527966720||3527974911||1210568422||cn||
3527974912||3527983103||1210568422||cn||
3527983104||3527999487||1210568422||cn||
3527999488||3528007679||1210568422||cn||
3528007680||3528015871||1210568422||cn||
3528015872||3528032255||1210568422||cn||
3528032256||3528065023||1210568422||cn||
3528065024||3528073215||1210568422||cn||
3528073216||3528081407||1210568422||cn||
3528081408||3528089599||1210568422||cn||
3528089600||3528097791||1210568422||cn||
3528097792||3528105983||1210568422||cn||
3528105984||3528114175||1210568422||cn||
3528114176||3528130559||1210568422||cn||
3528130560||3528196095||1210568422||cn||
3528196096||3528204287||1210568422||cn||
3528204288||3528212479||1210568422||cn||
3528212480||3528228863||1210568422||cn||
3528228864||3528261631||1210568422||cn||
3528261632||3528327167||1210568422||cn||
3528327168||3528335359||1210568422||cn||
3528335360||3528343551||1210568422||cn||
3528343552||3528359935||1210568422||cn||
3528359936||3528368127||1210568422||cn||
3528368128||3528376319||1210568422||cn||
3528376320||3528392703||1210568422||cn||
3528409088||3528425471||1210568422||cn||
3528450048||3528458239||1210568422||cn||
3528589312||3528720383||1210568422||cn||
3528949760||3528953855||1210568422||cn||
3528953856||3528957951||1210568422||cn||
3528957952||3528966143||1210568422||cn||
3535388672||3535405055||1210568422||cn||
3535822848||3535831039||1210568422||cn||
3544186880||3544449023||1210568422||cn||
3544449024||3544580095||1210568422||cn||
3544580096||3544711167||1210568422||cn||
3545235456||3545300991||1210568422||cn||
3545300992||3545366527||1210568422||cn||
3545366528||3545432063||1210568422||cn||
3545432064||3545497599||1210568422||cn||
3545497600||3545628671||1210568422||cn||
3545628672||3545759743||1210568422||cn||
3545759744||3545825279||1210568422||cn||
3545825280||3545890815||1210568422||cn||
3545890816||3546021887||1210568422||cn||
3546021888||3546152959||1210568422||cn||
3546152960||3546284031||1210568422||cn||
3546284032||3546415103||1210568422||cn||
3546415104||3546546175||1210568422||cn||
3546546176||3546611711||1210568422||cn||
3546611712||3546628095||1210568422||cn||
3546628096||3546644479||1210568422||cn||
3546644480||3546677247||1210568422||cn||
3546677248||3546742783||1210568422||cn||
3546742784||3546775551||1210568422||cn||
3546775552||3546808319||1210568422||cn||
3548905472||3549167615||1210568422||cn||
3549167616||3549298687||1210568422||cn||
3549298688||3549331455||1210568422||cn||
3549331456||3549364223||1210568422||cn||
3549364224||3549429759||1210568422||cn||
3549429760||3549560831||1210568422||cn||
3549560832||3549626367||1210568422||cn||
3549626368||3549691903||1210568422||cn||
3549691904||3549954047||1210568422||cn||
3549954048||3550085119||1210568422||cn||
3550085120||3550150655||1210568422||cn||
3550150656||3550167039||1210568422||cn||
3550167040||3550175231||1210568422||cn||
3550175232||3550183423||1210568422||cn||
3550183424||3550216191||1210568422||cn||
3550216192||3550478335||1210568422||cn||
3550478336||3550740479||1210568422||cn||
3550740480||3551002623||1210568422||cn||
3657433088||3657498623||1210568422||cn||
3657498624||3657564159||1210568422||cn||
3657564160||3657695231||1210568422||cn||
3657695232||3657826303||1210568422||cn||
3657826304||3657891839||1210568422||cn||
3657891840||3657957375||1210568422||cn||
3657957376||3658088447||1210568422||cn||
3658088448||3658153983||1210568422||cn||
3658153984||3658219519||1210568422||cn||
3658219520||3658285055||1210568422||cn||
3658285056||3658350591||1210568422||cn||
3658350592||3658481663||1210568422||cn||
3658481664||3658743807||1210568422||cn||
3658743808||3658809343||1210568422||cn||
3658809344||3658842111||1210568422||cn||
3658842112||3658874879||1210568422||cn||
3658874880||3659005951||1210568422||cn||
3659005952||3659137023||1210568422||cn||
3659137024||3659202559||1210568422||cn||
3659202560||3659268095||1210568422||cn||
3659268096||3659399167||1210568422||cn||
3659399168||3659530239||1210568422||cn||
3661103104||3661365247||1210568422||cn||
3661365248||3661496319||1210568422||cn||
3661496320||3661529087||1210568422||cn||
3661529088||3661561855||1210568422||cn||
3661561856||3661627391||1210568422||cn||
3661627392||3661758463||1210568422||cn||
3661758464||3661823999||1210568422||cn||
3661824000||3661856767||1210568422||cn||
3661856768||3661889535||1210568422||cn||
3661889536||3662020607||1210568422||cn||
3662020608||3662151679||1210568422||cn||
3662151680||3662413823||1210568422||cn||
3662413824||3662544895||1210568422||cn||
3662544896||3662675967||1210568422||cn||
3662675968||3662938111||1210568422||cn||
3662938112||3663200255||1210568422||cn||
3663200256||3663724543||1210568422||cn||
3663724544||3663986687||1210568422||cn||
3664248832||3664281599||1210568422||cn||
3664281600||3664289791||1210568422||cn||
3664289792||3664297983||1210568422||cn||
3664297984||3664300031||1210568422||cn||
3664300032||3664302079||1210568422||cn||
3664302080||3664306175||1210568422||cn||
3664306176||3664314367||1210568422||cn||
3664314368||3664379903||1210568422||cn||
3664379904||3664510975||1210568422||cn||
3664510976||3664576511||1210568422||cn||
3664576512||3664642047||1210568422||cn||
3669606400||3669614591||1210568422||cn||
3670016000||3670081535||1210568422||cn||
3670081536||3670147071||1210568422||cn||
3670147072||3670212607||1210568422||cn||
3670212608||3670278143||1210568422||cn||
3670278144||3670540287||1210568422||cn||
3670540288||3670802431||1210568422||cn||
3670802432||3670933503||1210568422||cn||
3670933504||3671064575||1210568422||cn||
3673161728||3673423871||1210568422||cn||
3673423872||3673554943||1210568422||cn||
3673554944||3673686015||1210568422||cn||
3673751552||3673817087||1210568422||cn||
3678928896||3678994431||1210568422||cn||
3679584256||3679649791||1210568422||cn||
3682598912||3683647487||1210568422||cn||
3683647488||3683909631||1210568422||cn||
3683909632||3683975167||1210568422||cn||
3683975168||3684007935||1210568422||cn||
3684007936||3684024319||1210568422||cn||
3684024320||3684040703||1210568422||cn||
3684040704||3684048895||1210568422||cn||
3684048896||3684057087||1210568422||cn||
3684057088||3684065279||1210568422||cn||
3684065280||3684069375||1210568422||cn||
3684069376||3684073471||1210568422||cn||
3684073472||3684106239||1210568422||cn||
3684106240||3684114431||1210568422||cn||
3684114432||3684122623||1210568422||cn||
3684122624||3684139007||1210568422||cn||
3684139008||3684171775||1210568422||cn||
3684171776||3684302847||1210568422||cn||
3684302848||3684433919||1210568422||cn||
3684433920||3684564991||1210568422||cn||
3684564992||3684597759||1210568422||cn||
3684597760||3684630527||1210568422||cn||
3684630528||3684646911||1210568422||cn||
3684646912||3684663295||1210568422||cn||
3684663296||3684696063||1210568422||cn||
3688366080||3688497151||1210568422||cn||
3688497152||3688628223||1210568422||cn||
3688628224||3688693759||1210568422||cn||
3688693760||3688759295||1210568422||cn||
3688759296||3688890367||1210568422||cn||
3688890368||3689021439||1210568422||cn||
3689021440||3689086975||1210568422||cn||
3689086976||3689152511||1210568422||cn||
3689152512||3689283583||1210568422||cn||
3689283584||3689414655||1210568422||cn||
3689414656||3689676799||1210568422||cn||
3689676800||3689807871||1210568422||cn||
3689807872||3689938943||1210568422||cn||
3690070016||3690201087||1210568422||cn||
3690201088||3690463231||1210568422||cn||
3697655808||3697672191||1210568422||cn||
3698327552||3698589695||1210568422||cn||
3700981760||3701014527||1210568422||cn||
3701080064||3701211135||1210568422||cn||
3701473280||3703570431||1210568422||cn||
3703570432||3703701503||1210568422||cn||
3703701504||3703832575||1210568422||cn||
3703832576||3704094719||1210568422||cn||
3704094720||3704619007||1210568422||cn||
3706126336||3706142719||1210568422||cn||
3706159104||3706191871||1210568422||cn||
3706208256||3706224639||1210568422||cn||
3706322944||3706388479||1210568422||cn||
3706847232||3706978303||1210568422||cn||
3707240448||3707502591||1210568422||cn||
3707502592||3707568127||1210568422||cn||
3707764736||3707895807||1210568422||cn||
3707895808||3707961343||1210568422||cn||
3707961344||3707994111||1210568422||cn||
3707994112||3708026879||1210568422||cn||
3708026880||3708092415||1210568422||cn||
3708092416||3708125183||1210568422||cn||
3708125184||3708157951||1210568422||cn||
3708157952||3708223487||1210568422||cn||
3708223488||3708231679||1210568422||cn||
3708231680||3708239871||1210568422||cn||
3708239872||3708248063||1210568422||cn||
3708248064||3708256255||1210568422||cn||
3708256256||3708289023||1210568422||cn||
3708289024||3708420095||1210568422||cn||
3708420096||3708485631||1210568422||cn||
3708485632||3708518399||1210568422||cn||
3708518400||3708534783||1210568422||cn||
3708534784||3708542975||1210568422||cn||
3708542976||3708551167||1210568422||cn||
3708551168||3708583935||1210568422||cn||
3708583936||3708600319||1210568422||cn||
3708616704||3708633087||1210568422||cn||
3708633088||3708641279||1210568422||cn||
3708641280||3708649471||1210568422||cn||
3708649472||3708682239||1210568422||cn||
3708682240||3708813311||1210568422||cn||
3715760128||3715891199||1210568422||cn||
3716218880||3716284415||1210568422||cn||
3716284416||3716415487||1210568422||cn||
3716538368||3716546559||1210568422||cn||
3716677632||3716743167||1210568422||cn||
3716743168||3716808703||1210568422||cn||
3719036928||3719299071||1210568422||cn||
3719299072||3719823359||1210568422||cn||
3720347648||3720478719||1210568422||cn||
3720478720||3720544255||1210568422||cn||
3720544256||3720609791||1210568422||cn||
3720609792||3720740863||1210568422||cn||
3720740864||3720806399||1210568422||cn||
3720806400||3720814591||1210568422||cn||
3720814592||3720818687||1210568422||cn||
3720818688||3720822783||1210568422||cn||
3720822784||3720839167||1210568422||cn||
3720839168||3720855551||1210568422||cn||
3720855552||3720859647||1210568422||cn||
3720863744||3720871935||1210568422||cn||
3720871936||3721134079||1210568422||cn||
3721134080||3721265151||1210568422||cn||
3721265152||3721330687||1210568422||cn||
3721330688||3721347071||1210568422||cn||
3721347072||3721363455||1210568422||cn||
3721363456||3721396223||1210568422||cn||
3721396224||3721658367||1210568422||cn||
3721658368||3721723903||1210568422||cn||
3721723904||3721789439||1210568422||cn||
3721789440||3721920511||1210568422||cn||
3721920512||3722444799||1210568422||cn||
3722444800||3722969087||1210568422||cn||
3722969088||3723231231||1210568422||cn||
3723231232||3723362303||1210568422||cn||
3723362304||3723427839||1210568422||cn||
3723427840||3723460607||1210568422||cn||
3723460608||3723493375||1210568422||cn||
3725590528||3725721599||1210568422||cn||
3725721600||3725852671||1210568422||cn||
3725852672||3725983743||1210568422||cn||
3725983744||3726049279||1210568422||cn||
3726049280||3726114815||1210568422||cn||
3726114816||3726245887||1210568422||cn||
3726245888||3726376959||1210568422||cn||
3726376960||3726639103||1210568422||cn||
3726639104||3728736255||1210568422||cn||
3728736256||3729260543||1210568422||cn||
3729260544||3729391615||1210568422||cn||
3729391616||3729457151||1210568422||cn||
3729457152||3729522687||1210568422||cn||
3729522688||3729784831||1210568422||cn||
3729784832||3729915903||1210568422||cn||
3729915904||3729981439||1210568422||cn||
3729981440||3730014207||1210568422||cn||
3730014208||3730046975||1210568422||cn||
3730046976||3730112511||1210568422||cn||
3730112512||3730145279||1210568422||cn||
3730145280||3730178047||1210568422||cn||
3730178048||3730309119||1210568422||cn||
3730309120||3730440191||1210568422||cn||
3730440192||3730571263||1210568422||cn||
3730571264||3730833407||1210568422||cn||
3732733952||3732799487||1210568422||cn||
3732832256||3732865023||1210568422||cn||
3732930560||3733192703||1210568422||cn||
3733192704||3733454847||1210568422||cn||
3733454848||3733979135||1210568422||cn||
3735027712||3735158783||1210568422||cn||
3735158784||3735224319||1210568422||cn||
3735224320||3735232511||1210568422||cn||
3735232512||3735240703||1210568422||cn||
3735240704||3735257087||1210568422||cn||
3735257088||3735289855||1210568422||cn||
3735552000||3735683071||1210568422||cn||
3735683072||3735814143||1210568422||cn||
3735814144||3735846911||1210568422||cn||
3735846912||3735879679||1210568422||cn||
3735879680||3735945215||1210568422||cn||
3735945216||3736076287||1210568422||cn||
3736076288||3736600575||1210568422||cn||
3736600576||3737124863||1210568422||cn||
3737124864||3737387007||1210568422||cn||
3737387008||3737518079||1210568422||cn||
3737518080||3737583615||1210568422||cn||
3737583616||3737649151||1210568422||cn||
3737649152||3737911295||1210568422||cn||
3737911296||3738042367||1210568422||cn||
3738042368||3738173439||1210568422||cn||
3738173440||3738697727||1210568422||cn||
3738697728||3738828799||1210568422||cn||
3738828800||3738894335||1210568422||cn||
3738894336||3738959871||1210568422||cn||
3738959872||3739090943||1210568422||cn||
3739090944||3739222015||1210568422||cn||
3740270592||3740794879||1210568422||cn||
3740794880||3740860415||1210568422||cn||
3740860416||3740893183||1210568422||cn||
3740893184||3740901375||1210568422||cn||
3740901376||3740905471||1210568422||cn||
3740905472||3740909567||1210568422||cn||
3740909568||3740925951||1210568422||cn||
