--||--||--||co||Colombia
1115693056||1115697151||1210568422||co||
1122451456||1122455551||1210568422||co||
2650603520||2650669055||1210568422||co||
2830106624||2830172159||1210568422||co||
3187671040||3187687423||1210568422||co||
3187752960||3187761151||1210568422||co||
3187769344||3187802111||1210568422||co||
3187916800||3187924991||1210568422||co||
3187924992||3187933183||1210568422||co||
3188047872||3188051967||1210568422||co||
3188105216||3188109311||1210568422||co||
3188109312||3188113407||1210568422||co||
3188146176||3188150271||1210568422||co||
3188150272||3188154367||1210568422||co||
3188154368||3188158463||1210568422||co||
3188162560||3188166655||1210568422||co||
3188166656||3188170751||1210568422||co||
3188244480||3188252671||1210568422||co||
3188277248||3188285439||1210568422||co||
3188285440||3188293631||1210568422||co||
3188310016||3188318207||1210568422||co||
3188490240||3188498431||1210568422||co||
3188523008||3188531199||1210568422||co||
3188531200||3188539391||1210568422||co||
3188547584||3188551679||1210568422||co||
3188572160||3188576255||1210568422||co||
3188645888||3188649983||1210568422||co||
3188654080||3188662271||1210568422||co||
3189243904||3189309439||1210568422||co||
3189309440||3189374975||1210568422||co||
3189374976||3189440511||1210568422||co||
3189440512||3189506047||1210568422||co||
3189506048||3189571583||1210568422||co||
3189571584||3189637119||1210568422||co||
3191078912||3191087103||1210568422||co||
3191103488||3191107583||1210568422||co||
3191603200||3191734271||1210568422||co||
3191930880||3191996415||1210568422||co||
3191996416||3192127487||1210568422||co||
3192127488||3192258559||1210568422||co||
3192258560||3192291327||1210568422||co||
3192291328||3192324095||1210568422||co||
3192324096||3192389631||1210568422||co||
3193110528||3193143295||1210568422||co||
3193176064||3193241599||1210568422||co||
3193569280||3193634815||1210568422||co||
3193798656||3193806847||1210568422||co||
3193995264||3194003455||1210568422||co||
3194003456||3194011647||1210568422||co||
3194044416||3194048511||1210568422||co||
3194060800||3194068991||1210568422||co||
3194191872||3194224639||1210568422||co||
3194404864||3194408959||1210568422||co||
3196059648||3196067839||1210568422||co||
3196067840||3196076031||1210568422||co||
3196076032||3196092415||1210568422||co||
3197108224||3197370367||1210568422||co||
3197894656||3198025727||1210568422||co||
3198025728||3198156799||1210568422||co||
3198484480||3198500863||1210568422||co||
3199598592||3199614975||1210568422||co||
3203399680||3203416063||1210568422||co||
3203530752||3203596287||1210568422||co||
3203923968||3204055039||1210568422||co||
3204186112||3204448255||1210568422||co||
3325249280||3325249535||1210568422||co||
3355443200||3355445247||1210568422||co||
3355459072||3355459327||1210568422||co||
3355494656||3355494911||1210568422||co||
3355525120||3355533311||1210568422||co||
3355533312||3355535359||1210568422||co||
3355540480||3355540735||1210568422||co||
3355540992||3355541247||1210568422||co||
3355541248||3355541503||1210568422||co||
3355553024||3355553279||1210568422||co||
3355553536||3355553791||1210568422||co||
3355557888||3355559935||1210568422||co||
3355590656||3355592703||1210568422||co||
3355672576||3355676671||1210568422||co||
3355676672||3355677183||1210568422||co||
3355677696||3355678719||1210568422||co||
3355678720||3355679743||1210568422||co||
3355679744||3355680767||1210568422||co||
3355680768||3355682815||1210568422||co||
3355688960||3355689471||1210568422||co||
3355702272||3355703295||1210568422||co||
3355709440||3355713535||1210568422||co||
3355785216||3355787263||1210568422||co||
3355877376||3355881471||1210568422||co||
3355881472||3355885567||1210568422||co||
3356037120||3356041215||1210568422||co||
3356051456||3356051711||1210568422||co||
3356087040||3356087295||1210568422||co||
3356174336||3356176383||1210568422||co||
3356273152||3356273407||1210568422||co||
3356274432||3356274687||1210568422||co||
3356274688||3356278783||1210568422||co||
3356344320||3356352511||1210568422||co||
3356352512||3356360703||1210568422||co||
3356370944||3356372991||1210568422||co||
3356389376||3356389887||1210568422||co||
3356391424||3356393471||1210568422||co||
3356819456||3356884991||1210568422||co||
3357016064||3357018111||1210568422||co||
3357018112||3357018367||1210568422||co||
3357018368||3357018623||1210568422||co||
3357020160||3357024255||1210568422||co||
3357024256||3357028351||1210568422||co||
3357028352||3357032447||1210568422||co||
3357032448||3357040639||1210568422||co||
3357040640||3357044735||1210568422||co||
3357044736||3357048831||1210568422||co||
3357081600||3357114367||1210568422||co||
3357138944||3357143039||1210568422||co||
3357143040||3357147135||1210568422||co||
3357179904||3357188095||1210568422||co||
3357368320||3357372415||1210568422||co||
3357372416||3357376511||1210568422||co||
3357403136||3357405183||1210568422||co||
3357425664||3357429759||1210568422||co||
3357429760||3357433855||1210568422||co||
3357433856||3357442047||1210568422||co||
3357491200||3357499391||1210568422||co||
3357523968||3357528063||1210568422||co||
3357528064||3357532159||1210568422||co||
3357745152||3357749247||1210568422||co||
3357749248||3357753343||1210568422||co||
3359293440||3359297535||1210568422||co||
3359297536||3359301631||1210568422||co||
3359301632||3359305727||1210568422||co||
3359473664||3359481855||1210568422||co||
3359932416||3359948799||1210568422||co||
3359989760||3359993855||1210568422||co||
3359993856||3359997951||1210568422||co||
3360104448||3360108543||1210568422||co||
3360108544||3360112639||1210568422||co||
3360112640||3360116735||1210568422||co||
3360120832||3360124927||1210568422||co||
3360124928||3360129023||1210568422||co||
3360227328||3360243711||1210568422||co||
3360243712||3360251903||1210568422||co||
3360282624||3360284671||1210568422||co||
3360325632||3360333823||1210568422||co||
3360366592||3360374783||1210568422||co||
3360374784||3360382975||1210568422||co||
3360686080||3360702463||1210568422||co||
3361071104||3361075199||1210568422||co||
3361075200||3361079295||1210568422||co||
3361300480||3361304575||1210568422||co||
3361304576||3361308671||1210568422||co||
3361325056||3361329151||1210568422||co||
3361329152||3361333247||1210568422||co||
3361333248||3361337343||1210568422||co||
3361337344||3361341439||1210568422||co||
3361456128||3361464319||1210568422||co||
3361464320||3361472511||1210568422||co||
3361570816||3361579007||1210568422||co||
3361579008||3361587199||1210568422||co||
3362422784||3362426879||1210568422||co||
3362430976||3362439167||1210568422||co||
3362439168||3362447359||1210568422||co||
3362676736||3362680831||1210568422||co||
3362684928||3362693119||1210568422||co||
3362695168||3362697215||1210568422||co||
3362914304||3362918399||1210568422||co||
3362918400||3362922495||1210568422||co||
3362922496||3362930687||1210568422||co||
3362930688||3362934783||1210568422||co||
3363004416||3363008511||1210568422||co||
3363008512||3363012607||1210568422||co||
3363045376||3363078143||1210568422||co||
3363078144||3363110911||1210568422||co||
3363176448||3363209215||1210568422||co||
3363209216||3363241983||1210568422||co||
3363241984||3363250175||1210568422||co||
3363250176||3363258367||1210568422||co||
3363258368||3363274751||1210568422||co||
3363487744||3363495935||1210568422||co||
3363495936||3363500031||1210568422||co||
3363500032||3363504127||1210568422||co||
3363561472||3363565567||1210568422||co||
3363610624||3363614719||1210568422||co||
3386376192||3386384383||1210568422||co||
3386384384||3386392575||1210568422||co||
3386490880||3386499071||1210568422||co||
3386621952||3386630143||1210568422||co||
3386646528||3386650623||1210568422||co||
3386650624||3386654719||1210568422||co||
3386654720||3386658815||1210568422||co||
3386658816||3386662911||1210568422||co||
3386736640||3386740735||1210568422||co||
3386740736||3386744831||1210568422||co||
3386744832||3386748927||1210568422||co||
3386748928||3386753023||1210568422||co||
3387162624||3387195391||1210568422||co||
3387195392||3387228159||1210568422||co||
3387424768||3387457535||1210568422||co||
3387457536||3387490303||1210568422||co||
3387490304||3387523071||1210568422||co||
3387523072||3387555839||1210568422||co||
3387736064||3387744255||1210568422||co||
3387744256||3387752447||1210568422||co||
3388211200||3388276735||1210568422||co||
3388276736||3388342271||1210568422||co||
3470752768||3470753023||1210568422||co||
3639672832||3639681023||1210568422||co||
