--||--||--||cz||Czech Republic
1040474112||1040482303||1210568422||cz||
1041776640||1041784831||1210568422||cz||
1042825216||1042833407||1210568422||cz||
1043070976||1043079167||1210568422||cz||
1045250048||1045266431||1210568422||cz||
1045446656||1045454847||1210568422||cz||
1045725184||1045733375||1210568422||cz||
1048649728||1048657919||1210568422||cz||
1049427968||1049436159||1210568422||cz||
1051197440||1051213823||1210568422||cz||
1051803648||1051820031||1210568422||cz||
1052174336||1052176383||1210568422||cz||
1053614080||1053622271||1210568422||cz||
1053933568||1053949951||1210568422||cz||
1055956992||1055965183||1210568422||cz||
1056260096||1056276479||1210568422||cz||
1294991360||1295056895||1210568422||cz||
1296779264||1296781311||1210568422||cz||
1296973824||1296990207||1210568422||cz||
1297606656||1297608703||1210568422||cz||
1297924096||1297932287||1210568422||cz||
1297989632||1297997823||1210568422||cz||
1298081792||1298083839||1210568422||cz||
1298120704||1298122751||1210568422||cz||
1298710528||1298726911||1210568422||cz||
1307361280||1307369471||1210568422||cz||
1307410432||1307418623||1210568422||cz||
1307598848||1307602943||1210568422||cz||
1307619328||1307623423||1210568422||cz||
1307725824||1307729919||1210568422||cz||
1310197760||1310199807||1210568422||cz||
1310255104||1310257151||1210568422||cz||
1310660608||1310662655||1210568422||cz||
1311311872||1311313919||1210568422||cz||
1311313920||1311315967||1210568422||cz||
1311506432||1311637503||1210568422||cz||
1313865728||1313931263||1210568422||cz||
1315307520||1315438591||1210568422||cz||
1315725312||1315729407||1210568422||cz||
1315737600||1315741695||1210568422||cz||
1315745792||1315749887||1210568422||cz||
1315885056||1315889151||1210568422||cz||
1317044224||1317076991||1210568422||cz||
1317568512||1317584895||1210568422||cz||
1318854656||1318862847||1210568422||cz||
1318879232||1318887423||1210568422||cz||
1318952960||1318961151||1210568422||cz||
1331841024||1331843071||1210568422||cz||
1331861504||1331863551||1210568422||cz||
1333755904||1333788671||1210568422||cz||
1334702080||1334706175||1210568422||cz||
1336604672||1336606719||1210568422||cz||
1336653824||1336655871||1210568422||cz||
1336811520||1336819711||1210568422||cz||
1346482176||1346486271||1210568422||cz||
1347035136||1347039231||1210568422||cz||
1347325952||1347330047||1210568422||cz||
1347358720||1347362815||1210568422||cz||
1347588096||1347592191||1210568422||cz||
1347633152||1347637247||1210568422||cz||
1347923968||1347928063||1210568422||cz||
1348427776||1348431871||1210568422||cz||
1348431872||1348435967||1210568422||cz||
1348464640||1348468735||1210568422||cz||
1354498048||1354563583||1210568422||cz||
1358561280||1358565375||1210568422||cz||
1358565376||1358569471||1210568422||cz||
1358688256||1358692351||1210568422||cz||
1359003648||1359020031||1210568422||cz||
1359134720||1359151103||1210568422||cz||
1360199680||1360203775||1210568422||cz||
1360207872||1360211967||1210568422||cz||
1360596992||1360601087||1210568422||cz||
1360773120||1360777215||1210568422||cz||
1360793600||1360797695||1210568422||cz||
1360977920||1360986111||1210568422||cz||
1360994304||1360998399||1210568422||cz||
1364893696||1364897791||1210568422||cz||
1364914176||1364918271||1210568422||cz||
1364938752||1364942847||1210568422||cz||
1364971520||1364975615||1210568422||cz||
1365020672||1365024767||1210568422||cz||
1365204992||1365209087||1210568422||cz||
1372073984||1372078079||1210568422||cz||
1372139520||1372143615||1210568422||cz||
1382252544||1382268927||1210568422||cz||
1382285312||1382301695||1210568422||cz||
1383145472||1383153663||1210568422||cz||
1383251968||1383260159||1210568422||cz||
1383432192||1383440383||1210568422||cz||
1385054208||1385070591||1210568422||cz||
1385603072||1385611263||1210568422||cz||
1388969984||1389002751||1210568422||cz||
1389363200||1389379583||1210568422||cz||
1389428736||1389445119||1210568422||cz||
1397039104||1397047295||1210568422||cz||
1401473024||1401475071||1210568422||cz||
1402208256||1402224639||1210568422||cz||
1406140416||1406205951||1210568422||cz||
1408237568||1408270335||1210568422||cz||
1410359296||1410367487||1210568422||cz||
1410547712||1410555903||1210568422||cz||
1410686976||1410695167||1210568422||cz||
1411821568||1411825663||1210568422||cz||
1412071424||1412104191||1210568422||cz||
1425162240||1425178623||1210568422||cz||
1425293312||1425309695||1210568422||cz||
1426931712||1426948095||1210568422||cz||
1430650880||1430781951||1210568422||cz||
1432100864||1432109055||1210568422||cz||
1432182784||1432190975||1210568422||cz||
1432199168||1432207359||1210568422||cz||
1433763840||1433772031||1210568422||cz||
1433884672||1433886719||1210568422||cz||
1434746880||1434779647||1210568422||cz||
1434910720||1434943487||1210568422||cz||
1436549120||1436811263||1210568422||cz||
1438711808||1438728191||1210568422||cz||
1439334400||1439338495||1210568422||cz||
1439629312||1439694847||1210568422||cz||
1441742848||1441751039||1210568422||cz||
1441783808||1441791999||1210568422||cz||
1446051840||1446117375||1210568422||cz||
1446871040||1446903807||1210568422||cz||
1447018496||1447026687||1210568422||cz||
1475133440||1475135487||1210568422||cz||
1475969024||1475977215||1210568422||cz||
1481719808||1481727999||1210568422||cz||
1481875456||1481883647||1210568422||cz||
1481891840||1481900031||1210568422||cz||
1482055680||1482063871||1210568422||cz||
1482948608||1483210751||1210568422||cz||
1485963264||1485996031||1210568422||cz||
1485996032||1486028799||1210568422||cz||
1490042880||1490059263||1210568422||cz||
1494745088||1494777855||1210568422||cz||
1494777856||1494810623||1210568422||cz||
1495072768||1495105535||1210568422||cz||
1495205888||1495207935||1210568422||cz||
1495214080||1495216127||1210568422||cz||
1495244800||1495246847||1210568422||cz||
1499856896||1499987967||1210568422||cz||
1500217344||1500219391||1210568422||cz||
1500463104||1500479487||1210568422||cz||
1504706560||1504837631||1210568422||cz||
1505353728||1505361919||1210568422||cz||
1505460224||1505468415||1210568422||cz||
1505468416||1505476607||1210568422||cz||
1505632256||1505640447||1210568422||cz||
1505640448||1505648639||1210568422||cz||
1506508800||1506541567||1210568422||cz||
1507708928||1507713023||1210568422||cz||
1508474880||1508491263||1210568422||cz||
1508573184||1508589567||1210568422||cz||
1508835328||1508851711||1210568422||cz||
1509486592||1509490687||1210568422||cz||
1509580800||1509584895||1210568422||cz||
1509617664||1509621759||1210568422||cz||
1521483776||1522008063||1210568422||cz||
1533435904||1533437951||1210568422||cz||
1533517824||1533519871||1210568422||cz||
1538990080||1538998271||1210568422||cz||
1539211264||1539213311||1210568422||cz||
1539408896||1539409919||1210568422||cz||
1539533312||1539533823||1210568422||cz||
1539557888||1539558399||1210568422||cz||
1539666944||1539667967||1210568422||cz||
1539806464||1539806719||1210568422||cz||
1539810304||1539810559||1210568422||cz||
1539811328||1539811583||1210568422||cz||
1539821312||1539821567||1210568422||cz||
1539904512||1539905535||1210568422||cz||
1545994240||1546027007||1210568422||cz||
1546336256||1546338303||1210568422||cz||
1547522048||1547526143||1210568422||cz||
1547624448||1547628543||1210568422||cz||
1547644928||1547649023||1210568422||cz||
1559273472||1559281663||1210568422||cz||
1559478272||1559486463||1210568422||cz||
1560117248||1560150015||1210568422||cz||
1566138368||1566142463||1210568422||cz||
1566150656||1566154751||1210568422||cz||
1566220288||1566224383||1210568422||cz||
1566257152||1566261247||1210568422||cz||
1566322688||1566324735||1210568422||cz||
1566515200||1566517247||1210568422||cz||
1566769152||1566834687||1210568422||cz||
1571422208||1571553279||1210568422||cz||
1572159488||1572175871||1210568422||cz||
3238061824||3238062079||1210568422||cz||
3239077888||3239078143||1210568422||cz||
3239120128||3239120383||1210568422||cz||
3239292928||3239293951||1210568422||cz||
3239889408||3239889663||1210568422||cz||
3239955968||3239956223||1210568422||cz||
3240168960||3240169471||1210568422||cz||
3240197632||3240198143||1210568422||cz||
3241120256||3241120511||1210568422||cz||
3241822208||3241824255||1210568422||cz||
3243507968||3243508223||1210568422||cz||
3243508224||3243508479||1210568422||cz||
3243508480||3243508735||1210568422||cz||
3243508736||3243508991||1210568422||cz||
3243508992||3243509247||1210568422||cz||
3243509248||3243509503||1210568422||cz||
3243509504||3243509759||1210568422||cz||
3243510272||3243510527||1210568422||cz||
3243510528||3243510783||1210568422||cz||
3243510784||3243511039||1210568422||cz||
3243511040||3243511295||1210568422||cz||
3243511296||3243511551||1210568422||cz||
3243511552||3243511807||1210568422||cz||
3243515904||3243519999||1210568422||cz||
3243520000||3243520255||1210568422||cz||
3243520256||3243520511||1210568422||cz||
3243521280||3243521535||1210568422||cz||
3243521792||3243522047||1210568422||cz||
3243522048||3243522303||1210568422||cz||
3243522304||3243522559||1210568422||cz||
3243522560||3243522815||1210568422||cz||
3243522816||3243523071||1210568422||cz||
3243523072||3243523327||1210568422||cz||
3243523328||3243523583||1210568422||cz||
3243523584||3243523839||1210568422||cz||
3243523840||3243524095||1210568422||cz||
3243525120||3243525375||1210568422||cz||
3243525632||3243525887||1210568422||cz||
3243528192||3243528447||1210568422||cz||
3243528448||3243528703||1210568422||cz||
3243528704||3243528959||1210568422||cz||
3243528960||3243529215||1210568422||cz||
3243531264||3243531519||1210568422||cz||
3243531520||3243531775||1210568422||cz||
3243532288||3243532543||1210568422||cz||
3243532544||3243532799||1210568422||cz||
3243532800||3243533055||1210568422||cz||
3243533056||3243533311||1210568422||cz||
3243533312||3243533567||1210568422||cz||
3243533568||3243533823||1210568422||cz||
3243533824||3243534079||1210568422||cz||
3243534080||3243534335||1210568422||cz||
3243534336||3243534591||1210568422||cz||
3243534592||3243534847||1210568422||cz||
3243534848||3243535103||1210568422||cz||
3243535104||3243535359||1210568422||cz||
3243535360||3243535615||1210568422||cz||
3243535616||3243535871||1210568422||cz||
3243535872||3243536127||1210568422||cz||
3243536128||3243536383||1210568422||cz||
3243536896||3243537151||1210568422||cz||
3243537408||3243537919||1210568422||cz||
3243537920||3243538431||1210568422||cz||
3243538432||3243538687||1210568422||cz||
3243538688||3243538943||1210568422||cz||
3243538944||3243539199||1210568422||cz||
3243539200||3243539455||1210568422||cz||
3243539456||3243539711||1210568422||cz||
3243539712||3243539967||1210568422||cz||
3243539968||3243540223||1210568422||cz||
3243540224||3243540479||1210568422||cz||
3243540480||3243540735||1210568422||cz||
3243540736||3243540991||1210568422||cz||
3243540992||3243541247||1210568422||cz||
3243541248||3243541503||1210568422||cz||
3243541504||3243541759||1210568422||cz||
3243541760||3243542015||1210568422||cz||
3243542016||3243542271||1210568422||cz||
3243542272||3243542527||1210568422||cz||
3243542528||3243542783||1210568422||cz||
3243542784||3243543039||1210568422||cz||
3243543040||3243543295||1210568422||cz||
3243543296||3243543551||1210568422||cz||
3243543552||3243543807||1210568422||cz||
3243543808||3243544063||1210568422||cz||
3243544576||3243544831||1210568422||cz||
3243544832||3243545087||1210568422||cz||
3243545088||3243545343||1210568422||cz||
3243545344||3243545599||1210568422||cz||
3243545600||3243545855||1210568422||cz||
3243545856||3243546111||1210568422||cz||
3243546112||3243546367||1210568422||cz||
3243546368||3243546623||1210568422||cz||
3243546624||3243546879||1210568422||cz||
3243546880||3243547135||1210568422||cz||
3243547136||3243547391||1210568422||cz||
3243547392||3243547647||1210568422||cz||
3243547648||3243547903||1210568422||cz||
3243547904||3243548159||1210568422||cz||
3243548160||3243548415||1210568422||cz||
3243548416||3243548671||1210568422||cz||
3243548672||3243552767||1210568422||cz||
3243555840||3243556095||1210568422||cz||
3243556096||3243556351||1210568422||cz||
3243556352||3243556607||1210568422||cz||
3243556608||3243556863||1210568422||cz||
3243556864||3243560959||1210568422||cz||
3243560960||3243565055||1210568422||cz||
3243569152||3243569407||1210568422||cz||
3243569408||3243569663||1210568422||cz||
3243569664||3243569919||1210568422||cz||
3243569920||3243570175||1210568422||cz||
3243570176||3243570431||1210568422||cz||
3243570432||3243570687||1210568422||cz||
3243570944||3243571199||1210568422||cz||
3243571200||3243571455||1210568422||cz||
3243571456||3243571711||1210568422||cz||
3243572224||3243572479||1210568422||cz||
3243572480||3243572735||1210568422||cz||
3243572736||3243572991||1210568422||cz||
3243573248||3243638783||1210568422||cz||
3243638784||3243704319||1210568422||cz||
3245107712||3245108223||1210568422||cz||
3245108224||3245108735||1210568422||cz||
3245191168||3245193215||1210568422||cz||
3245309952||3245311999||1210568422||cz||
3247066624||3247066879||1210568422||cz||
3247073792||3247074047||1210568422||cz||
3248816128||3248881663||1210568422||cz||
3249733632||3249799167||1210568422||cz||
3251195392||3251195903||1210568422||cz||
3251203584||3251203839||1210568422||cz||
3252584960||3252585215||1210568422||cz||
3252911360||3252911615||1210568422||cz||
3253004800||3253005055||1210568422||cz||
3253665792||3253666815||1210568422||cz||
3257987328||3257987583||1210568422||cz||
3258056960||3258057215||1210568422||cz||
3258057216||3258057471||1210568422||cz||
3258057472||3258057727||1210568422||cz||
3258057728||3258057983||1210568422||cz||
3258057984||3258058239||1210568422||cz||
3258059776||3258060031||1210568422||cz||
3258060032||3258060287||1210568422||cz||
3258060288||3258060543||1210568422||cz||
3258060544||3258060799||1210568422||cz||
3258060800||3258061055||1210568422||cz||
3258061056||3258061311||1210568422||cz||
3258061312||3258061567||1210568422||cz||
3258061568||3258061823||1210568422||cz||
3258061824||3258062079||1210568422||cz||
3258062080||3258062335||1210568422||cz||
3258062336||3258062591||1210568422||cz||
3258062592||3258062847||1210568422||cz||
3258062848||3258063103||1210568422||cz||
3258063104||3258063359||1210568422||cz||
3258063360||3258063615||1210568422||cz||
3258063616||3258063871||1210568422||cz||
3258073088||3258074111||1210568422||cz||
3258082304||3258082559||1210568422||cz||
3258089472||3258089727||1210568422||cz||
3258089728||3258089983||1210568422||cz||
3258089984||3258090239||1210568422||cz||
3258090240||3258090495||1210568422||cz||
3258090496||3258090751||1210568422||cz||
3258090752||3258091007||1210568422||cz||
3258091008||3258091263||1210568422||cz||
3258091264||3258091519||1210568422||cz||
3258091520||3258091775||1210568422||cz||
3258091776||3258092031||1210568422||cz||
3258092032||3258092287||1210568422||cz||
3258092288||3258092543||1210568422||cz||
3258092544||3258092799||1210568422||cz||
3258092800||3258093055||1210568422||cz||
3258093056||3258093311||1210568422||cz||
3258093312||3258093567||1210568422||cz||
3258093568||3258093823||1210568422||cz||
3258093824||3258094079||1210568422||cz||
3258094080||3258094335||1210568422||cz||
3258094336||3258094591||1210568422||cz||
3258094592||3258094847||1210568422||cz||
3258094848||3258095103||1210568422||cz||
3258095104||3258095359||1210568422||cz||
3258095360||3258095615||1210568422||cz||
3258095616||3258095871||1210568422||cz||
3258095872||3258096127||1210568422||cz||
3258096128||3258096383||1210568422||cz||
3258096384||3258096639||1210568422||cz||
3258096640||3258096895||1210568422||cz||
3258096896||3258097151||1210568422||cz||
3258097152||3258097407||1210568422||cz||
3258097408||3258097663||1210568422||cz||
3258104832||3258105087||1210568422||cz||
3258105088||3258105343||1210568422||cz||
3258105344||3258105599||1210568422||cz||
3258105856||3258106111||1210568422||cz||
3258106112||3258106367||1210568422||cz||
3258106368||3258106623||1210568422||cz||
3258106624||3258106879||1210568422||cz||
3258106880||3258107135||1210568422||cz||
3258107136||3258107391||1210568422||cz||
3258107392||3258107647||1210568422||cz||
3258107648||3258107903||1210568422||cz||
3258107904||3258108159||1210568422||cz||
3258108160||3258108415||1210568422||cz||
3258108416||3258108671||1210568422||cz||
3258108672||3258108927||1210568422||cz||
3258108928||3258109183||1210568422||cz||
3258109184||3258109439||1210568422||cz||
3258109440||3258109695||1210568422||cz||
3258109696||3258109951||1210568422||cz||
3258110208||3258110463||1210568422||cz||
3258110464||3258110719||1210568422||cz||
3258110720||3258110975||1210568422||cz||
3258110976||3258111231||1210568422||cz||
3258111232||3258111487||1210568422||cz||
3258111744||3258111999||1210568422||cz||
3258112000||3258112255||1210568422||cz||
3258112256||3258112511||1210568422||cz||
3258112512||3258112767||1210568422||cz||
3258112768||3258113023||1210568422||cz||
3258113024||3258113279||1210568422||cz||
3258113280||3258113535||1210568422||cz||
3258113536||3258113791||1210568422||cz||
3258113792||3258114047||1210568422||cz||
3258114048||3258114303||1210568422||cz||
3258114304||3258114559||1210568422||cz||
3258114560||3258114815||1210568422||cz||
3258114816||3258115071||1210568422||cz||
3258115072||3258115327||1210568422||cz||
3258115328||3258115583||1210568422||cz||
3258115584||3258115839||1210568422||cz||
3258115840||3258116095||1210568422||cz||
3258116096||3258116351||1210568422||cz||
3258116352||3258116607||1210568422||cz||
3258116608||3258116863||1210568422||cz||
3258116864||3258117119||1210568422||cz||
3258117120||3258117375||1210568422||cz||
3258117376||3258117631||1210568422||cz||
3258117632||3258117887||1210568422||cz||
3258117888||3258118143||1210568422||cz||
3258118144||3258118399||1210568422||cz||
3258118400||3258118655||1210568422||cz||
3258118656||3258118911||1210568422||cz||
3258118912||3258119167||1210568422||cz||
3258119168||3258119423||1210568422||cz||
3258119424||3258119679||1210568422||cz||
3258119680||3258119935||1210568422||cz||
3258119936||3258120191||1210568422||cz||
3258120192||3258120447||1210568422||cz||
3258120448||3258120703||1210568422||cz||
3258120704||3258120959||1210568422||cz||
3258120960||3258121215||1210568422||cz||
3259970560||3259971583||1210568422||cz||
3261857792||3261865983||1210568422||cz||
3261865984||3261874175||1210568422||cz||
3261874176||3261890559||1210568422||cz||
3261890560||3261923327||1210568422||cz||
3264328704||3264329727||1210568422||cz||
3264569344||3264577535||1210568422||cz||
3265605376||3265605631||1210568422||cz||
3265607936||3265608191||1210568422||cz||
3265912832||3265913087||1210568422||cz||
3268673536||3268739071||1210568422||cz||
3268742400||3268742655||1210568422||cz||
3268747264||3268755455||1210568422||cz||
3268788224||3268796415||1210568422||cz||
3268796416||3268804607||1210568422||cz||
3269722112||3269730303||1210568422||cz||
3269730304||3269738495||1210568422||cz||
3269738496||3269754879||1210568422||cz||
3269754880||3269787647||1210568422||cz||
3271932416||3271932671||1210568422||cz||
3273007104||3273015295||1210568422||cz||
3274113024||3274145791||1210568422||cz||
3274637312||3274670079||1210568422||cz||
3274697472||3274697727||1210568422||cz||
3275512064||3275512191||1210568422||cz||
3276177408||3276185599||1210568422||cz||
3276966912||3276967423||1210568422||cz||
3277707264||3277707775||1210568422||cz||
3278962688||3279028223||1210568422||cz||
3279601664||3279609855||1210568422||cz||
3279994880||3280003071||1210568422||cz||
3280582144||3280582399||1210568422||cz||
3280796672||3280797695||1210568422||cz||
3281018880||3281027071||1210568422||cz||
3281149952||3281158143||1210568422||cz||
3283238912||3283247103||1210568422||cz||
3283943424||3283944447||1210568422||cz||
3286321152||3286322175||1210568422||cz||
3286906112||3286906367||1210568422||cz||
3286944768||3286945791||1210568422||cz||
3287666944||3287667199||1210568422||cz||
3287703552||3287704063||1210568422||cz||
3287826944||3287827199||1210568422||cz||
3287973888||3287982079||1210568422||cz||
3427776512||3427776767||1210568422||cz||
3557515264||3557523455||1210568422||cz||
3558096896||3558105087||1210568422||cz||
3558105088||3558113279||1210568422||cz||
3558375424||3558383615||1210568422||cz||
3558588416||3558596607||1210568422||cz||
3559849984||3559858175||1210568422||cz||
3561078784||3561086975||1210568422||cz||
3561086976||3561095167||1210568422||cz||
3561177088||3561185279||1210568422||cz||
3561455616||3561463807||1210568422||cz||
3561463808||3561471999||1210568422||cz||
3562029056||3562037247||1210568422||cz||
3562725376||3562733567||1210568422||cz||
3563102208||3563110399||1210568422||cz||
3564044288||3564052479||1210568422||cz||
3567157248||3567165439||1210568422||cz||
3574792192||3574824959||1210568422||cz||
3575447552||3575513087||1210568422||cz||
3583459328||3583467519||1210568422||cz||
3583713280||3583721471||1210568422||cz||
3583762432||3583770623||1210568422||cz||
3584598016||3584602111||1210568422||cz||
3584602112||3584606207||1210568422||cz||
3585024000||3585032191||1210568422||cz||
3585351680||3585359871||1210568422||cz||
3586088960||3586097151||1210568422||cz||
3586129920||3586146303||1210568422||cz||
3586310144||3586326527||1210568422||cz||
3586375680||3586392063||1210568422||cz||
3587342336||3587358719||1210568422||cz||
3587383296||3587391487||1210568422||cz||
3587710976||3587719167||1210568422||cz||
3588014080||3588030463||1210568422||cz||
3588407296||3588415487||1210568422||cz||
3588415488||3588423679||1210568422||cz||
3588964352||3588980735||1210568422||cz||
3588980736||3588997119||1210568422||cz||
3589980160||3589996543||1210568422||cz||
3641434112||3641438207||1210568422||cz||
3641438208||3641442303||1210568422||cz||
3642638336||3642642431||1210568422||cz||
3642699776||3642703871||1210568422||cz||
3642736640||3642740735||1210568422||cz||
3644850176||3644854271||1210568422||cz||
3645022208||3645026303||1210568422||cz||
3645026304||3645030399||1210568422||cz||
3645202432||3645206527||1210568422||cz||
3645624320||3645628415||1210568422||cz||
3645743104||3645747199||1210568422||cz||
3648028672||3648032767||1210568422||cz||
3648036864||3648040959||1210568422||cz||
3648253952||3648258047||1210568422||cz||
3648376832||3648380927||1210568422||cz||
3650453504||3650457599||1210568422||cz||
3651719168||3651723263||1210568422||cz||
3651776512||3651780607||1210568422||cz||
3653476352||3653480447||1210568422||cz||
3653554176||3653558271||1210568422||cz||
3653603328||3653607423||1210568422||cz||
3653660672||3653664767||1210568422||cz||
