--||--||--||dk||Denmark
1040982016||1040990207||1210568422||dk||
1043103744||1043120127||1210568422||dk||
1044217856||1044226047||1210568422||dk||
1044512768||1044545535||1210568422||dk||
1044545536||1044578303||1210568422||dk||
1045364736||1045430271||1210568422||dk||
1047199744||1047265279||1210568422||dk||
1047838720||1047846911||1210568422||dk||
1048158208||1048166399||1210568422||dk||
1049067520||1049100287||1210568422||dk||
1052157952||1052159999||1210568422||dk||
1053163520||1053294591||1210568422||dk||
1056047104||1056178175||1210568422||dk||
1296171008||1296203775||1210568422||dk||
1296334848||1296367615||1210568422||dk||
1296576512||1296578559||1210568422||dk||
1296781312||1296783359||1210568422||dk||
1296801792||1296803839||1210568422||dk||
1305739264||1306001407||1210568422||dk||
1306386432||1306394623||1210568422||dk||
1307172864||1307181055||1210568422||dk||
1307222016||1307230207||1210568422||dk||
1307717632||1307721727||1210568422||dk||
1307779072||1307783167||1210568422||dk||
1307783168||1307787263||1210568422||dk||
1307803648||1307807743||1210568422||dk||
1307885568||1307889663||1210568422||dk||
1308049408||1308053503||1210568422||dk||
1310662656||1310664703||1210568422||dk||
1315819520||1315823615||1210568422||dk||
1315938304||1315942399||1210568422||dk||
1318010880||1318027263||1210568422||dk||
1318690816||1318699007||1210568422||dk||
1318871040||1318879231||1210568422||dk||
1318936576||1318944767||1210568422||dk||
1331871744||1331873791||1210568422||dk||
1334763520||1334767615||1210568422||dk||
1336573952||1336575999||1210568422||dk||
1336643584||1336645631||1210568422||dk||
1346240512||1346371583||1210568422||dk||
1346576384||1346580479||1210568422||dk||
1346846720||1346854911||1210568422||dk||
1346932736||1346936831||1210568422||dk||
1347239936||1347244031||1210568422||dk||
1347420160||1347424255||1210568422||dk||
1347424256||1347428351||1210568422||dk||
1347575808||1347579903||1210568422||dk||
1347977216||1347981311||1210568422||dk||
1347981312||1347985407||1210568422||dk||
1348014080||1348018175||1210568422||dk||
1348141056||1348145151||1210568422||dk||
1348173824||1348177919||1210568422||dk||
1352663040||1352925183||1210568422||dk||
1352925184||1353187327||1210568422||dk||
1355022336||1355153407||1210568422||dk||
1355153408||1355284479||1210568422||dk||
1355808768||1356070911||1210568422||dk||
1357447168||1357479935||1210568422||dk||
1358131200||1358135295||1210568422||dk||
1359446016||1359462399||1210568422||dk||
1360257024||1360261119||1210568422||dk||
1360261120||1360265215||1210568422||dk||
1361006592||1361010687||1210568422||dk||
1365241856||1365245951||1210568422||dk||
1369538560||1369554943||1210568422||dk||
1382514688||1382531071||1210568422||dk||
1385152512||1385168895||1210568422||dk||
1385422848||1385431039||1210568422||dk||
1385578496||1385586687||1210568422||dk||
1387528192||1387593727||1210568422||dk||
1388347392||1388355583||1210568422||dk||
1388355584||1388363775||1210568422||dk||
1389608960||1389617151||1210568422||dk||
1389617152||1389625343||1210568422||dk||
1397227520||1397358591||1210568422||dk||
1397358592||1397489663||1210568422||dk||
1398276096||1398800383||1210568422||dk||
1398890496||1398892543||1210568422||dk||
1401444352||1401446399||1210568422||dk||
1401495552||1401497599||1210568422||dk||
1401911296||1401913343||1210568422||dk||
1402437632||1402454015||1210568422||dk||
1407025152||1407033343||1210568422||dk||
1410375680||1410383871||1210568422||dk||
1424642048||1424646143||1210568422||dk||
1424883712||1424916479||1210568422||dk||
1425469440||1425471487||1210568422||dk||
1426014208||1426030591||1210568422||dk||
1427636224||1427668991||1210568422||dk||
1427865600||1427898367||1210568422||dk||
1431306240||1431568383||1210568422||dk||
1431953408||1431961599||1210568422||dk||
1434517504||1434550271||1210568422||dk||
1439305728||1439309823||1210568422||dk||
1439318016||1439322111||1210568422||dk||
1440382976||1440415743||1210568422||dk||
1441390592||1441398783||1210568422||dk||
1441521664||1441529855||1210568422||dk||
1441546240||1441554431||1210568422||dk||
1445986304||1446051839||1210568422||dk||
1446248448||1446313983||1210568422||dk||
1446674432||1446707199||1210568422||dk||
1462763520||1463812095||1210568422||dk||
1464336384||1464467455||1210568422||dk||
1466433536||1466499071||1210568422||dk||
1467219968||1467236351||1210568422||dk||
1475278848||1475280895||1210568422||dk||
1475297280||1475299327||1210568422||dk||
1481850880||1481859071||1210568422||dk||
1486301184||1486303231||1210568422||dk||
1490305024||1490321407||1210568422||dk||
1494450176||1494458367||1210568422||dk||
1500037120||1500045311||1210568422||dk||
1503019008||1503035391||1210568422||dk||
1503035392||1503051775||1210568422||dk||
1505263616||1505271807||1210568422||dk||
1505402880||1505411071||1210568422||dk||
1507696640||1507700735||1210568422||dk||
1508442112||1508458495||1210568422||dk||
1508884480||1508900863||1210568422||dk||
1509490688||1509494783||1210568422||dk||
1522008064||1522139135||1210568422||dk||
1533280256||1533411327||1210568422||dk||
1533433856||1533435903||1210568422||dk||
1536126976||1536131071||1210568422||dk||
1536212992||1536229375||1210568422||dk||
1536614400||1536622591||1210568422||dk||
1539164160||1539166207||1210568422||dk||
1539219456||1539221503||1210568422||dk||
1539322880||1539323903||1210568422||dk||
1539363840||1539364863||1210568422||dk||
1539409920||1539410943||1210568422||dk||
1539449856||1539450367||1210568422||dk||
1539464704||1539465215||1210568422||dk||
1539483648||1539484159||1210568422||dk||
1539521024||1539521535||1210568422||dk||
1539615744||1539616767||1210568422||dk||
1539700736||1539701759||1210568422||dk||
1539732736||1539732991||1210568422||dk||
1539738112||1539738367||1210568422||dk||
1539739648||1539739903||1210568422||dk||
1539745792||1539746047||1210568422||dk||
1539746048||1539746303||1210568422||dk||
1539746816||1539747071||1210568422||dk||
1539755008||1539755263||1210568422||dk||
1539759104||1539759359||1210568422||dk||
1539760896||1539761151||1210568422||dk||
1539763456||1539763711||1210568422||dk||
1539767296||1539767551||1210568422||dk||
1539797248||1539797503||1210568422||dk||
1539799296||1539799551||1210568422||dk||
1539816960||1539817215||1210568422||dk||
1539821568||1539821823||1210568422||dk||
1539823872||1539824127||1210568422||dk||
1546340352||1546342399||1210568422||dk||
1546344448||1546346495||1210568422||dk||
1546352640||1546354687||1210568422||dk||
1546366976||1546369023||1210568422||dk||
1546381312||1546383359||1210568422||dk||
1547472896||1547476991||1210568422||dk||
1547616256||1547620351||1210568422||dk||
1559486464||1559494655||1210568422||dk||
1559625728||1559633919||1210568422||dk||
1566179328||1566183423||1210568422||dk||
1566208000||1566212095||1210568422||dk||
1566529536||1566531583||1210568422||dk||
1570766848||1571291135||1210568422||dk||
1571831808||1571848191||1210568422||dk||
1571979264||1571995647||1210568422||dk||
2173566976||2173632511||1210568422||dk||
2195914752||2195980287||1210568422||dk||
2195980288||2196045823||1210568422||dk||
3223748608||3223781375||1210568422||dk||
3238017024||3238018303||1210568422||dk||
3238064896||3238065151||1210568422||dk||
3238199296||3238264831||1210568422||dk||
3238633216||3238633471||1210568422||dk||
3239088640||3239088895||1210568422||dk||
3239164928||3239165183||1210568422||dk||
3239169536||3239169791||1210568422||dk||
3239554304||3239554559||1210568422||dk||
3239575296||3239575551||1210568422||dk||
3239712768||3239713023||1210568422||dk||
3239740416||3239740671||1210568422||dk||
3239762432||3239762687||1210568422||dk||
3239772672||3239772927||1210568422||dk||
3239772928||3239773183||1210568422||dk||
3239783424||3239783679||1210568422||dk||
3239827456||3239827967||1210568422||dk||
3239836160||3239836671||1210568422||dk||
3239875328||3239875583||1210568422||dk||
3239875840||3239876095||1210568422||dk||
3239895040||3239895295||1210568422||dk||
3239895808||3239896063||1210568422||dk||
3239954688||3239954943||1210568422||dk||
3240038144||3240038399||1210568422||dk||
3240214016||3240214527||1210568422||dk||
3240594176||3240594431||1210568422||dk||
3240692736||3240693247||1210568422||dk||
3240729600||3240730111||1210568422||dk||
3240743424||3240743935||1210568422||dk||
3240876032||3240876543||1210568422||dk||
3241035008||3241035263||1210568422||dk||
3241037568||3241037823||1210568422||dk||
3241101056||3241101311||1210568422||dk||
3241103616||3241103871||1210568422||dk||
3241130496||3241130751||1210568422||dk||
3241131776||3241132031||1210568422||dk||
3243514624||3243514879||1210568422||dk||
3243769856||3243900927||1210568422||dk||
3245137920||3245138431||1210568422||dk||
3245160448||3245160959||1210568422||dk||
3245202432||3245202687||1210568422||dk||
3245233152||3245233407||1210568422||dk||
3245233920||3245234175||1210568422||dk||
3245254144||3245254655||1210568422||dk||
3245261824||3245262847||1210568422||dk||
3247066112||3247066367||1210568422||dk||
3247076096||3247076351||1210568422||dk||
3247078400||3247078655||1210568422||dk||
3247335168||3247335423||1210568422||dk||
3247362816||3247363071||1210568422||dk||
3247800320||3247816703||1210568422||dk||
3248619520||3248685055||1210568422||dk||
3248685056||3248750591||1210568422||dk||
3248790272||3248790527||1210568422||dk||
3248814080||3248815103||1210568422||dk||
3250201344||3250201599||1210568422||dk||
3250412544||3250413055||1210568422||dk||
3251116544||3251116799||1210568422||dk||
3251121152||3251121663||1210568422||dk||
3251132928||3251133439||1210568422||dk||
3251136512||3251137023||1210568422||dk||
3251162112||3251162367||1210568422||dk||
3251167488||3251167743||1210568422||dk||
3251173888||3251174143||1210568422||dk||
3251184384||3251184639||1210568422||dk||
3251185408||3251185663||1210568422||dk||
3251237888||3251238911||1210568422||dk||
3252359168||3252362239||1210568422||dk||
3252362752||3252363007||1210568422||dk||
3252517888||3252518143||1210568422||dk||
3252642560||3252642815||1210568422||dk||
3253647360||3253648383||1210568422||dk||
3253678080||3253679103||1210568422||dk||
3253690368||3253691391||1210568422||dk||
3253708800||3253709311||1210568422||dk||
3253710848||3253711359||1210568422||dk||
3253889792||3253890047||1210568422||dk||
3253970944||3253972991||1210568422||dk||
3254648832||3254648895||1210568422||dk||
3254654848||3254654975||1210568422||dk||
3254813696||3254813951||1210568422||dk||
3254819584||3254819839||1210568422||dk||
3254821120||3254821375||1210568422||dk||
3254840320||3254840575||1210568422||dk||
3254894592||3254894847||1210568422||dk||
3254895616||3254895871||1210568422||dk||
3254896640||3254896895||1210568422||dk||
3256057856||3256074239||1210568422||dk||
3256074240||3256082431||1210568422||dk||
3256733440||3256733695||1210568422||dk||
3256794368||3256794623||1210568422||dk||
3257544448||3257544575||1210568422||dk||
3257546720||3257546751||1210568422||dk||
3258066944||3258067199||1210568422||dk||
3258071296||3258071551||1210568422||dk||
3258100480||3258100735||1210568422||dk||
3258109952||3258110207||1210568422||dk||
3258948608||3258949631||1210568422||dk||
3260548352||3260548607||1210568422||dk||
3261676544||3261676799||1210568422||dk||
3262023680||3262023935||1210568422||dk||
3262041600||3262041855||1210568422||dk||
3262427648||3262428159||1210568422||dk||
3262438912||3262439423||1210568422||dk||
3262460672||3262460799||1210568422||dk||
3262507008||3262507519||1210568422||dk||
3263086592||3263086847||1210568422||dk||
3263094528||3263094783||1210568422||dk||
3263097344||3263097599||1210568422||dk||
3263101440||3263101695||1210568422||dk||
3264015360||3264015615||1210568422||dk||
3264605696||3264606207||1210568422||dk||
3264637952||3264638975||1210568422||dk||
3264846848||3264846911||1210568422||dk||
3265603072||3265603327||1210568422||dk||
3265607680||3265607935||1210568422||dk||
3265919744||3265919999||1210568422||dk||
3266339328||3266339583||1210568422||dk||
3266345728||3266345983||1210568422||dk||
3266707456||3266740223||1210568422||dk||
3266740224||3266744319||1210568422||dk||
3266744320||3266746367||1210568422||dk||
3266746368||3266748415||1210568422||dk||
3266748416||3266756607||1210568422||dk||
3266756608||3266764799||1210568422||dk||
3266764800||3266766847||1210568422||dk||
3266766848||3266768895||1210568422||dk||
3266768896||3266772991||1210568422||dk||
3267362816||3267428351||1210568422||dk||
3270443008||3270459391||1210568422||dk||
3270459392||3270475775||1210568422||dk||
3270475776||3270508543||1210568422||dk||
3270649344||3270649599||1210568422||dk||
3270649856||3270650111||1210568422||dk||
3270650368||3270650623||1210568422||dk||
3270652416||3270652671||1210568422||dk||
3271491584||3271557119||1210568422||dk||
3271910400||3271910911||1210568422||dk||
3272020992||3272024063||1210568422||dk||
3272265472||3272265727||1210568422||dk||
3272420992||3272421119||1210568422||dk||
3272478208||3272478463||1210568422||dk||
3273029632||3273030655||1210568422||dk||
3273129984||3273138175||1210568422||dk||
3273187840||3273188351||1210568422||dk||
3273192448||3273192959||1210568422||dk||
3274244096||3274309631||1210568422||dk||
3274348032||3274348543||1210568422||dk||
3274670080||3274686463||1210568422||dk||
3274691072||3274691327||1210568422||dk||
3274692608||3274692863||1210568422||dk||
3274694144||3274694399||1210568422||dk||
3274696192||3274696447||1210568422||dk||
3274700544||3274700799||1210568422||dk||
3274842112||3274850303||1210568422||dk||
3275112448||3275120639||1210568422||dk||
3275512448||3275512575||1210568422||dk||
3275513280||3275513343||1210568422||dk||
3275530240||3275530751||1210568422||dk||
3275790848||3275791359||1210568422||dk||
3275910400||3275910655||1210568422||dk||
3276111872||3276112895||1210568422||dk||
3276131328||3276132351||1210568422||dk||
3276414976||3276415999||1210568422||dk||
3276426240||3276426495||1210568422||dk||
3276426496||3276426751||1210568422||dk||
3276861440||3276865535||1210568422||dk||
3276980224||3276988415||1210568422||dk||
3277127680||3277160447||1210568422||dk||
3277183488||3277183743||1210568422||dk||
3277191168||3277191423||1210568422||dk||
3277191936||3277192191||1210568422||dk||
3277192448||3277192703||1210568422||dk||
3277480960||3277481471||1210568422||dk||
3277701120||3277701631||1210568422||dk||
3277827072||3277827327||1210568422||dk||
3277829376||3277829631||1210568422||dk||
3277843968||3277845503||1210568422||dk||
3277847040||3277847551||1210568422||dk||
3277946880||3277963263||1210568422||dk||
3278770176||3278770687||1210568422||dk||
3279990272||3279990783||1210568422||dk||
3280459776||3280460799||1210568422||dk||
3280462848||3280463871||1210568422||dk||
3280581120||3280581375||1210568422||dk||
3280582400||3280582655||1210568422||dk||
3280585216||3280585727||1210568422||dk||
3280595968||3280596479||1210568422||dk||
3280765952||3280766975||1210568422||dk||
3281341952||3281342207||1210568422||dk||
3281973760||3281974271||1210568422||dk||
3283419136||3283427327||1210568422||dk||
3283427328||3283435519||1210568422||dk||
3283435520||3283451903||1210568422||dk||
3283451904||3283484671||1210568422||dk||
3283536896||3283537407||1210568422||dk||
3283539968||3283540479||1210568422||dk||
3283623936||3283632127||1210568422||dk||
3283640320||3283648511||1210568422||dk||
3283976704||3283977215||1210568422||dk||
3284002816||3284003327||1210568422||dk||
3284013568||3284013823||1210568422||dk||
3284041728||3284041983||1210568422||dk||
3284046336||3284046591||1210568422||dk||
3284047104||3284047359||1210568422||dk||
3284048128||3284048383||1210568422||dk||
3284140032||3284205567||1210568422||dk||
3285647360||3285712895||1210568422||dk||
3286325248||3286326271||1210568422||dk||
3286695936||3286761471||1210568422||dk||
3286892544||3286900735||1210568422||dk||
3286932224||3286932479||1210568422||dk||
3286933504||3286933759||1210568422||dk||
3287447552||3287448063||1210568422||dk||
3287450112||3287450623||1210568422||dk||
3287465984||3287467007||1210568422||dk||
3287631872||3287632383||1210568422||dk||
3287662848||3287663103||1210568422||dk||
3287666432||3287666687||1210568422||dk||
3287667200||3287667455||1210568422||dk||
3287729664||3287729919||1210568422||dk||
3287875584||3287941119||1210568422||dk||
3557425152||3557433343||1210568422||dk||
3557433344||3557441535||1210568422||dk||
3557441536||3557457919||1210568422||dk||
3557457920||3557490687||1210568422||dk||
3559227392||3559235583||1210568422||dk||
3560325120||3560333311||1210568422||dk||
3561357312||3561365503||1210568422||dk||
3562553344||3562561535||1210568422||dk||
3562872832||3562881023||1210568422||dk||
3563159552||3563167743||1210568422||dk||
3563175936||3563184127||1210568422||dk||
3563184128||3563192319||1210568422||dk||
3563208704||3563225087||1210568422||dk||
3563315200||3563323391||1210568422||dk||
3564142592||3564150783||1210568422||dk||
3565289472||3565355007||1210568422||dk||
3572301824||3572367359||1210568422||dk||
3572629504||3572662271||1210568422||dk||
3572662272||3572695039||1210568422||dk||
3575644160||3575709695||1210568422||dk||
3579019264||3579052031||1210568422||dk||
3582001152||3582009343||1210568422||dk||
3582197760||3582205951||1210568422||dk||
3583385600||3583393791||1210568422||dk||
3584745472||3584753663||1210568422||dk||
3584942080||3584950271||1210568422||dk||
3584966656||3584974847||1210568422||dk||
3589079040||3589095423||1210568422||dk||
3589095424||3589111807||1210568422||dk||
3589111808||3589128191||1210568422||dk||
3641315328||3641319423||1210568422||dk||
3641729024||3641733119||1210568422||dk||
3641892864||3641896959||1210568422||dk||
3641978880||3641982975||1210568422||dk||
3641982976||3641987071||1210568422||dk||
3642187776||3642191871||1210568422||dk||
3642531840||3642535935||1210568422||dk||
3642630144||3642634239||1210568422||dk||
3642642432||3642646527||1210568422||dk||
3644588032||3644719103||1210568422||dk||
3645558784||3645562879||1210568422||dk||
3648315392||3648319487||1210568422||dk||
3648319488||3648323583||1210568422||dk||
3650170880||3650174975||1210568422||dk||
3650945024||3651010559||1210568422||dk||
3653480448||3653484543||1210568422||dk||
3653685248||3653689343||1210568422||dk||
