--||--||--||ec||Ecuador
2640576512||2640642047||1210568422||ec||
3188301824||3188305919||1210568422||ec||
3188359168||3188375551||1210568422||ec||
3188375552||3188391935||1210568422||ec||
3188391936||3188400127||1210568422||ec||
3188457472||3188465663||1210568422||ec||
3188465664||3188473855||1210568422||ec||
3188686848||3188690943||1210568422||ec||
3191095296||3191099391||1210568422||ec||
3191128064||3191132159||1210568422||ec||
3193864192||3193872383||1210568422||ec||
3193929728||3193937919||1210568422||ec||
3193937920||3193946111||1210568422||ec||
3196256256||3196272639||1210568422||ec||
3197632512||3197665279||1210568422||ec||
3197763584||3197796351||1210568422||ec||
3197796352||3197829119||1210568422||ec||
3201695744||3201728511||1210568422||ec||
3233557504||3233557759||1210568422||ec||
3233557760||3233558015||1210568422||ec||
3233558016||3233558271||1210568422||ec||
3233558272||3233558527||1210568422||ec||
3233558528||3233558783||1210568422||ec||
3233558784||3233559039||1210568422||ec||
3233559040||3233559295||1210568422||ec||
3233559296||3233559551||1210568422||ec||
3233559552||3233559807||1210568422||ec||
3233559808||3233560063||1210568422||ec||
3233560064||3233560319||1210568422||ec||
3233560320||3233560575||1210568422||ec||
3233560576||3233560831||1210568422||ec||
3233560832||3233561087||1210568422||ec||
3233561088||3233561343||1210568422||ec||
3233561344||3233561599||1210568422||ec||
3233561600||3233561855||1210568422||ec||
3233595904||3233596159||1210568422||ec||
3233596160||3233596415||1210568422||ec||
3233596416||3233596671||1210568422||ec||
3233596672||3233596927||1210568422||ec||
3234801664||3234801919||1210568422||ec||
3234801920||3234802175||1210568422||ec||
3234802176||3234802431||1210568422||ec||
3234808064||3234808319||1210568422||ec||
3234808320||3234808575||1210568422||ec||
3234808576||3234808831||1210568422||ec||
3234808832||3234809087||1210568422||ec||
3234853888||3234854143||1210568422||ec||
3355450368||3355451391||1210568422||ec||
3355459328||3355459583||1210568422||ec||
3355461888||3355462143||1210568422||ec||
3355462144||3355462399||1210568422||ec||
3355462400||3355462655||1210568422||ec||
3355462656||3355462911||1210568422||ec||
3355462912||3355463167||1210568422||ec||
3355463168||3355463423||1210568422||ec||
3355510272||3355510527||1210568422||ec||
3355549952||3355550207||1210568422||ec||
3355552768||3355553023||1210568422||ec||
3355836416||3355836671||1210568422||ec||
3355836672||3355836927||1210568422||ec||
3355836928||3355837183||1210568422||ec||
3355837184||3355837439||1210568422||ec||
3355837440||3355837695||1210568422||ec||
3355837696||3355837951||1210568422||ec||
3355837952||3355838207||1210568422||ec||
3355838208||3355838463||1210568422||ec||
3355838464||3355838719||1210568422||ec||
3355838720||3355838975||1210568422||ec||
3355838976||3355839231||1210568422||ec||
3355839232||3355839487||1210568422||ec||
3355839488||3355839743||1210568422||ec||
3355839744||3355839999||1210568422||ec||
3355840000||3355840255||1210568422||ec||
3355840256||3355840511||1210568422||ec||
3355840512||3355840767||1210568422||ec||
3355840768||3355841023||1210568422||ec||
3355841280||3355841535||1210568422||ec||
3355841536||3355841791||1210568422||ec||
3355841792||3355842047||1210568422||ec||
3355842048||3355842303||1210568422||ec||
3355842304||3355842559||1210568422||ec||
3355842560||3355842815||1210568422||ec||
3355842816||3355843071||1210568422||ec||
3355843072||3355843327||1210568422||ec||
3355843584||3355843839||1210568422||ec||
3355843840||3355844095||1210568422||ec||
3355844096||3355844351||1210568422||ec||
3355844352||3355844607||1210568422||ec||
3355844608||3355844863||1210568422||ec||
3355845120||3355845375||1210568422||ec||
3355856896||3355858943||1210568422||ec||
3355918336||3355918591||1210568422||ec||
3355918592||3355918847||1210568422||ec||
3355918848||3355919103||1210568422||ec||
3355919104||3355919359||1210568422||ec||
3355919360||3355919615||1210568422||ec||
3355919616||3355919871||1210568422||ec||
3355919872||3355920127||1210568422||ec||
3355920128||3355920383||1210568422||ec||
3355920384||3355920639||1210568422||ec||
3355920640||3355920895||1210568422||ec||
3355920896||3355921151||1210568422||ec||
3355921152||3355921407||1210568422||ec||
3355921408||3355921663||1210568422||ec||
3355921664||3355921919||1210568422||ec||
3355921920||3355922175||1210568422||ec||
3355922176||3355922431||1210568422||ec||
3355922432||3355922687||1210568422||ec||
3355922688||3355922943||1210568422||ec||
3355922944||3355923199||1210568422||ec||
3355923200||3355923455||1210568422||ec||
3355951104||3355959295||1210568422||ec||
3356057600||3356057855||1210568422||ec||
3356078080||3356078335||1210568422||ec||
3356096512||3356096767||1210568422||ec||
3356136192||3356136447||1210568422||ec||
3356136448||3356137471||1210568422||ec||
3356272896||3356273151||1210568422||ec||
3356369408||3356369663||1210568422||ec||
3357065216||3357073407||1210568422||ec||
3357114368||3357122559||1210568422||ec||
3357122560||3357130751||1210568422||ec||
3357130752||3357134847||1210568422||ec||
3357134848||3357138943||1210568422||ec||
3357405184||3357407231||1210568422||ec||
3358715904||3358717951||1210568422||ec||
3358779392||3358781439||1210568422||ec||
3359105024||3359109119||1210568422||ec||
3359621120||3359629311||1210568422||ec||
3359629312||3359633407||1210568422||ec||
3359633408||3359637503||1210568422||ec||
3360006144||3360010239||1210568422||ec||
3360010240||3360014335||1210568422||ec||
3360278528||3360280575||1210568422||ec||
3361587200||3361595391||1210568422||ec||
3361595392||3361599487||1210568422||ec||
3361601536||3361603583||1210568422||ec||
3362381824||3362385919||1210568422||ec||
3362385920||3362390015||1210568422||ec||
3362455552||3362463743||1210568422||ec||
3362463744||3362471935||1210568422||ec||
3362519040||3362521087||1210568422||ec||
3362668544||3362672639||1210568422||ec||
3362672640||3362676735||1210568422||ec||
3362711552||3362713599||1210568422||ec||
3362988032||3362992127||1210568422||ec||
3363627008||3363631103||1210568422||ec||
3363631104||3363635199||1210568422||ec||
3363667968||3363672063||1210568422||ec||
3363672064||3363676159||1210568422||ec||
3363684352||3363692543||1210568422||ec||
3363692544||3363700735||1210568422||ec||
3386458112||3386466303||1210568422||ec||
3386466304||3386474495||1210568422||ec||
3386507264||3386515455||1210568422||ec||
3386515456||3386523647||1210568422||ec||
3386572800||3386580991||1210568422||ec||
3386580992||3386589183||1210568422||ec||
3387858944||3387863039||1210568422||ec||
3387863040||3387867135||1210568422||ec||
