--||--||--||sv||El Salvador
2834497536||2834563071||1210568422||sv||
3188031488||3188039679||1210568422||sv||
3191144448||3191177215||1210568422||sv||
3191177216||3191209983||1210568422||sv||
3191406592||3191439359||1210568422||sv||
3193307136||3193372671||1210568422||sv||
3193372672||3193438207||1210568422||sv||
3355489280||3355489535||1210568422||sv||
3356273664||3356274175||1210568422||sv||
3356274176||3356274431||1210568422||sv||
3356336128||3356344319||1210568422||sv||
3357515776||3357519871||1210568422||sv||
3357519872||3357523967||1210568422||sv||
3360253952||3360255999||1210568422||sv||
3361013760||3361017855||1210568422||sv||
3361017856||3361021951||1210568422||sv||
3361296384||3361298431||1210568422||sv||
3362447360||3362451455||1210568422||sv||
3388407808||3388440575||1210568422||sv||
3388440576||3388448767||1210568422||sv||
3388448768||3388456959||1210568422||sv||
3388456960||3388473343||1210568422||sv||
