--||--||--||ee||Estonia
1044455424||1044463615||1210568422||ee||
1044496384||1044512767||1210568422||ee||
1048600576||1048608767||1210568422||ee||
1307131904||1307140095||1210568422||ee||
1307635712||1307639807||1210568422||ee||
1310244864||1310246911||1210568422||ee||
1310474240||1310490623||1210568422||ee||
1315840000||1315844095||1210568422||ee||
1334231040||1334239231||1210568422||ee||
1346564096||1346568191||1210568422||ee||
1347383296||1347387391||1210568422||ee||
1357578240||1357611007||1210568422||ee||
1358024704||1358028799||1210568422||ee||
1358589952||1358594047||1210568422||ee||
1360302080||1360306175||1210568422||ee||
1360392192||1360396287||1210568422||ee||
1360654336||1360658431||1210568422||ee||
1364881408||1364885503||1210568422||ee||
1384316928||1384349695||1210568422||ee||
1385406464||1385414655||1210568422||ee||
1403396096||1403404287||1210568422||ee||
1412562944||1412628479||1210568422||ee||
1412694016||1412710399||1210568422||ee||
1428013056||1428029439||1210568422||ee||
1431904256||1431912447||1210568422||ee||
1433755648||1433763839||1210568422||ee||
1438957568||1438973951||1210568422||ee||
1442643968||1442709503||1210568422||ee||
1450057728||1450065919||1210568422||ee||
1466040320||1466073087||1210568422||ee||
1467457536||1467465727||1210568422||ee||
1489240064||1489305599||1210568422||ee||
1507524608||1507590143||1210568422||ee||
1507672064||1507676159||1210568422||ee||
1508622336||1508638719||1210568422||ee||
1522401280||1522532351||1210568422||ee||
1539569152||1539569663||1210568422||ee||
1539755520||1539755775||1210568422||ee||
1540037632||1540038655||1210568422||ee||
1547591680||1547595775||1210568422||ee||
3239902720||3239902975||1210568422||ee||
3240575744||3240575999||1210568422||ee||
3240624128||3240689663||1210568422||ee||
3247048704||3247048959||1210568422||ee||
3251356672||3251357183||1210568422||ee||
3254898944||3254899199||1210568422||ee||
3257180672||3257180927||1210568422||ee||
3261751296||3261759487||1210568422||ee||
3262430208||3262430719||1210568422||ee||
3263062016||3263070207||1210568422||ee||
3264626688||3264627711||1210568422||ee||
3268149248||3268157439||1210568422||ee||
3268157440||3268165631||1210568422||ee||
3271914496||3271915007||1210568422||ee||
3272133632||3272134143||1210568422||ee||
3274883072||3274891263||1210568422||ee||
3275909632||3275909887||1210568422||ee||
3276824576||3276832767||1210568422||ee||
3280581376||3280581631||1210568422||ee||
3284043264||3284043519||1210568422||ee||
3286106112||3286114303||1210568422||ee||
3287982080||3287990271||1210568422||ee||
3557228544||3557236735||1210568422||ee||
3558596608||3558604799||1210568422||ee||
3559899136||3559907327||1210568422||ee||
3559981056||3559989247||1210568422||ee||
3575873536||3575906303||1210568422||ee||
3584557056||3584565247||1210568422||ee||
3585343488||3585351679||1210568422||ee||
3585613824||3585622015||1210568422||ee||
3587915776||3587932159||1210568422||ee||
3645317120||3645321215||1210568422||ee||
3651108864||3651141631||1210568422||ee||
