--||--||--||fi||Finland
1043120128||1043136511||1210568422||fi||
1044201472||1044217855||1210568422||fi||
1044840448||1044905983||1210568422||fi||
1044963328||1044971519||1210568422||fi||
1044979712||1044987903||1210568422||fi||
1045323776||1045331967||1210568422||fi||
1045331968||1045364735||1210568422||fi||
1045463040||1045471231||1210568422||fi||
1047134208||1047150591||1210568422||fi||
1047633920||1047642111||1210568422||fi||
1048125440||1048133631||1210568422||fi||
1049493504||1049559039||1210568422||fi||
1049731072||1049739263||1210568422||fi||
1049911296||1049919487||1210568422||fi||
1049935872||1049944063||1210568422||fi||
1051033600||1051041791||1210568422||fi||
1051041792||1051049983||1210568422||fi||
1051729920||1051738111||1210568422||fi||
1052213248||1052246015||1210568422||fi||
1053138944||1053147135||1210568422||fi||
1053556736||1053564927||1210568422||fi||
1054367744||1054375935||1210568422||fi||
1054662656||1054670847||1210568422||fi||
1055653888||1055719423||1210568422||fi||
1055719424||1055784959||1210568422||fi||
1055932416||1055940607||1210568422||fi||
1056030720||1056047103||1210568422||fi||
1056473088||1056505855||1210568422||fi||
1296578560||1296580607||1210568422||fi||
1297514496||1297547263||1210568422||fi||
1297862656||1297864703||1210568422||fi||
1298108416||1298110463||1210568422||fi||
1298132992||1298135039||1210568422||fi||
1298743296||1298759679||1210568422||fi||
1299038208||1299054591||1210568422||fi||
1306468352||1306476543||1210568422||fi||
1307205632||1307213823||1210568422||fi||
1307578368||1307582463||1210568422||fi||
1308016640||1308020735||1210568422||fi||
1310408704||1310425087||1210568422||fi||
1318592512||1318600703||1210568422||fi||
1331927040||1331929087||1210568422||fi||
1334116352||1334124543||1210568422||fi||
1334206464||1334214655||1210568422||fi||
1334677504||1334681599||1210568422||fi||
1336664064||1336666111||1210568422||fi||
1336666112||1336668159||1210568422||fi||
1346371584||1346375679||1210568422||fi||
1346543616||1346547711||1210568422||fi||
1346879488||1346883583||1210568422||fi||
1347076096||1347080191||1210568422||fi||
1347080192||1347084287||1210568422||fi||
1347117056||1347121151||1210568422||fi||
1347526656||1347530751||1210568422||fi||
1347530752||1347534847||1210568422||fi||
1347616768||1347620863||1210568422||fi||
1347989504||1347993599||1210568422||fi||
1348435968||1348440063||1210568422||fi||
1354366976||1354432511||1210568422||fi||
1356595200||1356857343||1210568422||fi||
1358336000||1358340095||1210568422||fi||
1358340096||1358344191||1210568422||fi||
1358426112||1358430207||1210568422||fi||
1358454784||1358458879||1210568422||fi||
1358458880||1358462975||1210568422||fi||
1358471168||1358475263||1210568422||fi||
1358491648||1358495743||1210568422||fi||
1360019456||1360023551||1210568422||fi||
1360117760||1360121855||1210568422||fi||
1360228352||1360232447||1210568422||fi||
1360322560||1360326655||1210568422||fi||
1360437248||1360441343||1210568422||fi||
1360457728||1360461823||1210568422||fi||
1360887808||1360891903||1210568422||fi||
1360998400||1361002495||1210568422||fi||
1364869120||1364873215||1210568422||fi||
1370456064||1370488831||1210568422||fi||
1371865088||1371930623||1210568422||fi||
1372651520||1372684287||1210568422||fi||
1382531072||1382547455||1210568422||fi||
1383391232||1383399423||1210568422||fi||
1383514112||1383522303||1210568422||fi||
1384153088||1384185855||1210568422||fi||
1384251392||1384267775||1210568422||fi||
1384480768||1384513535||1210568422||fi||
1384808448||1384824831||1210568422||fi||
1384988672||1385005055||1210568422||fi||
1387593728||1387659263||1210568422||fi||
1388560384||1388568575||1210568422||fi||
1388642304||1388650495||1210568422||fi||
1388814336||1388822527||1210568422||fi||
1388830720||1388838911||1210568422||fi||
1389068288||1389101055||1210568422||fi||
1389871104||1389887487||1210568422||fi||
1399062528||1399095295||1210568422||fi||
1399193600||1399226367||1210568422||fi||
1401894912||1401896959||1210568422||fi||
1401903104||1401905151||1210568422||fi||
1401935872||1401937919||1210568422||fi||
1402060800||1402077183||1210568422||fi||
1402109952||1402126335||1210568422||fi||
1402126336||1402142719||1210568422||fi||
1402257408||1402273791||1210568422||fi||
1402355712||1402372095||1210568422||fi||
1406664704||1406672895||1210568422||fi||
1408598016||1408630783||1210568422||fi||
1410629632||1410637823||1210568422||fi||
1411514368||1411579903||1210568422||fi||
1424359424||1424490495||1210568422||fi||
1424637952||1424642047||1210568422||fi||
1424982016||1425014783||1210568422||fi||
1425031168||1425047551||1210568422||fi||
1425539072||1425801215||1210568422||fi||
1425915904||1425932287||1210568422||fi||
1427570688||1427636223||1210568422||fi||
1427980288||1427996671||1210568422||fi||
1431044096||1431306239||1210568422||fi||
1434648576||1434681343||1210568422||fi||
1434845184||1434877951||1210568422||fi||
1436286976||1436352511||1210568422||fi||
1436352512||1436418047||1210568422||fi||
1438384128||1438400511||1210568422||fi||
1438826496||1438842879||1210568422||fi||
1440284672||1440317439||1210568422||fi||
1446117376||1446182911||1210568422||fi||
1446805504||1446838271||1210568422||fi||
1450311680||1450442751||1210568422||fi||
1465647104||1465909247||1210568422||fi||
1466204160||1466236927||1210568422||fi||
1466695680||1466761215||1210568422||fi||
1475311616||1475313663||1210568422||fi||
1476313088||1476321279||1210568422||fi||
1481998336||1482006527||1210568422||fi||
1482063872||1482072063||1210568422||fi||
1483735040||1483866111||1210568422||fi||
1483866112||1483997183||1210568422||fi||
1486127104||1486159871||1210568422||fi||
1488977920||1489240063||1210568422||fi||
1494302720||1494310911||1210568422||fi||
1494409216||1494417407||1210568422||fi||
1494941696||1494974463||1210568422||fi||
1504051200||1504083967||1210568422||fi||
1505624064||1505632255||1210568422||fi||
1506328576||1506330623||1210568422||fi||
1506740224||1506742271||1210568422||fi||
1506746368||1506748415||1210568422||fi||
1508655104||1508671487||1210568422||fi||
1509568512||1509572607||1210568422||fi||
1532637184||1532639231||1210568422||fi||
1534820352||1534824447||1210568422||fi||
1535442944||1535508479||1210568422||fi||
1536245760||1536262143||1210568422||fi||
1536557056||1536573439||1210568422||fi||
1536688128||1537212415||1210568422||fi||
1539166208||1539168255||1210568422||fi||
1539445760||1539446271||1210568422||fi||
1539658752||1539659775||1210568422||fi||
1539690496||1539691519||1210568422||fi||
1539733504||1539733759||1210568422||fi||
1539806208||1539806463||1210568422||fi||
1539993600||1539994623||1210568422||fi||
1559404544||1559412735||1210568422||fi||
1566191616||1566195711||1210568422||fi||
1567227904||1567293439||1210568422||fi||
2540240896||2540306431||1210568422||fi||
3227058176||3227123711||1210568422||fi||
3229745152||3229810687||1210568422||fi||
3233939456||3234004991||1210568422||fi||
3239175936||3239176191||1210568422||fi||
3239466496||3239466751||1210568422||fi||
3240241152||3240242175||1210568422||fi||
3242196992||3242328063||1210568422||fi||
3242328064||3242393599||1210568422||fi||
3244131328||3244132351||1210568422||fi||
3244132352||3244133375||1210568422||fi||
3244163072||3244228607||1210568422||fi||
3245268992||3245270015||1210568422||fi||
3245288704||3245288959||1210568422||fi||
3245300992||3245301247||1210568422||fi||
3245307392||3245307903||1210568422||fi||
3247078912||3247079167||1210568422||fi||
3247097856||3247098879||1210568422||fi||
3247309056||3247309311||1210568422||fi||
3247309312||3247309567||1210568422||fi||
3247309568||3247309823||1210568422||fi||
3247309824||3247310079||1210568422||fi||
3247310080||3247310335||1210568422||fi||
3247310336||3247310591||1210568422||fi||
3247310592||3247310847||1210568422||fi||
3247310848||3247312895||1210568422||fi||
3247312896||3247313151||1210568422||fi||
3247313152||3247313407||1210568422||fi||
3247313408||3247313663||1210568422||fi||
3247313664||3247313919||1210568422||fi||
3247313920||3247314175||1210568422||fi||
3247314176||3247314687||1210568422||fi||
3247314688||3247314943||1210568422||fi||
3247314944||3247315455||1210568422||fi||
3247315456||3247315711||1210568422||fi||
3247315712||3247315967||1210568422||fi||
3247315968||3247316223||1210568422||fi||
3247316224||3247316479||1210568422||fi||
3247316736||3247316991||1210568422||fi||
3247316992||3247320831||1210568422||fi||
3247320832||3247321599||1210568422||fi||
3247321600||3247321855||1210568422||fi||
3247321856||3247322111||1210568422||fi||
3247322112||3247322367||1210568422||fi||
3247322624||3247322879||1210568422||fi||
3247322880||3247323135||1210568422||fi||
3247323648||3247323903||1210568422||fi||
3247323904||3247324159||1210568422||fi||
3247324160||3247324415||1210568422||fi||
3247324928||3247325183||1210568422||fi||
3247325184||3247333375||1210568422||fi||
3247333376||3247333631||1210568422||fi||
3247333888||3247334143||1210568422||fi||
3247334144||3247334399||1210568422||fi||
3247334656||3247334911||1210568422||fi||
3247334912||3247335167||1210568422||fi||
3247335424||3247336447||1210568422||fi||
3247337984||3247338239||1210568422||fi||
3247339520||3247339775||1210568422||fi||
3247339776||3247340031||1210568422||fi||
3247340032||3247340287||1210568422||fi||
3247340288||3247340543||1210568422||fi||
3247341056||3247341311||1210568422||fi||
3247341568||3247343615||1210568422||fi||
3247343616||3247343871||1210568422||fi||
3247343872||3247344127||1210568422||fi||
3247344128||3247345663||1210568422||fi||
3247345664||3247345919||1210568422||fi||
3247346176||3247346431||1210568422||fi||
3247346432||3247346687||1210568422||fi||
3247346688||3247346943||1210568422||fi||
3247347200||3247347455||1210568422||fi||
3247347712||3247347967||1210568422||fi||
3247348224||3247348479||1210568422||fi||
3247348480||3247348735||1210568422||fi||
3247348736||3247348991||1210568422||fi||
3247349248||3247349503||1210568422||fi||
3247349504||3247349759||1210568422||fi||
3247349760||3247353855||1210568422||fi||
3247353856||3247356927||1210568422||fi||
3247356928||3247357951||1210568422||fi||
3247357952||3247358207||1210568422||fi||
3247358208||3247358463||1210568422||fi||
3247358464||3247358719||1210568422||fi||
3247358720||3247358975||1210568422||fi||
3247358976||3247359231||1210568422||fi||
3247359232||3247359487||1210568422||fi||
3247359488||3247361023||1210568422||fi||
3247361024||3247361279||1210568422||fi||
3247361280||3247361535||1210568422||fi||
3247361536||3247361791||1210568422||fi||
3247361792||3247362047||1210568422||fi||
3247366144||3247368191||1210568422||fi||
3247368192||3247368447||1210568422||fi||
3247368448||3247368703||1210568422||fi||
3247368704||3247368959||1210568422||fi||
3247368960||3247370239||1210568422||fi||
3247370240||3247370495||1210568422||fi||
3247370496||3247370751||1210568422||fi||
3247370752||3247371007||1210568422||fi||
3247371776||3247372031||1210568422||fi||
3247372032||3247372287||1210568422||fi||
3247372288||3247373055||1210568422||fi||
3247373056||3247373567||1210568422||fi||
3247373568||3247374079||1210568422||fi||
3247374080||3247374335||1210568422||fi||
3247374592||3247375359||1210568422||fi||
3247375360||3247375871||1210568422||fi||
3247375872||3247376127||1210568422||fi||
3247376128||3247376383||1210568422||fi||
3247376384||3247378431||1210568422||fi||
3247378432||3247378687||1210568422||fi||
3247378688||3247378943||1210568422||fi||
3247378944||3247379199||1210568422||fi||
3247379200||3247379455||1210568422||fi||
3247379456||3247379711||1210568422||fi||
3247379712||3247379967||1210568422||fi||
3247379968||3247380479||1210568422||fi||
3247380480||3247382527||1210568422||fi||
3247382528||3247390719||1210568422||fi||
3247390720||3247390975||1210568422||fi||
3247390976||3247391231||1210568422||fi||
3247391232||3247391487||1210568422||fi||
3247391488||3247391743||1210568422||fi||
3247391744||3247391999||1210568422||fi||
3247392000||3247392255||1210568422||fi||
3247392256||3247392767||1210568422||fi||
3247392768||3247393023||1210568422||fi||
3247393024||3247393279||1210568422||fi||
3247393280||3247393535||1210568422||fi||
3247393536||3247393791||1210568422||fi||
3247393792||3247394047||1210568422||fi||
3247394304||3247394559||1210568422||fi||
3247394560||3247394815||1210568422||fi||
3247394816||3247395071||1210568422||fi||
3247395072||3247395327||1210568422||fi||
3247395328||3247395583||1210568422||fi||
3247395584||3247396351||1210568422||fi||
3247396352||3247396607||1210568422||fi||
3247396608||3247396863||1210568422||fi||
3247396864||3247397119||1210568422||fi||
3247397120||3247397375||1210568422||fi||
3247397376||3247397631||1210568422||fi||
3247397632||3247397887||1210568422||fi||
3247397888||3247398143||1210568422||fi||
3247398144||3247398399||1210568422||fi||
3247398400||3247398655||1210568422||fi||
3247398656||3247398911||1210568422||fi||
3247398912||3247399167||1210568422||fi||
3247399168||3247399423||1210568422||fi||
3247399680||3247404799||1210568422||fi||
3247405824||3247406079||1210568422||fi||
3247406080||3247406335||1210568422||fi||
3247406336||3247406591||1210568422||fi||
3247406592||3247406847||1210568422||fi||
3247406848||3247407103||1210568422||fi||
3247407104||3247410687||1210568422||fi||
3247410688||3247410943||1210568422||fi||
3247410944||3247411199||1210568422||fi||
3247411200||3247411455||1210568422||fi||
3247411456||3247411711||1210568422||fi||
3247411712||3247411967||1210568422||fi||
3247411968||3247412223||1210568422||fi||
3247412224||3247412479||1210568422||fi||
3247412480||3247412735||1210568422||fi||
3247412736||3247412991||1210568422||fi||
3247412992||3247413247||1210568422||fi||
3247413248||3247413503||1210568422||fi||
3247413504||3247413759||1210568422||fi||
3247413760||3247414015||1210568422||fi||
3247414016||3247414271||1210568422||fi||
3247414272||3247414527||1210568422||fi||
3247414528||3247414783||1210568422||fi||
3247414784||3247415039||1210568422||fi||
3247415040||3247415295||1210568422||fi||
3247415296||3247415551||1210568422||fi||
3247415552||3247423487||1210568422||fi||
3247423488||3247431679||1210568422||fi||
3247431680||3247431935||1210568422||fi||
3247431936||3247432191||1210568422||fi||
3247432448||3247432703||1210568422||fi||
3247432704||3247432959||1210568422||fi||
3247432960||3247433215||1210568422||fi||
3247433216||3247433471||1210568422||fi||
3247433472||3247433727||1210568422||fi||
3247433728||3247435775||1210568422||fi||
3247435776||3247437823||1210568422||fi||
3247437824||3247438079||1210568422||fi||
3247438336||3247438591||1210568422||fi||
3247438592||3247438847||1210568422||fi||
3247438848||3247439103||1210568422||fi||
3247439104||3247439359||1210568422||fi||
3247439360||3247439615||1210568422||fi||
3247439616||3247439871||1210568422||fi||
3248881664||3248947199||1210568422||fi||
3248947200||3249012735||1210568422||fi||
3249702144||3249702399||1210568422||fi||
3250061312||3250126847||1210568422||fi||
3250126848||3250192383||1210568422||fi||
3251044352||3251109887||1210568422||fi||
3251212416||3251212543||1210568422||fi||
3251213888||3251213951||1210568422||fi||
3251213952||3251214015||1210568422||fi||
3251216128||3251216255||1210568422||fi||
3251634176||3251699711||1210568422||fi||
3251699712||3251765247||1210568422||fi||
3251765248||3251830783||1210568422||fi||
3251830784||3251896319||1210568422||fi||
3252585728||3252585983||1210568422||fi||
3253010432||3253018623||1210568422||fi||
3253018624||3253020671||1210568422||fi||
3253020672||3253022719||1210568422||fi||
3253022720||3253024767||1210568422||fi||
3253024768||3253026815||1210568422||fi||
3253026816||3253043199||1210568422||fi||
3253043200||3253075967||1210568422||fi||
3253601280||3253602303||1210568422||fi||
3253894656||3253894911||1210568422||fi||
3254800384||3254801407||1210568422||fi||
3255427072||3255435263||1210568422||fi||
3256729600||3256731647||1210568422||fi||
3257546752||3257548799||1210568422||fi||
3258099712||3258099967||1210568422||fi||
3259961344||3259962367||1210568422||fi||
3260416000||3260481535||1210568422||fi||
3260612608||3260678143||1210568422||fi||
3261333504||3261341695||1210568422||fi||
3261341696||3261343743||1210568422||fi||
3261343744||3261345791||1210568422||fi||
3261345792||3261349887||1210568422||fi||
3261349888||3261366271||1210568422||fi||
3261366272||3261399039||1210568422||fi||
3261989120||3261989375||1210568422||fi||
3261989376||3261989631||1210568422||fi||
3261989632||3261989887||1210568422||fi||
3261989888||3261990143||1210568422||fi||
3261990144||3261990399||1210568422||fi||
3261990400||3261990655||1210568422||fi||
3261990656||3261990911||1210568422||fi||
3261990912||3261991935||1210568422||fi||
3261991936||3261992191||1210568422||fi||
3261992192||3261992447||1210568422||fi||
3261992448||3261992703||1210568422||fi||
3261992704||3261992959||1210568422||fi||
3261992960||3261993215||1210568422||fi||
3261993216||3261993471||1210568422||fi||
3261993728||3261993983||1210568422||fi||
3261993984||3261994239||1210568422||fi||
3261994240||3261994495||1210568422||fi||
3261994496||3261994751||1210568422||fi||
3261994752||3261995007||1210568422||fi||
3261995008||3261995263||1210568422||fi||
3261995776||3261996031||1210568422||fi||
3261996288||3261996543||1210568422||fi||
3261996544||3261996799||1210568422||fi||
3261996800||3261997055||1210568422||fi||
3261997056||3261997311||1210568422||fi||
3261997312||3261997567||1210568422||fi||
3261997568||3261997823||1210568422||fi||
3261997824||3261998079||1210568422||fi||
3261998080||3261998335||1210568422||fi||
3261998336||3261998591||1210568422||fi||
3261998592||3261998847||1210568422||fi||
3261998848||3261999103||1210568422||fi||
3261999104||3261999359||1210568422||fi||
3261999360||3261999615||1210568422||fi||
3261999616||3261999871||1210568422||fi||
3261999872||3262000127||1210568422||fi||
3262000128||3262000383||1210568422||fi||
3262000384||3262000639||1210568422||fi||
3262000640||3262000895||1210568422||fi||
3262000896||3262001151||1210568422||fi||
3262001152||3262004223||1210568422||fi||
3262004224||3262004735||1210568422||fi||
3262004736||3262005247||1210568422||fi||
3262005248||3262005759||1210568422||fi||
3262009344||3262009599||1210568422||fi||
3262009600||3262009855||1210568422||fi||
3262009856||3262010111||1210568422||fi||
3262010112||3262010367||1210568422||fi||
3262010368||3262010879||1210568422||fi||
3262010880||3262011135||1210568422||fi||
3262011136||3262011391||1210568422||fi||
3262011392||3262012927||1210568422||fi||
3262012928||3262013183||1210568422||fi||
3262013184||3262013439||1210568422||fi||
3262013440||3262017535||1210568422||fi||
3262017536||3262017791||1210568422||fi||
3262017792||3262018047||1210568422||fi||
3262018048||3262018303||1210568422||fi||
3262018304||3262018559||1210568422||fi||
3262018816||3262019071||1210568422||fi||
3262019072||3262019327||1210568422||fi||
3262019328||3262019583||1210568422||fi||
3262019584||3262020095||1210568422||fi||
3262020096||3262020607||1210568422||fi||
3262020608||3262020863||1210568422||fi||
3262020864||3262021119||1210568422||fi||
3262022144||3262022399||1210568422||fi||
3262022400||3262022655||1210568422||fi||
3262022656||3262022911||1210568422||fi||
3262023168||3262023423||1210568422||fi||
3262023424||3262023679||1210568422||fi||
3262023936||3262024191||1210568422||fi||
3262024192||3262024447||1210568422||fi||
3262024448||3262024703||1210568422||fi||
3262024704||3262024959||1210568422||fi||
3262024960||3262025215||1210568422||fi||
3262025216||3262025471||1210568422||fi||
3262025472||3262025727||1210568422||fi||
3262025728||3262025983||1210568422||fi||
3262025984||3262026239||1210568422||fi||
3262026240||3262026495||1210568422||fi||
3262026496||3262026751||1210568422||fi||
3262026752||3262027007||1210568422||fi||
3262027008||3262027263||1210568422||fi||
3262027776||3262029823||1210568422||fi||
3262031872||3262033919||1210568422||fi||
3262033920||3262038015||1210568422||fi||
3262046208||3262046463||1210568422||fi||
3262046464||3262046719||1210568422||fi||
3262046720||3262046975||1210568422||fi||
3262046976||3262047231||1210568422||fi||
3262047232||3262047487||1210568422||fi||
3262047488||3262047743||1210568422||fi||
3262047744||3262047999||1210568422||fi||
3262048000||3262048255||1210568422||fi||
3262048256||3262048511||1210568422||fi||
3262048512||3262048767||1210568422||fi||
3262048768||3262049023||1210568422||fi||
3262049024||3262049279||1210568422||fi||
3262054400||3262119935||1210568422||fi||
3262119936||3262124031||1210568422||fi||
3263091712||3263091967||1210568422||fi||
3263692800||3263758335||1210568422||fi||
3263758336||3263823871||1210568422||fi||
3264086016||3264151551||1210568422||fi||
3264290816||3264296191||1210568422||fi||
3265069056||3265134591||1210568422||fi||
3266340608||3266340863||1210568422||fi||
3267089408||3267090431||1210568422||fi||
3267100672||3267166207||1210568422||fi||
3267690496||3267756031||1210568422||fi||
3268608000||3268673535||1210568422||fi||
3268870144||3268935679||1210568422||fi||
3270508544||3270574079||1210568422||fi||
3270574080||3270639615||1210568422||fi||
3271229440||3271294975||1210568422||fi||
3271294976||3271360511||1210568422||fi||
3272245248||3272253439||1210568422||fi||
3272253440||3272261631||1210568422||fi||
3272357888||3272358911||1210568422||fi||
3272478464||3272478719||1210568422||fi||
3272654848||3272663039||1210568422||fi||
3272871936||3272872959||1210568422||fi||
3272897536||3272898047||1210568422||fi||
3275553792||3275554815||1210568422||fi||
3276406784||3276414975||1210568422||fi||
3276686848||3276687359||1210568422||fi||
3277742080||3277750271||1210568422||fi||
3277836288||3277836799||1210568422||fi||
3280396288||3280404479||1210568422||fi||
3280781312||3280782335||1210568422||fi||
3281256448||3281321983||1210568422||fi||
3281343232||3281343487||1210568422||fi||
3281780736||3281846271||1210568422||fi||
3282370560||3282436095||1210568422||fi||
3282731008||3282739199||1210568422||fi||
3284467712||3284533247||1210568422||fi||
3284681728||3284682239||1210568422||fi||
3285860352||3285868543||1210568422||fi||
3286927104||3286927359||1210568422||fi||
3286928896||3286929151||1210568422||fi||
3286942720||3286943743||1210568422||fi||
3287023616||3287089151||1210568422||fi||
3287089152||3287154687||1210568422||fi||
3287203840||3287212031||1210568422||fi||
3287472128||3287473151||1210568422||fi||
3287564288||3287572479||1210568422||fi||
3287641600||3287642111||1210568422||fi||
3287832064||3287832319||1210568422||fi||
3288268800||3288276991||1210568422||fi||
3288276992||3288285183||1210568422||fi||
3288285184||3288293375||1210568422||fi||
3288293376||3288301567||1210568422||fi||
3288301568||3288334335||1210568422||fi||
3557842944||3557851135||1210568422||fi||
3557924864||3557933055||1210568422||fi||
3559317504||3559325695||1210568422||fi||
3560079360||3560087551||1210568422||fi||
3560095744||3560103935||1210568422||fi||
3560308736||3560316927||1210568422||fi||
3560898560||3560906751||1210568422||fi||
3561144320||3561152511||1210568422||fi||
3561226240||3561234431||1210568422||fi||
3562233856||3562242047||1210568422||fi||
3562405888||3562414079||1210568422||fi||
3562684416||3562692607||1210568422||fi||
3562946560||3562954751||1210568422||fi||
3564380160||3564388351||1210568422||fi||
3566338048||3566354431||1210568422||fi||
3566551040||3566567423||1210568422||fi||
3566567424||3566600191||1210568422||fi||
3568746496||3568762879||1210568422||fi||
3570728960||3570794495||1210568422||fi||
3571580928||3571646463||1210568422||fi||
3572891648||3572957183||1210568422||fi||
3575382016||3575447551||1210568422||fi||
3582124032||3582132223||1210568422||fi||
3582623744||3582631935||1210568422||fi||
3582697472||3582705663||1210568422||fi||
3582763008||3582771199||1210568422||fi||
3582812160||3582820351||1210568422||fi||
3582959616||3582967807||1210568422||fi||
3583098880||3583107071||1210568422||fi||
3583852544||3583860735||1210568422||fi||
3584106496||3584114687||1210568422||fi||
3584622592||3584630783||1210568422||fi||
3584917504||3584925695||1210568422||fi||
3585679360||3585687551||1210568422||fi||
3585794048||3585802239||1210568422||fi||
3586162688||3586179071||1210568422||fi||
3586924544||3586932735||1210568422||fi||
3587604480||3587620863||1210568422||fi||
3587751936||3587768319||1210568422||fi||
3589505024||3589521407||1210568422||fi||
3589947392||3589963775||1210568422||fi||
3590299648||3590307839||1210568422||fi||
3642318848||3642322943||1210568422||fi||
3642667008||3642671103||1210568422||fi||
3644895232||3644899327||1210568422||fi||
3645190144||3645194239||1210568422||fi||
3645345792||3645349887||1210568422||fi||
3645751296||3645755391||1210568422||fi||
3645816832||3645820927||1210568422||fi||
3645820928||3645825023||1210568422||fi||
3648045056||3648049151||1210568422||fi||
3648057344||3648061439||1210568422||fi||
3648299008||3648303103||1210568422||fi||
3648462848||3648466943||1210568422||fi||
3649863680||3649896447||1210568422||fi||
3650433024||3650437119||1210568422||fi||
3650617344||3650682879||1210568422||fi||
3651747840||3651751935||1210568422||fi||
