--||--||--||fr||France
956301312||973078527||1210568422||fr||
1040449536||1040457727||1210568422||fr||
1040711680||1040719871||1210568422||fr||
1042415616||1042546687||1210568422||fr||
1042743296||1042808831||1210568422||fr||
1043496960||1043505151||1210568422||fr||
1044283392||1044316159||1210568422||fr||
1044971520||1044979711||1210568422||fr||
1046773760||1046781951||1210568422||fr||
1047150592||1047158783||1210568422||fr||
1047166976||1047199743||1210568422||fr||
1048682496||1048690687||1210568422||fr||
1049821184||1049886719||1210568422||fr||
1050673152||1050738687||1210568422||fr||
1050738688||1050804223||1210568422||fr||
1052844032||1052852223||1210568422||fr||
1052884992||1052901375||1210568422||fr||
1053392896||1053401087||1210568422||fr||
1053949952||1054015487||1210568422||fr||
1054105600||1054113791||1210568422||fr||
1054408704||1054416895||1210568422||fr||
1055465472||1055473663||1210568422||fr||
1055973376||1055981567||1210568422||fr||
1055997952||1056014335||1210568422||fr||
1056194560||1056210943||1210568422||fr||
1296574464||1296576511||1210568422||fr||
1296586752||1296588799||1210568422||fr||
1296734208||1296736255||1210568422||fr||
1296748544||1296750591||1210568422||fr||
1296756736||1296758783||1210568422||fr||
1296775168||1296777215||1210568422||fr||
1296777216||1296779263||1210568422||fr||
1297350656||1297416191||1210568422||fr||
1297870848||1297872895||1210568422||fr||
1298063360||1298065407||1210568422||fr||
1298087936||1298089983||1210568422||fr||
1298128896||1298130943||1210568422||fr||
1298661376||1298677759||1210568422||fr||
1299169280||1299185663||1210568422||fr||
1304428544||1305477119||1210568422||fr||
1306001408||1306263551||1210568422||fr||
1307140096||1307148287||1210568422||fr||
1307623424||1307627519||1210568422||fr||
1307934720||1307938815||1210568422||fr||
1307987968||1307992063||1210568422||fr||
1310228480||1310230527||1210568422||fr||
1310246912||1310248959||1210568422||fr||
1310257152||1310259199||1210568422||fr||
1311256576||1311258623||1210568422||fr||
1311266816||1311268863||1210568422||fr||
1311275008||1311277055||1210568422||fr||
1311320064||1311322111||1210568422||fr||
1311342592||1311344639||1210568422||fr||
1311356928||1311358975||1210568422||fr||
1311369216||1311371263||1210568422||fr||
1311373312||1311375359||1210568422||fr||
1315758080||1315762175||1210568422||fr||
1315786752||1315790847||1210568422||fr||
1315962880||1317011455||1210568422||fr||
1318707200||1318715391||1210568422||fr||
1318813696||1318821887||1210568422||fr||
1319043072||1319051263||1210568422||fr||
1321205760||1325400063||1210568422||fr||
1330642944||1331691519||1210568422||fr||
1331826688||1331828735||1210568422||fr||
1331836928||1331838975||1210568422||fr||
1331896320||1331898367||1210568422||fr||
1331929088||1331931135||1210568422||fr||
1334059008||1334067199||1210568422||fr||
1334640640||1334644735||1210568422||fr||
1334689792||1334693887||1210568422||fr||
1334767616||1334771711||1210568422||fr||
1334804480||1334808575||1210568422||fr||
1334833152||1334837247||1210568422||fr||
1336569856||1336571903||1210568422||fr||
1336596480||1336598527||1210568422||fr||
1336600576||1336602623||1210568422||fr||
1342701568||1343225855||1210568422||fr||
1346428928||1346433023||1210568422||fr||
1346494464||1346498559||1210568422||fr||
1346609152||1346613247||1210568422||fr||
1346613248||1346617343||1210568422||fr||
1346752512||1346756607||1210568422||fr||
1346772992||1346777087||1210568422||fr||
1346813952||1346818047||1210568422||fr||
1346818048||1346822143||1210568422||fr||
1347043328||1347047423||1210568422||fr||
1347280896||1347284991||1210568422||fr||
1347289088||1347293183||1210568422||fr||
1347506176||1347510271||1210568422||fr||
1347555328||1347559423||1210568422||fr||
1347903488||1347907583||1210568422||fr||
1347936256||1347940351||1210568422||fr||
1348038656||1348042751||1210568422||fr||
1348280320||1348284415||1210568422||fr||
1348292608||1348296703||1210568422||fr||
1348382720||1348386815||1210568422||fr||
1349910528||1350041599||1210568422||fr||
1350303744||1350369279||1210568422||fr||
1350369280||1350402047||1210568422||fr||
1350402048||1350418431||1210568422||fr||
1350418432||1350434815||1210568422||fr||
1353318400||1353383935||1210568422||fr||
1354301440||1354366975||1210568422||fr||
1356201984||1356333055||1210568422||fr||
1357643776||1357676543||1210568422||fr||
1358163968||1358168063||1210568422||fr||
1358237696||1358241791||1210568422||fr||
1358422016||1358426111||1210568422||fr||
1358483456||1358487551||1210568422||fr||
1358651392||1358655487||1210568422||fr||
1358888960||1358893055||1210568422||fr||
1359020032||1359036415||1210568422||fr||
1360179200||1360183295||1210568422||fr||
1360203776||1360207871||1210568422||fr||
1360297984||1360302079||1210568422||fr||
1360318464||1360322559||1210568422||fr||
1360470016||1360474111||1210568422||fr||
1360642048||1360646143||1210568422||fr||
1360728064||1360732159||1210568422||fr||
1360814080||1360818175||1210568422||fr||
1360838656||1360842751||1210568422||fr||
1362100224||1362624511||1210568422||fr||
1362624512||1362755583||1210568422||fr||
1363148800||1363410943||1210568422||fr||
1364197376||1364262911||1210568422||fr||
1364746240||1364750335||1210568422||fr||
1364934656||1364938751||1210568422||fr||
1365004288||1365008383||1210568422||fr||
1365012480||1365016575||1210568422||fr||
1365049344||1365053439||1210568422||fr||
1365053440||1365057535||1210568422||fr||
1365094400||1365098495||1210568422||fr||
1365110784||1365114879||1210568422||fr||
1371078656||1371144191||1210568422||fr||
1371668480||1371734015||1210568422||fr||
1372069888||1372073983||1210568422||fr||
1372106752||1372110847||1210568422||fr||
1372172288||1372176383||1210568422||fr||
1373372416||1373437951||1210568422||fr||
1375207424||1375731711||1210568422||fr||
1379926016||1380188159||1210568422||fr||
1382055936||1382072319||1210568422||fr||
1382088704||1382105087||1210568422||fr||
1382154240||1382170623||1210568422||fr||
1382350848||1382367231||1210568422||fr||
1383596032||1384120319||1210568422||fr||
1385037824||1385054207||1210568422||fr||
1385504768||1385512959||1210568422||fr||
1388576768||1388584959||1210568422||fr||
1389887488||1389953023||1210568422||fr||
1390411776||1392508927||1210568422||fr||
1396989952||1396998143||1210568422||fr||
1398880256||1398882303||1210568422||fr||
1399848960||1400111103||1210568422||fr||
1401462784||1401464831||1210568422||fr||
1401516032||1401518079||1210568422||fr||
1401548800||1401550847||1210568422||fr||
1401782272||1401815039||1210568422||fr||
1401884672||1401886719||1210568422||fr||
1401946112||1401962495||1210568422||fr||
1402028032||1402044415||1210568422||fr||
1402470400||1402994687||1210568422||fr||
1403461632||1403469823||1210568422||fr||
1403486208||1403494399||1210568422||fr||
1403600896||1403617279||1210568422||fr||
1403863040||1403879423||1210568422||fr||
1405091840||1406140415||1210568422||fr||
1406533632||1406599167||1210568422||fr||
1408438272||1408440319||1210568422||fr||
1409548288||1409810431||1210568422||fr||
1410744320||1410752511||1210568422||fr||
1411710976||1411776511||1210568422||fr||
1412923392||1412939775||1210568422||fr||
1415577600||1416101887||1210568422||fr||
1425434624||1425436671||1210568422||fr||
1425465344||1425467391||1210568422||fr||
1426751488||1426767871||1210568422||fr||
1426882560||1426898943||1210568422||fr||
1427013632||1427030015||1210568422||fr||
1428121600||1428123647||1210568422||fr||
1428131840||1428133887||1210568422||fr||
1428144128||1428152319||1210568422||fr||
1430519808||1430650879||1210568422||fr||
1432338432||1432346623||1210568422||fr||
1433673728||1433681919||1210568422||fr||
1433804800||1433812991||1210568422||fr||
1433882624||1433884671||1210568422||fr||
1433905152||1433907199||1210568422||fr||
1436422144||1436424191||1210568422||fr||
1436446720||1436448767||1210568422||fr||
1436448768||1436450815||1210568422||fr||
1437073408||1437335551||1210568422||fr||
1438695424||1438711807||1210568422||fr||
1441382400||1441390591||1210568422||fr||
1441619968||1441628159||1210568422||fr||
1447026688||1447034879||1210568422||fr||
1447034880||1448083455||1210568422||fr||
1450168320||1450170367||1210568422||fr||
1455423488||1459617791||1210568422||fr||
1465384960||1465647103||1210568422||fr||
1466073088||1466105855||1210568422||fr||
1466171392||1466204159||1210568422||fr||
1474756608||1474789375||1210568422||fr||
1474789376||1474822143||1210568422||fr||
1475102720||1475104767||1210568422||fr||
1475196928||1475198975||1210568422||fr||
1475213312||1475215359||1210568422||fr||
1475252224||1475254271||1210568422||fr||
1475260416||1475262463||1210568422||fr||
1475362816||1475379199||1210568422||fr||
1476132864||1476141055||1210568422||fr||
1476362240||1476370431||1210568422||fr||
1482088448||1482096639||1210568422||fr||
1484259328||1484783615||1210568422||fr||
1485307904||1485832191||1210568422||fr||
1486329856||1486331903||1210568422||fr||
1486880768||1488977919||1210568422||fr||
1490747392||1490812927||1210568422||fr||
1493303296||1493434367||1210568422||fr||
1494220800||1494228991||1210568422||fr||
1495044096||1495046143||1210568422||fr||
1495138304||1495171071||1210568422||fr||
1495240704||1495242751||1210568422||fr||
1498415104||1499463679||1210568422||fr||
1500166144||1500168191||1210568422||fr||
1500227584||1500229631||1210568422||fr||
1503395840||1503657983||1210568422||fr||
1504313344||1504378879||1210568422||fr||
1505304576||1505312767||1210568422||fr||
1505337344||1505345535||1210568422||fr||
1507852288||1508114431||1210568422||fr||
1508540416||1508556799||1210568422||fr||
1508720640||1508737023||1210568422||fr||
1509478400||1509482495||1210568422||fr||
1509634048||1509638143||1210568422||fr||
1509949440||1518338047||1210568422||fr||
1519386624||1519452159||1210568422||fr||
1531183104||1531445247||1210568422||fr||
1532493824||1532559359||1210568422||fr||
1532690432||1532755967||1210568422||fr||
1533474816||1533476863||1210568422||fr||
1533487104||1533489151||1210568422||fr||
1533511680||1533513727||1210568422||fr||
1533536256||1533538303||1210568422||fr||
1534656512||1534722047||1210568422||fr||
1534816256||1534820351||1210568422||fr||
1535619072||1535623167||1210568422||fr||
1536634880||1536638975||1210568422||fr||
1536638976||1536643071||1210568422||fr||
1536651264||1536655359||1210568422||fr||
1537212416||1538260991||1210568422||fr||
1539063808||1539071999||1210568422||fr||
1539221504||1539223551||1210568422||fr||
1539444224||1539444735||1210568422||fr||
1539456000||1539456511||1210568422||fr||
1539465216||1539466751||1210568422||fr||
1539486208||1539486719||1210568422||fr||
1539515392||1539515903||1210568422||fr||
1539524608||1539525119||1210568422||fr||
1539548160||1539548671||1210568422||fr||
1539617792||1539618815||1210568422||fr||
1539725312||1539725567||1210568422||fr||
1539729664||1539729919||1210568422||fr||
1539743488||1539743743||1210568422||fr||
1539751680||1539751935||1210568422||fr||
1539769856||1539770111||1210568422||fr||
1539771136||1539771391||1210568422||fr||
1539794432||1539794687||1210568422||fr||
1539794688||1539794943||1210568422||fr||
1539827712||1539827967||1210568422||fr||
1539827968||1539828223||1210568422||fr||
1539828224||1539828479||1210568422||fr||
1539830272||1539830527||1210568422||fr||
1539833344||1539833599||1210568422||fr||
1539833600||1539833855||1210568422||fr||
1540068352||1540069375||1210568422||fr||
1540077568||1540078591||1210568422||fr||
1546311680||1546313727||1210568422||fr||
1546354688||1546356735||1210568422||fr||
1546385408||1546387455||1210568422||fr||
1546731520||1546747903||1210568422||fr||
1547534336||1547538431||1210568422||fr||
1547542528||1547546623||1210568422||fr||
1549271040||1549795327||1210568422||fr||
1550188544||1550319615||1210568422||fr||
1551892480||1556086783||1210568422||fr||
1559429120||1559437311||1210568422||fr||
1559592960||1559601151||1210568422||fr||
1560281088||1562378239||1210568422||fr||
1566337024||1566339071||1210568422||fr||
1566386176||1566388223||1210568422||fr||
1566423040||1566425087||1210568422||fr||
1566482432||1566484479||1210568422||fr||
1566521344||1566523391||1210568422||fr||
1566566400||1566568447||1210568422||fr||
1568243712||1568276479||1210568422||fr||
1571815424||1571831807||1210568422||fr||
1572638720||1572640767||1210568422||fr||
1572644864||1572646911||1210568422||fr||
2366308352||2366373887||1210568422||fr||
3224813568||3224814591||1210568422||fr||
3225836544||3225837823||1210568422||fr||
3225840128||3225840383||1210568422||fr||
3230152192||3230152447||1210568422||fr||
3230153216||3230153471||1210568422||fr||
3234070784||3234110463||1210568422||fr||
3238035456||3238060031||1210568422||fr||
3238065408||3238065663||1210568422||fr||
3239091200||3239091455||1210568422||fr||
3239091968||3239092223||1210568422||fr||
3239165952||3239166207||1210568422||fr||
3239166976||3239167231||1210568422||fr||
3239167488||3239167743||1210568422||fr||
3239170304||3239170559||1210568422||fr||
3239267328||3239267839||1210568422||fr||
3239301120||3239302143||1210568422||fr||
3239468032||3239468287||1210568422||fr||
3239471872||3239472127||1210568422||fr||
3239542528||3239542783||1210568422||fr||
3239568128||3239568383||1210568422||fr||
3239691520||3239691775||1210568422||fr||
3239773184||3239773439||1210568422||fr||
3239890176||3239890431||1210568422||fr||
3239897856||3239898111||1210568422||fr||
3239960064||3239960319||1210568422||fr||
3240004864||3240005119||1210568422||fr||
3240168448||3240168959||1210568422||fr||
3240174592||3240175103||1210568422||fr||
3240185344||3240185855||1210568422||fr||
3240222208||3240222719||1210568422||fr||
3240235008||3240236031||1210568422||fr||
3240281216||3240281343||1210568422||fr||
3240408576||3240408831||1210568422||fr||
3240464640||3240464895||1210568422||fr||
3240708096||3240709119||1210568422||fr||
3240713984||3240714239||1210568422||fr||
3240735744||3240736255||1210568422||fr||
3240739328||3240739583||1210568422||fr||
3240746496||3240747007||1210568422||fr||
3240809728||3240809983||1210568422||fr||
3240875520||3240876031||1210568422||fr||
3241039104||3241039359||1210568422||fr||
3241069312||3241069567||1210568422||fr||
3241070080||3241070335||1210568422||fr||
3241072128||3241072383||1210568422||fr||
3241082880||3241083135||1210568422||fr||
3241129984||3241130239||1210568422||fr||
3241131264||3241131519||1210568422||fr||
3241148416||3241410559||1210568422||fr||
3241410560||3241476095||1210568422||fr||
3241503232||3241503487||1210568422||fr||
3241541632||3241672703||1210568422||fr||
3241672704||3241672959||1210568422||fr||
3241672960||3241673215||1210568422||fr||
3241673216||3241673471||1210568422||fr||
3241673472||3241673727||1210568422||fr||
3241673728||3241673983||1210568422||fr||
3241673984||3241674239||1210568422||fr||
3241674240||3241674495||1210568422||fr||
3241674496||3241674751||1210568422||fr||
3241674752||3241675007||1210568422||fr||
3241675008||3241675263||1210568422||fr||
3241675264||3241675519||1210568422||fr||
3241675520||3241675775||1210568422||fr||
3241675776||3241676031||1210568422||fr||
3241676032||3241676287||1210568422||fr||
3241676288||3241676543||1210568422||fr||
3241676544||3241676799||1210568422||fr||
3241676800||3241677055||1210568422||fr||
3241677056||3241677311||1210568422||fr||
3241677312||3241677567||1210568422||fr||
3241677568||3241677823||1210568422||fr||
3241677824||3241678079||1210568422||fr||
3241678080||3241678335||1210568422||fr||
3241678336||3241678591||1210568422||fr||
3241678592||3241678847||1210568422||fr||
3241678848||3241679103||1210568422||fr||
3241679104||3241679359||1210568422||fr||
3241679360||3241679615||1210568422||fr||
3241679616||3241679871||1210568422||fr||
3241679872||3241680127||1210568422||fr||
3241680128||3241680383||1210568422||fr||
3241680384||3241680639||1210568422||fr||
3241680640||3241680895||1210568422||fr||
3241680896||3241681151||1210568422||fr||
3241681152||3241681407||1210568422||fr||
3241681408||3241681663||1210568422||fr||
3241681664||3241681919||1210568422||fr||
3241681920||3241682175||1210568422||fr||
3241682176||3241682431||1210568422||fr||
3241682432||3241682687||1210568422||fr||
3241682688||3241682943||1210568422||fr||
3241682944||3241683199||1210568422||fr||
3241683200||3241683455||1210568422||fr||
3241683456||3241683711||1210568422||fr||
3241683712||3241683967||1210568422||fr||
3241683968||3241684223||1210568422||fr||
3241684224||3241684479||1210568422||fr||
3241684480||3241684735||1210568422||fr||
3241684736||3241684991||1210568422||fr||
3241684992||3241685247||1210568422||fr||
3241685248||3241685503||1210568422||fr||
3241685504||3241685759||1210568422||fr||
3241685760||3241686015||1210568422||fr||
3241686016||3241686271||1210568422||fr||
3241686272||3241686527||1210568422||fr||
3241686528||3241686783||1210568422||fr||
3241686784||3241687039||1210568422||fr||
3241687040||3241687295||1210568422||fr||
3241687296||3241687551||1210568422||fr||
3241687552||3241687807||1210568422||fr||
3241687808||3241688063||1210568422||fr||
3241688064||3241688319||1210568422||fr||
3241688320||3241688575||1210568422||fr||
3241688576||3241688831||1210568422||fr||
3241688832||3241689087||1210568422||fr||
3241689088||3241689343||1210568422||fr||
3241689344||3241689599||1210568422||fr||
3241689600||3241689855||1210568422||fr||
3241689856||3241690111||1210568422||fr||
3241690112||3241690367||1210568422||fr||
3241690368||3241690623||1210568422||fr||
3241690624||3241690879||1210568422||fr||
3241690880||3241691135||1210568422||fr||
3241691136||3241691391||1210568422||fr||
3241691392||3241691647||1210568422||fr||
3241691648||3241691903||1210568422||fr||
3241691904||3241692159||1210568422||fr||
3241692160||3241692415||1210568422||fr||
3241692416||3241692671||1210568422||fr||
3241692672||3241692927||1210568422||fr||
3241692928||3241693183||1210568422||fr||
3241693184||3241693439||1210568422||fr||
3241693440||3241693695||1210568422||fr||
3241693696||3241693951||1210568422||fr||
3241693952||3241694207||1210568422||fr||
3241694208||3241694463||1210568422||fr||
3241694464||3241694719||1210568422||fr||
3241694720||3241694975||1210568422||fr||
3241694976||3241695231||1210568422||fr||
3241695232||3241695487||1210568422||fr||
3241695488||3241695743||1210568422||fr||
3241695744||3241695999||1210568422||fr||
3241696000||3241696255||1210568422||fr||
3241696256||3241696511||1210568422||fr||
3241696512||3241696767||1210568422||fr||
3241696768||3241697023||1210568422||fr||
3241697024||3241697279||1210568422||fr||
3241697280||3241697535||1210568422||fr||
3241697536||3241697791||1210568422||fr||
3241697792||3241698047||1210568422||fr||
3241698048||3241698303||1210568422||fr||
3241698304||3241698559||1210568422||fr||
3241698560||3241698815||1210568422||fr||
3241698816||3241699071||1210568422||fr||
3241699072||3241699327||1210568422||fr||
3241699328||3241699583||1210568422||fr||
3241699584||3241699839||1210568422||fr||
3241699840||3241700095||1210568422||fr||
3241700096||3241700351||1210568422||fr||
3241700352||3241700607||1210568422||fr||
3241700608||3241700863||1210568422||fr||
3241700864||3241701119||1210568422||fr||
3241701120||3241701375||1210568422||fr||
3241701376||3241701631||1210568422||fr||
3241701632||3241701887||1210568422||fr||
3241701888||3241702143||1210568422||fr||
3241702144||3241702399||1210568422||fr||
3241702400||3241702655||1210568422||fr||
3241702656||3241702911||1210568422||fr||
3241702912||3241703167||1210568422||fr||
3241703168||3241703423||1210568422||fr||
3241703424||3241703679||1210568422||fr||
3241703680||3241703935||1210568422||fr||
3241703936||3241704191||1210568422||fr||
3241704192||3241704447||1210568422||fr||
3241704448||3241704703||1210568422||fr||
3241704704||3241704959||1210568422||fr||
3241704960||3241705215||1210568422||fr||
3241705216||3241705471||1210568422||fr||
3241705472||3241705727||1210568422||fr||
3241705728||3241705983||1210568422||fr||
3241705984||3241706239||1210568422||fr||
3241706240||3241706495||1210568422||fr||
3241706496||3241706751||1210568422||fr||
3241706752||3241707007||1210568422||fr||
3241707008||3241707263||1210568422||fr||
3241707264||3241707519||1210568422||fr||
3241707520||3241707775||1210568422||fr||
3241707776||3241708031||1210568422||fr||
3241708032||3241708287||1210568422||fr||
3241708288||3241708543||1210568422||fr||
3241708544||3241708799||1210568422||fr||
3241708800||3241709055||1210568422||fr||
3241709056||3241709311||1210568422||fr||
3241709312||3241709567||1210568422||fr||
3241709568||3241709823||1210568422||fr||
3241709824||3241710079||1210568422||fr||
3241710080||3241710335||1210568422||fr||
3241710336||3241710591||1210568422||fr||
3241710592||3241710847||1210568422||fr||
3241710848||3241711103||1210568422||fr||
3241711104||3241711359||1210568422||fr||
3241711360||3241711615||1210568422||fr||
3241711616||3241711871||1210568422||fr||
3241711872||3241712127||1210568422||fr||
3241712128||3241712383||1210568422||fr||
3241712384||3241712639||1210568422||fr||
3241712640||3241712895||1210568422||fr||
3241712896||3241713151||1210568422||fr||
3241713152||3241713407||1210568422||fr||
3241713408||3241713663||1210568422||fr||
3241713664||3241713919||1210568422||fr||
3241713920||3241714175||1210568422||fr||
3241714176||3241714431||1210568422||fr||
3241714432||3241714687||1210568422||fr||
3241714688||3241714943||1210568422||fr||
3241714944||3241715199||1210568422||fr||
3241715200||3241715455||1210568422||fr||
3241715456||3241715711||1210568422||fr||
3241715712||3241715967||1210568422||fr||
3241715968||3241716223||1210568422||fr||
3241716224||3241716479||1210568422||fr||
3241716480||3241716735||1210568422||fr||
3241716736||3241716991||1210568422||fr||
3241716992||3241717247||1210568422||fr||
3241717248||3241717503||1210568422||fr||
3241717504||3241717759||1210568422||fr||
3241717760||3241718015||1210568422||fr||
3241718016||3241718271||1210568422||fr||
3241718272||3241718527||1210568422||fr||
3241718528||3241718783||1210568422||fr||
3241718784||3241719039||1210568422||fr||
3241719040||3241719295||1210568422||fr||
3241719296||3241719551||1210568422||fr||
3241719552||3241719807||1210568422||fr||
3241719808||3241720063||1210568422||fr||
3241720064||3241720319||1210568422||fr||
3241720320||3241720575||1210568422||fr||
3241720576||3241720831||1210568422||fr||
3241720832||3241721087||1210568422||fr||
3241721088||3241721343||1210568422||fr||
3241721344||3241721599||1210568422||fr||
3241721600||3241721855||1210568422||fr||
3241721856||3241722111||1210568422||fr||
3241722112||3241722367||1210568422||fr||
3241722368||3241722623||1210568422||fr||
3241722624||3241722879||1210568422||fr||
3241722880||3241723135||1210568422||fr||
3241723136||3241723391||1210568422||fr||
3241723392||3241723647||1210568422||fr||
3241723648||3241723903||1210568422||fr||
3241723904||3241724159||1210568422||fr||
3241724160||3241724415||1210568422||fr||
3241724416||3241724671||1210568422||fr||
3241724672||3241724927||1210568422||fr||
3241724928||3241725183||1210568422||fr||
3241725184||3241725439||1210568422||fr||
3241725440||3241725695||1210568422||fr||
3241725696||3241725951||1210568422||fr||
3241725952||3241726207||1210568422||fr||
3241726208||3241726463||1210568422||fr||
3241726464||3241726719||1210568422||fr||
3241726720||3241726975||1210568422||fr||
3241726976||3241727231||1210568422||fr||
3241727232||3241727487||1210568422||fr||
3241727488||3241727743||1210568422||fr||
3241727744||3241727999||1210568422||fr||
3241728000||3241728255||1210568422||fr||
3241728256||3241728511||1210568422||fr||
3241728512||3241728767||1210568422||fr||
3241728768||3241729023||1210568422||fr||
3241729024||3241729279||1210568422||fr||
3241729280||3241729535||1210568422||fr||
3241729536||3241729791||1210568422||fr||
3241729792||3241730047||1210568422||fr||
3241730048||3241730303||1210568422||fr||
3241730304||3241730559||1210568422||fr||
3241730560||3241730815||1210568422||fr||
3241730816||3241731071||1210568422||fr||
3241731072||3241731327||1210568422||fr||
3241731328||3241731583||1210568422||fr||
3241731584||3241731839||1210568422||fr||
3241731840||3241732095||1210568422||fr||
3241732096||3241732351||1210568422||fr||
3241732352||3241732607||1210568422||fr||
3241732608||3241732863||1210568422||fr||
3241732864||3241733119||1210568422||fr||
3241733120||3241733375||1210568422||fr||
3241733376||3241733631||1210568422||fr||
3241733632||3241733887||1210568422||fr||
3241733888||3241734143||1210568422||fr||
3241734144||3241734399||1210568422||fr||
3241734400||3241734655||1210568422||fr||
3241734656||3241734911||1210568422||fr||
3241734912||3241735167||1210568422||fr||
3241735168||3241735423||1210568422||fr||
3241735424||3241735679||1210568422||fr||
3241735680||3241735935||1210568422||fr||
3241735936||3241736191||1210568422||fr||
3241736192||3241736447||1210568422||fr||
3241736448||3241736703||1210568422||fr||
3241736704||3241736959||1210568422||fr||
3241736960||3241737215||1210568422||fr||
3241737216||3241737471||1210568422||fr||
3241737472||3241737727||1210568422||fr||
3241737728||3241737983||1210568422||fr||
3241737984||3241738239||1210568422||fr||
3241738240||3241738495||1210568422||fr||
3241738496||3241738751||1210568422||fr||
3241738752||3241739007||1210568422||fr||
3241739008||3241739263||1210568422||fr||
3241739264||3241739519||1210568422||fr||
3241739520||3241739775||1210568422||fr||
3241739776||3241740031||1210568422||fr||
3241740032||3241740287||1210568422||fr||
3241740288||3241740543||1210568422||fr||
3241740544||3241740799||1210568422||fr||
3241740800||3241741055||1210568422||fr||
3241741056||3241741311||1210568422||fr||
3241741312||3241741567||1210568422||fr||
3241741568||3241741823||1210568422||fr||
3241741824||3241742079||1210568422||fr||
3241742080||3241742335||1210568422||fr||
3241742336||3241742591||1210568422||fr||
3241742592||3241742847||1210568422||fr||
3241742848||3241743103||1210568422||fr||
3241743104||3241743359||1210568422||fr||
3241743360||3241743615||1210568422||fr||
3241743616||3241743871||1210568422||fr||
3241743872||3241744127||1210568422||fr||
3241744128||3241744383||1210568422||fr||
3241744384||3241744639||1210568422||fr||
3241744640||3241744895||1210568422||fr||
3241744896||3241745151||1210568422||fr||
3241745152||3241745407||1210568422||fr||
3241745408||3241745663||1210568422||fr||
3241745664||3241745919||1210568422||fr||
3241745920||3241746175||1210568422||fr||
3241746176||3241746431||1210568422||fr||
3241746432||3241746687||1210568422||fr||
3241746688||3241746943||1210568422||fr||
3241746944||3241747199||1210568422||fr||
3241747200||3241747455||1210568422||fr||
3241747456||3241747711||1210568422||fr||
3241747712||3241747967||1210568422||fr||
3241747968||3241748223||1210568422||fr||
3241748224||3241748479||1210568422||fr||
3241748480||3241748735||1210568422||fr||
3241748736||3241748991||1210568422||fr||
3241748992||3241749247||1210568422||fr||
3241749248||3241749503||1210568422||fr||
3241749504||3241749759||1210568422||fr||
3241749760||3241750015||1210568422||fr||
3241750016||3241750271||1210568422||fr||
3241750272||3241750527||1210568422||fr||
3241750528||3241750783||1210568422||fr||
3241750784||3241751039||1210568422||fr||
3241751040||3241751295||1210568422||fr||
3241751296||3241751551||1210568422||fr||
3241751552||3241751807||1210568422||fr||
3241751808||3241752063||1210568422||fr||
3241752064||3241752319||1210568422||fr||
3241752320||3241752575||1210568422||fr||
3241752576||3241752831||1210568422||fr||
3241752832||3241753087||1210568422||fr||
3241753088||3241753343||1210568422||fr||
3241753344||3241753599||1210568422||fr||
3241753600||3241753855||1210568422||fr||
3241753856||3241754111||1210568422||fr||
3241754112||3241754367||1210568422||fr||
3241754368||3241754623||1210568422||fr||
3241754624||3241754879||1210568422||fr||
3241754880||3241755135||1210568422||fr||
3241755136||3241755391||1210568422||fr||
3241755392||3241755647||1210568422||fr||
3241755648||3241755903||1210568422||fr||
3241755904||3241756159||1210568422||fr||
3241756160||3241756415||1210568422||fr||
3241756416||3241756671||1210568422||fr||
3241756672||3241756927||1210568422||fr||
3241756928||3241757183||1210568422||fr||
3241757184||3241757439||1210568422||fr||
3241757440||3241757695||1210568422||fr||
3241757696||3241757951||1210568422||fr||
3241757952||3241758207||1210568422||fr||
3241758208||3241758463||1210568422||fr||
3241758464||3241758719||1210568422||fr||
3241758720||3241758975||1210568422||fr||
3241758976||3241759231||1210568422||fr||
3241759232||3241759487||1210568422||fr||
3241759488||3241759743||1210568422||fr||
3241759744||3241759999||1210568422||fr||
3241760000||3241760255||1210568422||fr||
3241760256||3241760511||1210568422||fr||
3241760512||3241760767||1210568422||fr||
3241760768||3241761023||1210568422||fr||
3241761024||3241761279||1210568422||fr||
3241761280||3241761535||1210568422||fr||
3241761536||3241761791||1210568422||fr||
3241761792||3241762047||1210568422||fr||
3241762048||3241762303||1210568422||fr||
3241762304||3241762559||1210568422||fr||
3241762560||3241762815||1210568422||fr||
3241762816||3241763071||1210568422||fr||
3241763072||3241763327||1210568422||fr||
3241763328||3241763583||1210568422||fr||
3241763584||3241763839||1210568422||fr||
3241763840||3241764095||1210568422||fr||
3241764096||3241764351||1210568422||fr||
3241764352||3241764607||1210568422||fr||
3241764608||3241764863||1210568422||fr||
3241764864||3241765119||1210568422||fr||
3241765120||3241765375||1210568422||fr||
3241765376||3241765631||1210568422||fr||
3241765632||3241765887||1210568422||fr||
3241765888||3241766143||1210568422||fr||
3241766144||3241766399||1210568422||fr||
3241766400||3241766655||1210568422||fr||
3241766656||3241766911||1210568422||fr||
3241766912||3241767167||1210568422||fr||
3241767168||3241767423||1210568422||fr||
3241767424||3241767679||1210568422||fr||
3241767680||3241767935||1210568422||fr||
3241767936||3241768191||1210568422||fr||
3241768192||3241768447||1210568422||fr||
3241768448||3241768703||1210568422||fr||
3241768704||3241768959||1210568422||fr||
3241768960||3241769215||1210568422||fr||
3241769216||3241769471||1210568422||fr||
3241769472||3241769727||1210568422||fr||
3241769728||3241769983||1210568422||fr||
3241769984||3241770239||1210568422||fr||
3241770240||3241770495||1210568422||fr||
3241770496||3241770751||1210568422||fr||
3241770752||3241771007||1210568422||fr||
3241771008||3241771263||1210568422||fr||
3241771264||3241771519||1210568422||fr||
3241771520||3241771775||1210568422||fr||
3241771776||3241772031||1210568422||fr||
3241772032||3241772287||1210568422||fr||
3241772288||3241772543||1210568422||fr||
3241772544||3241772799||1210568422||fr||
3241772800||3241773055||1210568422||fr||
3241773056||3241773311||1210568422||fr||
3241773312||3241773567||1210568422||fr||
3241773568||3241773823||1210568422||fr||
3241773824||3241774079||1210568422||fr||
3241774080||3241774335||1210568422||fr||
3241774336||3241774591||1210568422||fr||
3241774592||3241774847||1210568422||fr||
3241774848||3241775103||1210568422||fr||
3241775104||3241775359||1210568422||fr||
3241775360||3241775615||1210568422||fr||
3241775616||3241775871||1210568422||fr||
3241775872||3241776127||1210568422||fr||
3241776128||3241776383||1210568422||fr||
3241776384||3241776639||1210568422||fr||
3241776640||3241776895||1210568422||fr||
3241776896||3241777151||1210568422||fr||
3241777152||3241777407||1210568422||fr||
3241777408||3241777663||1210568422||fr||
3241777664||3241777919||1210568422||fr||
3241777920||3241778175||1210568422||fr||
3241778176||3241778431||1210568422||fr||
3241778432||3241778687||1210568422||fr||
3241778688||3241778943||1210568422||fr||
3241778944||3241779199||1210568422||fr||
3241779200||3241779455||1210568422||fr||
3241779456||3241779711||1210568422||fr||
3241779712||3241779967||1210568422||fr||
3241779968||3241780223||1210568422||fr||
3241780224||3241780479||1210568422||fr||
3241780480||3241780735||1210568422||fr||
3241780736||3241780991||1210568422||fr||
3241780992||3241781247||1210568422||fr||
3241781248||3241781503||1210568422||fr||
3241781504||3241781759||1210568422||fr||
3241781760||3241782015||1210568422||fr||
3241782016||3241782271||1210568422||fr||
3241782272||3241782527||1210568422||fr||
3241782528||3241782783||1210568422||fr||
3241782784||3241783039||1210568422||fr||
3241783040||3241783295||1210568422||fr||
3241783296||3241783551||1210568422||fr||
3241783552||3241783807||1210568422||fr||
3241783808||3241784063||1210568422||fr||
3241784064||3241784319||1210568422||fr||
3241784320||3241784575||1210568422||fr||
3241784576||3241784831||1210568422||fr||
3241784832||3241785087||1210568422||fr||
3241785088||3241785343||1210568422||fr||
3241785344||3241785599||1210568422||fr||
3241785600||3241785855||1210568422||fr||
3241785856||3241786111||1210568422||fr||
3241786112||3241786367||1210568422||fr||
3241786368||3241786623||1210568422||fr||
3241786624||3241786879||1210568422||fr||
3241786880||3241787135||1210568422||fr||
3241787136||3241787391||1210568422||fr||
3241787392||3241787647||1210568422||fr||
3241787648||3241787903||1210568422||fr||
3241787904||3241788159||1210568422||fr||
3241788160||3241788415||1210568422||fr||
3241788416||3241788671||1210568422||fr||
3241788672||3241788927||1210568422||fr||
3241788928||3241789183||1210568422||fr||
3241789184||3241789439||1210568422||fr||
3241789440||3241789695||1210568422||fr||
3241789696||3241789951||1210568422||fr||
3241789952||3241790207||1210568422||fr||
3241790208||3241790463||1210568422||fr||
3241790464||3241790719||1210568422||fr||
3241790720||3241790975||1210568422||fr||
3241790976||3241791231||1210568422||fr||
3241791232||3241791487||1210568422||fr||
3241791488||3241791743||1210568422||fr||
3241791744||3241791999||1210568422||fr||
3241792000||3241792255||1210568422||fr||
3241792256||3241792511||1210568422||fr||
3241792512||3241792767||1210568422||fr||
3241792768||3241793023||1210568422||fr||
3241793024||3241793279||1210568422||fr||
3241793280||3241793535||1210568422||fr||
3241793536||3241793791||1210568422||fr||
3241793792||3241794047||1210568422||fr||
3241794048||3241794303||1210568422||fr||
3241794304||3241794559||1210568422||fr||
3241794560||3241794815||1210568422||fr||
3241794816||3241795071||1210568422||fr||
3241795072||3241795327||1210568422||fr||
3241795328||3241795583||1210568422||fr||
3241795584||3241795839||1210568422||fr||
3241795840||3241796095||1210568422||fr||
3241796096||3241796351||1210568422||fr||
3241796352||3241796607||1210568422||fr||
3241796608||3241796863||1210568422||fr||
3241796864||3241797119||1210568422||fr||
3241797120||3241797375||1210568422||fr||
3241797376||3241797631||1210568422||fr||
3241797632||3241797887||1210568422||fr||
3241797888||3241798143||1210568422||fr||
3241798144||3241798399||1210568422||fr||
3241798400||3241798655||1210568422||fr||
3241798656||3241798911||1210568422||fr||
3241798912||3241799167||1210568422||fr||
3241799168||3241799423||1210568422||fr||
3241799424||3241799679||1210568422||fr||
3241799680||3241799935||1210568422||fr||
3241799936||3241800191||1210568422||fr||
3241800192||3241800447||1210568422||fr||
3241800448||3241800703||1210568422||fr||
3241800704||3241800959||1210568422||fr||
3241800960||3241801215||1210568422||fr||
3241801216||3241801471||1210568422||fr||
3241801472||3241801727||1210568422||fr||
3241801728||3241801983||1210568422||fr||
3241801984||3241802239||1210568422||fr||
3241802240||3241802495||1210568422||fr||
3241802496||3241802751||1210568422||fr||
3241802752||3241803007||1210568422||fr||
3241803008||3241803263||1210568422||fr||
3241803264||3241803519||1210568422||fr||
3241803520||3241803775||1210568422||fr||
3241863424||3241863679||1210568422||fr||
3241867008||3241867263||1210568422||fr||
3243512320||3243512575||1210568422||fr||
3243530496||3243530751||1210568422||fr||
3243555584||3243555839||1210568422||fr||
3243571712||3243571967||1210568422||fr||
3244126208||3244127231||1210568422||fr||
3244129280||3244130303||1210568422||fr||
3244143616||3244144639||1210568422||fr||
3244818432||3245080575||1210568422||fr||
3245088512||3245088767||1210568422||fr||
3245116416||3245116927||1210568422||fr||
3245123072||3245123583||1210568422||fr||
3245126144||3245126399||1210568422||fr||
3245126656||3245126911||1210568422||fr||
3245131264||3245131519||1210568422||fr||
3245132544||3245132799||1210568422||fr||
3245135872||3245136127||1210568422||fr||
3245146112||3245147135||1210568422||fr||
3245203456||3245203711||1210568422||fr||
3245210112||3245210623||1210568422||fr||
3245249536||3245249791||1210568422||fr||
3245250560||3245250815||1210568422||fr||
3245280768||3245281279||1210568422||fr||
3245297664||3245297919||1210568422||fr||
3245300224||3245300479||1210568422||fr||
3247112192||3247177727||1210568422||fr||
3247792128||3247800319||1210568422||fr||
3247931392||3247960063||1210568422||fr||
3248788480||3248788735||1210568422||fr||
3248789248||3248789503||1210568422||fr||
3248789760||3248790015||1210568422||fr||
3248808960||3248810079||1210568422||fr||
3248810176||3248810207||1210568422||fr||
3249025536||3249025791||1210568422||fr||
3249707520||3249708031||1210568422||fr||
3249715712||3249715967||1210568422||fr||
3250387712||3250387967||1210568422||fr||
3250388736||3250388991||1210568422||fr||
3250412032||3250412543||1210568422||fr||
3250415616||3250416127||1210568422||fr||
3250420736||3250421247||1210568422||fr||
3250425600||3250425855||1210568422||fr||
3250426624||3250426879||1210568422||fr||
3250750464||3250751487||1210568422||fr||
3250755584||3250755839||1210568422||fr||
3251110912||3251111167||1210568422||fr||
3251120640||3251121151||1210568422||fr||
3251139584||3251140095||1210568422||fr||
3251145472||3251145727||1210568422||fr||
3251153664||3251153919||1210568422||fr||
3251156224||3251156479||1210568422||fr||
3251156992||3251157247||1210568422||fr||
3251167744||3251167999||1210568422||fr||
3251175424||3251177471||1210568422||fr||
3251194880||3251195391||1210568422||fr||
3251201792||3251202047||1210568422||fr||
3251213568||3251213631||1210568422||fr||
3251214080||3251214143||1210568422||fr||
3251225088||3251225599||1210568422||fr||
3251226624||3251227135||1210568422||fr||
3251238912||3251239935||1210568422||fr||
3251269376||3251269631||1210568422||fr||
3251314688||3251315711||1210568422||fr||
3251360768||3251361279||1210568422||fr||
3252291584||3252293631||1210568422||fr||
3252316416||3252316671||1210568422||fr||
3252318720||3252318975||1210568422||fr||
3252516096||3252516351||1210568422||fr||
3252516864||3252517119||1210568422||fr||
3252579328||3252579583||1210568422||fr||
3252584448||3252584703||1210568422||fr||
3252589312||3252589567||1210568422||fr||
3252906752||3252907007||1210568422||fr||
3252912640||3252912895||1210568422||fr||
3252913408||3252913663||1210568422||fr||
3252937728||3252938239||1210568422||fr||
3252942848||3252943359||1210568422||fr||
3252982528||3252982783||1210568422||fr||
3252984832||3252985087||1210568422||fr||
3253638144||3253639167||1210568422||fr||
3253658624||3253659647||1210568422||fr||
3253685248||3253686271||1210568422||fr||
3253696512||3253697535||1210568422||fr||
3253714944||3253715455||1210568422||fr||
3253716480||3253716991||1210568422||fr||
3253727232||3253727743||1210568422||fr||
3254255616||3254517759||1210568422||fr||
3254517760||3254648831||1210568422||fr||
3254822400||3254822655||1210568422||fr||
3254824960||3254825215||1210568422||fr||
3254825728||3254825983||1210568422||fr||
3254834432||3254834687||1210568422||fr||
3254897408||3254897663||1210568422||fr||
3254910976||3254976511||1210568422||fr||
3254976512||3255042047||1210568422||fr||
3255042048||3255042303||1210568422||fr||
3255042304||3255042559||1210568422||fr||
3255042560||3255042815||1210568422||fr||
3255042816||3255043071||1210568422||fr||
3255043072||3255043327||1210568422||fr||
3255043328||3255043583||1210568422||fr||
3255043584||3255043839||1210568422||fr||
3255043840||3255044095||1210568422||fr||
3255044096||3255044607||1210568422||fr||
3255044608||3255044863||1210568422||fr||
3255044864||3255045119||1210568422||fr||
3255045120||3255045375||1210568422||fr||
3255045376||3255045631||1210568422||fr||
3255045632||3255045887||1210568422||fr||
3255045888||3255046143||1210568422||fr||
3255046144||3255050239||1210568422||fr||
3255050240||3255052287||1210568422||fr||
3255052288||3255056383||1210568422||fr||
3255056384||3255058431||1210568422||fr||
3255058432||3255058687||1210568422||fr||
3255058688||3255058943||1210568422||fr||
3255058944||3255059199||1210568422||fr||
3255059200||3255059455||1210568422||fr||
3255059456||3255059711||1210568422||fr||
3255059712||3255059967||1210568422||fr||
3255059968||3255060223||1210568422||fr||
3255060224||3255060479||1210568422||fr||
3255060480||3255067647||1210568422||fr||
3255067648||3255067903||1210568422||fr||
3255067904||3255068159||1210568422||fr||
3255068160||3255068415||1210568422||fr||
3255068416||3255068671||1210568422||fr||
3255068672||3255068927||1210568422||fr||
3255068928||3255069183||1210568422||fr||
3255069184||3255069439||1210568422||fr||
3255069440||3255069695||1210568422||fr||
3255069696||3255069951||1210568422||fr||
3255069952||3255070207||1210568422||fr||
3255070208||3255070463||1210568422||fr||
3255070464||3255070719||1210568422||fr||
3255070720||3255070975||1210568422||fr||
3255070976||3255071231||1210568422||fr||
3255071232||3255071487||1210568422||fr||
3255071488||3255071743||1210568422||fr||
3255071744||3255071999||1210568422||fr||
3255072000||3255072255||1210568422||fr||
3255072256||3255072511||1210568422||fr||
3255072512||3255072767||1210568422||fr||
3255072768||3255073023||1210568422||fr||
3255073024||3255073279||1210568422||fr||
3255073280||3255073535||1210568422||fr||
3255073536||3255073791||1210568422||fr||
3255073792||3255074047||1210568422||fr||
3255074048||3255074303||1210568422||fr||
3255074304||3255074559||1210568422||fr||
3255074560||3255074815||1210568422||fr||
3255074816||3255075071||1210568422||fr||
3255075072||3255075327||1210568422||fr||
3255075328||3255075583||1210568422||fr||
3255075584||3255075839||1210568422||fr||
3255075840||3255076095||1210568422||fr||
3255076096||3255076351||1210568422||fr||
3255076352||3255076607||1210568422||fr||
3255076608||3255076863||1210568422||fr||
3255076864||3255077119||1210568422||fr||
3255077120||3255077375||1210568422||fr||
3255077376||3255077631||1210568422||fr||
3255077632||3255077887||1210568422||fr||
3255077888||3255078911||1210568422||fr||
3255078912||3255079167||1210568422||fr||
3255079168||3255079423||1210568422||fr||
3255079424||3255079679||1210568422||fr||
3255079680||3255079935||1210568422||fr||
3255079936||3255080191||1210568422||fr||
3255080192||3255080447||1210568422||fr||
3255080448||3255080703||1210568422||fr||
3255080704||3255080959||1210568422||fr||
3255080960||3255081215||1210568422||fr||
3255081216||3255081471||1210568422||fr||
3255081472||3255081727||1210568422||fr||
3255081728||3255081983||1210568422||fr||
3255081984||3255082239||1210568422||fr||
3255082240||3255082495||1210568422||fr||
3255082496||3255082751||1210568422||fr||
3255082752||3255083007||1210568422||fr||
3255083008||3255083263||1210568422||fr||
3255083264||3255083519||1210568422||fr||
3255083520||3255083775||1210568422||fr||
3255083776||3255084031||1210568422||fr||
3255084032||3255084287||1210568422||fr||
3255084288||3255084543||1210568422||fr||
3255084544||3255084799||1210568422||fr||
3255084800||3255085055||1210568422||fr||
3255085056||3255085311||1210568422||fr||
3255085312||3255085567||1210568422||fr||
3255085568||3255085823||1210568422||fr||
3255085824||3255086079||1210568422||fr||
3255086080||3255086335||1210568422||fr||
3255086336||3255086591||1210568422||fr||
3255086592||3255086847||1210568422||fr||
3255086848||3255087103||1210568422||fr||
3255087104||3255087359||1210568422||fr||
3255087360||3255087615||1210568422||fr||
3255087616||3255087871||1210568422||fr||
3255087872||3255088127||1210568422||fr||
3255088128||3255088383||1210568422||fr||
3255088384||3255088639||1210568422||fr||
3255088640||3255088895||1210568422||fr||
3255088896||3255089151||1210568422||fr||
3255089152||3255089407||1210568422||fr||
3255089408||3255089663||1210568422||fr||
3255089664||3255089919||1210568422||fr||
3255089920||3255090175||1210568422||fr||
3255090176||3255090431||1210568422||fr||
3255090432||3255090687||1210568422||fr||
3255090688||3255090943||1210568422||fr||
3255090944||3255091199||1210568422||fr||
3255091200||3255091455||1210568422||fr||
3255091456||3255091711||1210568422||fr||
3255091712||3255091967||1210568422||fr||
3255091968||3255092223||1210568422||fr||
3255092224||3255092479||1210568422||fr||
3255092480||3255092735||1210568422||fr||
3255092736||3255092991||1210568422||fr||
3255092992||3255093247||1210568422||fr||
3255093248||3255093503||1210568422||fr||
3255093504||3255093759||1210568422||fr||
3255093760||3255094015||1210568422||fr||
3255094016||3255094271||1210568422||fr||
3255094272||3255094527||1210568422||fr||
3255094528||3255094783||1210568422||fr||
3255094784||3255095039||1210568422||fr||
3255095040||3255095295||1210568422||fr||
3255095296||3255095551||1210568422||fr||
3255095552||3255095807||1210568422||fr||
3255095808||3255096063||1210568422||fr||
3255096064||3255096319||1210568422||fr||
3255096320||3255096575||1210568422||fr||
3255096576||3255096831||1210568422||fr||
3255096832||3255097087||1210568422||fr||
3255097088||3255097343||1210568422||fr||
3255097344||3255097599||1210568422||fr||
3255097600||3255097855||1210568422||fr||
3255097856||3255098111||1210568422||fr||
3255098112||3255098367||1210568422||fr||
3255098368||3255098623||1210568422||fr||
3255098624||3255098879||1210568422||fr||
3255098880||3255099135||1210568422||fr||
3255099136||3255099391||1210568422||fr||
3255099392||3255101439||1210568422||fr||
3255101440||3255101695||1210568422||fr||
3255101696||3255101951||1210568422||fr||
3255101952||3255102207||1210568422||fr||
3255102208||3255102463||1210568422||fr||
3255102464||3255102719||1210568422||fr||
3255102720||3255102975||1210568422||fr||
3255102976||3255103231||1210568422||fr||
3255103232||3255103487||1210568422||fr||
3255103488||3255103743||1210568422||fr||
3255103744||3255103999||1210568422||fr||
3255104000||3255104255||1210568422||fr||
3255104256||3255104511||1210568422||fr||
3255104512||3255104767||1210568422||fr||
3255104768||3255105023||1210568422||fr||
3255105024||3255105279||1210568422||fr||
3255105280||3255105535||1210568422||fr||
3255105536||3255105791||1210568422||fr||
3255105792||3255106047||1210568422||fr||
3255106048||3255106303||1210568422||fr||
3255106304||3255106559||1210568422||fr||
3255106560||3255106815||1210568422||fr||
3255106816||3255107071||1210568422||fr||
3255107072||3255107327||1210568422||fr||
3255107328||3255107583||1210568422||fr||
3255107584||3255108607||1210568422||fr||
3255108608||3255110911||1210568422||fr||
3255110912||3255111679||1210568422||fr||
3255111680||3255111935||1210568422||fr||
3255111936||3255113727||1210568422||fr||
3255113728||3255114751||1210568422||fr||
3255114752||3255115775||1210568422||fr||
3255115776||3255116287||1210568422||fr||
3255116288||3255116543||1210568422||fr||
3255116544||3255116799||1210568422||fr||
3255116800||3255117055||1210568422||fr||
3255117056||3255117311||1210568422||fr||
3255117312||3255117823||1210568422||fr||
3255117824||3255118335||1210568422||fr||
3255118336||3255118591||1210568422||fr||
3255118592||3255118847||1210568422||fr||
3255118848||3255119871||1210568422||fr||
3255119872||3255120127||1210568422||fr||
3255120128||3255120383||1210568422||fr||
3255120384||3255120639||1210568422||fr||
3255120640||3255120895||1210568422||fr||
3255120896||3255121407||1210568422||fr||
3255121408||3255121663||1210568422||fr||
3255121664||3255121919||1210568422||fr||
3255121920||3255122943||1210568422||fr||
3255122944||3255123199||1210568422||fr||
3255123200||3255123711||1210568422||fr||
3255123712||3255123967||1210568422||fr||
3255123968||3255124991||1210568422||fr||
3255124992||3255125503||1210568422||fr||
3255125504||3255125759||1210568422||fr||
3255125760||3255126015||1210568422||fr||
3255126016||3255126271||1210568422||fr||
3255126272||3255126527||1210568422||fr||
3255126528||3255127551||1210568422||fr||
3255127552||3255127807||1210568422||fr||
3255127808||3255128063||1210568422||fr||
3255128064||3255128575||1210568422||fr||
3255128576||3255129855||1210568422||fr||
3255129856||3255130111||1210568422||fr||
3255130112||3255130623||1210568422||fr||
3255130624||3255131647||1210568422||fr||
3255131648||3255131903||1210568422||fr||
3255131904||3255132159||1210568422||fr||
3255132160||3255132927||1210568422||fr||
3255132928||3255133183||1210568422||fr||
3255133184||3255134207||1210568422||fr||
3255134208||3255134975||1210568422||fr||
3255134976||3255135231||1210568422||fr||
3255135232||3255139839||1210568422||fr||
3255139840||3255140095||1210568422||fr||
3255140096||3255140351||1210568422||fr||
3255140352||3255141631||1210568422||fr||
3255141632||3255142143||1210568422||fr||
3255142144||3255142399||1210568422||fr||
3255142400||3255144703||1210568422||fr||
3255144704||3255145983||1210568422||fr||
3255145984||3255146495||1210568422||fr||
3255146496||3255148543||1210568422||fr||
3255148544||3255148799||1210568422||fr||
3255148800||3255149055||1210568422||fr||
3255149056||3255149311||1210568422||fr||
3255149312||3255149567||1210568422||fr||
3255149568||3255150079||1210568422||fr||
3255150080||3255150591||1210568422||fr||
3255150592||3255151103||1210568422||fr||
3255151104||3255152383||1210568422||fr||
3255152384||3255152639||1210568422||fr||
3255152640||3255153151||1210568422||fr||
3255153152||3255153663||1210568422||fr||
3255153664||3255153919||1210568422||fr||
3255153920||3255154175||1210568422||fr||
3255154176||3255154431||1210568422||fr||
3255154432||3255155199||1210568422||fr||
3255155200||3255155967||1210568422||fr||
3255155968||3255156223||1210568422||fr||
3255156224||3255156735||1210568422||fr||
3255156736||3255156991||1210568422||fr||
3255156992||3255157247||1210568422||fr||
3255157248||3255157503||1210568422||fr||
3255157504||3255157759||1210568422||fr||
3255157760||3255160063||1210568422||fr||
3255160064||3255160319||1210568422||fr||
3255160320||3255160831||1210568422||fr||
3255160832||3255161087||1210568422||fr||
3255161088||3255161343||1210568422||fr||
3255161344||3255161855||1210568422||fr||
3255161856||3255162367||1210568422||fr||
3255162368||3255162623||1210568422||fr||
3255162624||3255162879||1210568422||fr||
3255162880||3255163135||1210568422||fr||
3255163136||3255163391||1210568422||fr||
3255163392||3255163647||1210568422||fr||
3255163648||3255163903||1210568422||fr||
3255163904||3255164159||1210568422||fr||
3255164160||3255164415||1210568422||fr||
3255164416||3255164671||1210568422||fr||
3255164672||3255164927||1210568422||fr||
3255164928||3255165439||1210568422||fr||
3255165440||3255165951||1210568422||fr||
3255165952||3255166463||1210568422||fr||
3255166464||3255166719||1210568422||fr||
3255166720||3255166975||1210568422||fr||
3255166976||3255167487||1210568422||fr||
3255167488||3255167743||1210568422||fr||
3255167744||3255167999||1210568422||fr||
3255168000||3255168511||1210568422||fr||
3255168512||3255169023||1210568422||fr||
3255169024||3255169279||1210568422||fr||
3255169280||3255169535||1210568422||fr||
3255169536||3255169791||1210568422||fr||
3255169792||3255170047||1210568422||fr||
3255170048||3255170559||1210568422||fr||
3255170560||3255170815||1210568422||fr||
3255170816||3255171071||1210568422||fr||
3255171072||3255172351||1210568422||fr||
3255172352||3255172607||1210568422||fr||
3255172608||3255173119||1210568422||fr||
3255205888||3255214079||1210568422||fr||
3255385600||3255386111||1210568422||fr||
3256733184||3256733439||1210568422||fr||
3256989184||3256989439||1210568422||fr||
3257978880||3257979135||1210568422||fr||
3258064128||3258064383||1210568422||fr||
3258066432||3258066687||1210568422||fr||
3258066688||3258066943||1210568422||fr||
3258072064||3258072319||1210568422||fr||
3258075648||3258075903||1210568422||fr||
3258076416||3258076671||1210568422||fr||
3258076672||3258076927||1210568422||fr||
3258080256||3258080511||1210568422||fr||
3258081024||3258081279||1210568422||fr||
3258122240||3258138623||1210568422||fr||
3258138624||3258155007||1210568422||fr||
3258155008||3258187775||1210568422||fr||
3258272768||3258273791||1210568422||fr||
3258515456||3258580991||1210568422||fr||
3258692608||3258692863||1210568422||fr||
3258728448||3258728703||1210568422||fr||
3258728704||3258728959||1210568422||fr||
3258728960||3258729215||1210568422||fr||
3258729216||3258729471||1210568422||fr||
3258903040||3258903295||1210568422||fr||
3259351552||3259352063||1210568422||fr||
3259969536||3259970559||1210568422||fr||
3259990016||3259998207||1210568422||fr||
3259998208||3260006399||1210568422||fr||
3260587008||3260587519||1210568422||fr||
3260610048||3260610559||1210568422||fr||
3260906496||3260907519||1210568422||fr||
3261202432||3261210623||1210568422||fr||
3261210624||3261214719||1210568422||fr||
3261214720||3261218815||1210568422||fr||
3261218816||3261235199||1210568422||fr||
3261235200||3261267967||1210568422||fr||
3261700096||3261700607||1210568422||fr||
3262041856||3262042111||1210568422||fr||
3262418944||3262419455||1210568422||fr||
3262424576||3262425087||1210568422||fr||
3262427136||3262427647||1210568422||fr||
3262433792||3262434303||1210568422||fr||
3262437888||3262438399||1210568422||fr||
3262496768||3262500863||1210568422||fr||
3262500864||3262504959||1210568422||fr||
3262510080||3262510591||1210568422||fr||
3262510592||3262511103||1210568422||fr||
3262578688||3262611455||1210568422||fr||
3263077376||3263077887||1210568422||fr||
3263092992||3263093247||1210568422||fr||
3263095296||3263095551||1210568422||fr||
3263097088||3263097343||1210568422||fr||
3263097856||3263098111||1210568422||fr||
3263100160||3263100415||1210568422||fr||
3264296192||3264297727||1210568422||fr||
3264319488||3264319743||1210568422||fr||
3264322048||3264322303||1210568422||fr||
3264348160||3264348671||1210568422||fr||
3264348672||3264349439||1210568422||fr||
3264349440||3264349695||1210568422||fr||
3264349696||3264349951||1210568422||fr||
3264349952||3264350207||1210568422||fr||
3264350208||3264350463||1210568422||fr||
3264350464||3264350719||1210568422||fr||
3264350720||3264350975||1210568422||fr||
3264350976||3264351231||1210568422||fr||
3264351232||3264351487||1210568422||fr||
3264351488||3264351743||1210568422||fr||
3264351744||3264351999||1210568422||fr||
3264352000||3264352255||1210568422||fr||
3264352256||3264354047||1210568422||fr||
3264354048||3264354303||1210568422||fr||
3264354304||3264354815||1210568422||fr||
3264354816||3264355071||1210568422||fr||
3264355072||3264355327||1210568422||fr||
3264355328||3264355839||1210568422||fr||
3264355840||3264356351||1210568422||fr||
3264356352||3264356607||1210568422||fr||
3264356608||3264356863||1210568422||fr||
3264356864||3264357631||1210568422||fr||
3264357632||3264357887||1210568422||fr||
3264357888||3264358143||1210568422||fr||
3264358144||3264358655||1210568422||fr||
3264358656||3264358911||1210568422||fr||
3264358912||3264359167||1210568422||fr||
3264359168||3264359423||1210568422||fr||
3264359424||3264359679||1210568422||fr||
3264359680||3264359935||1210568422||fr||
3264359936||3264360191||1210568422||fr||
3264360192||3264360447||1210568422||fr||
3264360448||3264360703||1210568422||fr||
3264360704||3264360959||1210568422||fr||
3264360960||3264361215||1210568422||fr||
3264361216||3264361471||1210568422||fr||
3264361472||3264361983||1210568422||fr||
3264361984||3264362239||1210568422||fr||
3264362240||3264362495||1210568422||fr||
3264362496||3264363519||1210568422||fr||
3264363520||3264364031||1210568422||fr||
3264364032||3264364287||1210568422||fr||
3264364288||3264364543||1210568422||fr||
3264364544||3264365055||1210568422||fr||
3264365056||3264365567||1210568422||fr||
3264365568||3264366079||1210568422||fr||
3264366080||3264366335||1210568422||fr||
3264366336||3264366591||1210568422||fr||
3264366592||3264369151||1210568422||fr||
3264369152||3264370687||1210568422||fr||
3264370688||3264372223||1210568422||fr||
3264372224||3264372735||1210568422||fr||
3264372736||3264373503||1210568422||fr||
3264373504||3264373759||1210568422||fr||
3264373760||3264374015||1210568422||fr||
3264374016||3264374271||1210568422||fr||
3264374272||3264374527||1210568422||fr||
3264374528||3264374783||1210568422||fr||
3264374784||3264375039||1210568422||fr||
3264376576||3264376831||1210568422||fr||
3264405504||3264406527||1210568422||fr||
3264585728||3264593919||1210568422||fr||
3264610304||3264618495||1210568422||fr||
3264618496||3264626687||1210568422||fr||
3264847296||3264847327||1210568422||fr||
3265055232||3265055743||1210568422||fr||
3265159168||3265167359||1210568422||fr||
3265604352||3265604607||1210568422||fr||
3265604864||3265605119||1210568422||fr||
3265605888||3265606143||1210568422||fr||
3265606912||3265607167||1210568422||fr||
3265724416||3265789951||1210568422||fr||
3265907456||3265907711||1210568422||fr||
3265916928||3265917183||1210568422||fr||
3266346752||3266347007||1210568422||fr||
3266822144||3266830335||1210568422||fr||
3267084288||3267085311||1210568422||fr||
3267092480||3267093503||1210568422||fr||
3267821568||3267887103||1210568422||fr||
3268280320||3268345855||1210568422||fr||
3268741120||3268741375||1210568422||fr||
3268746752||3268747007||1210568422||fr||
3268804608||3268870143||1210568422||fr||
3270651136||3270651391||1210568422||fr||
3270651648||3270651903||1210568422||fr||
3270668288||3270669311||1210568422||fr||
3270680576||3270688767||1210568422||fr||
3270927616||3270927871||1210568422||fr||
3271163904||3271229439||1210568422||fr||
3271426048||3271491583||1210568422||fr||
3271753728||3271770111||1210568422||fr||
3271912960||3271913471||1210568422||fr||
3271933952||3271942143||1210568422||fr||
3271942144||3271950335||1210568422||fr||
3271950336||3272015871||1210568422||fr||
3272040448||3272048639||1210568422||fr||
3272109824||3272110079||1210568422||fr||
3272136192||3272136703||1210568422||fr||
3272418048||3272418687||1210568422||fr||
3272423936||3272424447||1210568422||fr||
3272474624||3272474879||1210568422||fr||
3272475904||3272476159||1210568422||fr||
3272480256||3272480511||1210568422||fr||
3272481536||3272481791||1210568422||fr||
3272482304||3272482559||1210568422||fr||
3272918528||3272919039||1210568422||fr||
3273192960||3273193471||1210568422||fr||
3273195520||3273261055||1210568422||fr||
3273263104||3273263615||1210568422||fr||
3273441280||3273449471||1210568422||fr||
3273949184||3273981951||1210568422||fr||
3274341376||3274341887||1210568422||fr||
3274346496||3274347007||1210568422||fr||
3274373888||3274374143||1210568422||fr||
3274620928||3274629119||1210568422||fr||
3274699008||3274699263||1210568422||fr||
3274802176||3274803199||1210568422||fr||
3274804224||3274805247||1210568422||fr||
3275537408||3275537919||1210568422||fr||
3275631104||3275631615||1210568422||fr||
3275633152||3275633663||1210568422||fr||
3275793408||3275793919||1210568422||fr||
3275902976||3275903231||1210568422||fr||
3275911168||3275911423||1210568422||fr||
3275912960||3275913215||1210568422||fr||
3275915264||3275915775||1210568422||fr||
3276063232||3276063743||1210568422||fr||
3276077568||3276078079||1210568422||fr||
3276314624||3276315647||1210568422||fr||
3276693504||3276701695||1210568422||fr||
3276832768||3276840959||1210568422||fr||
3276996608||3277004799||1210568422||fr||
3277004800||3277012991||1210568422||fr||
3277012992||3277029375||1210568422||fr||
3277029376||3277062143||1210568422||fr||
3277817344||3277817599||1210568422||fr||
3277817600||3277817855||1210568422||fr||
3277822976||3277823231||1210568422||fr||
3277826048||3277826303||1210568422||fr||
3278004224||3278012415||1210568422||fr||
3278036992||3278045183||1210568422||fr||
3278176256||3278241791||1210568422||fr||
3278769152||3278769663||1210568422||fr||
3278773760||3278774271||1210568422||fr||
3278823424||3278831615||1210568422||fr||
3279032832||3279033343||1210568422||fr||
3279034368||3279034879||1210568422||fr||
3279034880||3279035391||1210568422||fr||
3279044608||3279052799||1210568422||fr||
3279093760||3279101951||1210568422||fr||
3279101952||3279110143||1210568422||fr||
3279110144||3279126527||1210568422||fr||
3279126528||3279159295||1210568422||fr||
3280207872||3280216063||1210568422||fr||
3280216064||3280224255||1210568422||fr||
3280224256||3280240639||1210568422||fr||
3280240640||3280273407||1210568422||fr||
3280379904||3280388095||1210568422||fr||
3280388096||3280396287||1210568422||fr||
3280582656||3280582911||1210568422||fr||
3280597504||3280598015||1210568422||fr||
3280651520||3280651775||1210568422||fr||
3280768000||3280769023||1210568422||fr||
3280770048||3280771071||1210568422||fr||
3280997120||3280997375||1210568422||fr||
3281000448||3281000703||1210568422||fr||
3281174528||3281182719||1210568422||fr||
3281182720||3281190911||1210568422||fr||
3281649664||3281715199||1210568422||fr||
3281973248||3281973759||1210568422||fr||
3282091008||3282091519||1210568422||fr||
3282550784||3282554879||1210568422||fr||
3282558976||3282563071||1210568422||fr||
3282739712||3282739967||1210568422||fr||
3283488768||3283489023||1210568422||fr||
3283489024||3283489279||1210568422||fr||
3283959808||3283960831||1210568422||fr||
3283964928||3283965951||1210568422||fr||
3283988992||3283989503||1210568422||fr||
3284009728||3284009983||1210568422||fr||
3284010240||3284010495||1210568422||fr||
3284010496||3284010751||1210568422||fr||
3284044032||3284044287||1210568422||fr||
3284048640||3284048895||1210568422||fr||
3284048896||3284049151||1210568422||fr||
3284688896||3284697087||1210568422||fr||
3284705280||3284713471||1210568422||fr||
3284795392||3284803583||1210568422||fr||
3285639168||3285641215||1210568422||fr||
3285767680||3285768191||1210568422||fr||
3285975040||3286040575||1210568422||fr||
3286040576||3286106111||1210568422||fr||
3286901504||3286901759||1210568422||fr||
3286901760||3286902015||1210568422||fr||
3286903040||3286903295||1210568422||fr||
3286903296||3286903551||1210568422||fr||
3286904320||3286904575||1210568422||fr||
3286908416||3286908671||1210568422||fr||
3286931968||3286932223||1210568422||fr||
3286956032||3286957055||1210568422||fr||
3287212544||3287212799||1210568422||fr||
3287213312||3287213567||1210568422||fr||
3287452160||3287452671||1210568422||fr||
3287553024||3287553535||1210568422||fr||
3287555584||3287556095||1210568422||fr||
3287711744||3287719935||1210568422||fr||
3287738368||3287738879||1210568422||fr||
3287744000||3287744511||1210568422||fr||
3287810048||3287818239||1210568422||fr||
3287951360||3287951615||1210568422||fr||
3287951872||3287952127||1210568422||fr||
3287956480||3287956735||1210568422||fr||
3288242688||3288243199||1210568422||fr||
3288243712||3288244223||1210568422||fr||
3345438464||3345438719||1210568422||fr||
3345438720||3345438975||1210568422||fr||
3345439744||3345439999||1210568422||fr||
3427764224||3427764479||1210568422||fr||
3427773696||3427773951||1210568422||fr||
3427782656||3427783167||1210568422||fr||
3427783168||3427783423||1210568422||fr||
3427783936||3427784703||1210568422||fr||
3427787776||3427788031||1210568422||fr||
3557490688||3557507071||1210568422||fr||
3558055936||3558064127||1210568422||fr||
3558318080||3558326271||1210568422||fr||
3558326272||3558334463||1210568422||fr||
3558547456||3558555647||1210568422||fr||
3558760448||3558768639||1210568422||fr||
3558834176||3558842367||1210568422||fr||
3559243776||3559251967||1210568422||fr||
3559358464||3559366655||1210568422||fr||
3559636992||3559645183||1210568422||fr||
3559645184||3559653375||1210568422||fr||
3559710720||3559718911||1210568422||fr||
3559907328||3559915519||1210568422||fr||
3560153088||3560161279||1210568422||fr||
3560865792||3560882175||1210568422||fr||
3561168896||3561177087||1210568422||fr||
3561889792||3561897983||1210568422||fr||
3562094592||3562110975||1210568422||fr||
3562242048||3562250239||1210568422||fr||
3562250240||3562258431||1210568422||fr||
3562373120||3562381311||1210568422||fr||
3562971136||3562979327||1210568422||fr||
3562979328||3562987519||1210568422||fr||
3563012096||3563020287||1210568422||fr||
3563077632||3563085823||1210568422||fr||
3563257856||3563290623||1210568422||fr||
3563520000||3563528191||1210568422||fr||
3563798528||3563806719||1210568422||fr||
3564740608||3564748799||1210568422||fr||
3565223936||3565240319||1210568422||fr||
3566927872||3566993407||1210568422||fr||
3567058944||3567124479||1210568422||fr||
3568566272||3568599039||1210568422||fr||
3569483776||3569614847||1210568422||fr||
3569729536||3569745919||1210568422||fr||
3569745920||3569811455||1210568422||fr||
3570401280||3570434047||1210568422||fr||
3570434048||3570466815||1210568422||fr||
3572105216||3572170751||1210568422||fr||
3574267904||3574333439||1210568422||fr||
3574595584||3574603775||1210568422||fr||
3575545856||3575562239||1210568422||fr||
3575906304||3575922687||1210568422||fr||
3575922688||3575939071||1210568422||fr||
3575939072||3575971839||1210568422||fr||
3576102912||3576119295||1210568422||fr||
3576127488||3576131583||1210568422||fr||
3576266752||3576299519||1210568422||fr||
3576430592||3576496127||1210568422||fr||
3577217024||3577282559||1210568422||fr||
3579478016||3579510783||1210568422||fr||
3579510784||3579527167||1210568422||fr||
3581943808||3581951999||1210568422||fr||
3582681088||3582689279||1210568422||fr||
3583033344||3583041535||1210568422||fr||
3583483904||3583492095||1210568422||fr||
3584147456||3584155647||1210568422||fr||
3584172032||3584180223||1210568422||fr||
3584270336||3584278527||1210568422||fr||
3584475136||3584483327||1210568422||fr||
3584663552||3584671743||1210568422||fr||
3584974848||3584983039||1210568422||fr||
3585400832||3585409023||1210568422||fr||
3585482752||3585490943||1210568422||fr||
3585744896||3585753087||1210568422||fr||
3585908736||3585916927||1210568422||fr||
3586015232||3586023423||1210568422||fr||
3586326528||3586342911||1210568422||fr||
3586867200||3586883583||1210568422||fr||
3587006464||3587014655||1210568422||fr||
3587637248||3587653631||1210568422||fr||
3587866624||3587874815||1210568422||fr||
3588112384||3588128767||1210568422||fr||
3588161536||3588227071||1210568422||fr||
3588333568||3588341759||1210568422||fr||
3588489216||3588505599||1210568422||fr||
3589537792||3589545983||1210568422||fr||
3589603328||3589611519||1210568422||fr||
3589611520||3589619711||1210568422||fr||
3589619712||3589636095||1210568422||fr||
3589636096||3589668863||1210568422||fr||
3589677056||3589685247||1210568422||fr||
3589750784||3589767167||1210568422||fr||
3590029312||3590045695||1210568422||fr||
3641520128||3641524223||1210568422||fr||
3641659392||3641663487||1210568422||fr||
3641913344||3641917439||1210568422||fr||
3641950208||3641954303||1210568422||fr||
3642249216||3642253311||1210568422||fr||
3642339328||3642343423||1210568422||fr||
3642408960||3642413055||1210568422||fr||
3642507264||3642511359||1210568422||fr||
3644862464||3644866559||1210568422||fr||
3645009920||3645014015||1210568422||fr||
3645181952||3645186047||1210568422||fr||
3645263872||3645267967||1210568422||fr||
3645288448||3645292543||1210568422||fr||
3645362176||3645366271||1210568422||fr||
3645530112||3645534207||1210568422||fr||
3645759488||3645763583||1210568422||fr||
3647733760||3647864831||1210568422||fr||
3647995904||3647999999||1210568422||fr||
3648008192||3648012287||1210568422||fr||
3648012288||3648016383||1210568422||fr||
3648053248||3648057343||1210568422||fr||
3648110592||3648114687||1210568422||fr||
3648233472||3648237567||1210568422||fr||
3648360448||3648364543||1210568422||fr||
3648446464||3648450559||1210568422||fr||
3648499712||3648503807||1210568422||fr||
3649044480||3649110015||1210568422||fr||
3650121728||3650125823||1210568422||fr||
3650281472||3650285567||1210568422||fr||
3650338816||3650342911||1210568422||fr||
3650551808||3650555903||1210568422||fr||
3651600384||3651665919||1210568422||fr||
3651690496||3651694591||1210568422||fr||
3651792896||3651796991||1210568422||fr||
3651866624||3651870719||1210568422||fr||
3652108288||3652112383||1210568422||fr||
3652112384||3652116479||1210568422||fr||
3652132864||3652136959||1210568422||fr||
3652165632||3652169727||1210568422||fr||
3652169728||3652173823||1210568422||fr||
3653390336||3653394431||1210568422||fr||
3653439488||3653443583||1210568422||fr||
