--||--||--||de||Germany
889192448||905969663||1210568422||de||
1040465920||1040474111||1210568422||de||
1040719872||1040728063||1210568422||de||
1040744448||1040777215||1210568422||de||
1041760256||1041768447||1210568422||de||
1041891328||1042022399||1210568422||de||
1042808832||1042817023||1210568422||de||
1043079168||1043087359||1210568422||de||
1043349504||1043357695||1210568422||de||
1043472384||1043480575||1210568422||de||
1043488768||1043496959||1210568422||de||
1043513344||1043529727||1210568422||de||
1043595264||1043660799||1210568422||de||
1043660800||1043726335||1210568422||de||
1043726336||1043791871||1210568422||de||
1043791872||1043857407||1210568422||de||
1044643840||1044652031||1210568422||de||
1044905984||1044922367||1210568422||de||
1044922368||1044930559||1210568422||de||
1045135360||1045168127||1210568422||de||
1045315584||1045319679||1210568422||de||
1045319680||1045323775||1210568422||de||
1045430272||1045446655||1210568422||de||
1045454848||1045463039||1210568422||de||
1046061056||1046069247||1210568422||de||
1046151168||1046216703||1210568422||de||
1046331392||1046347775||1210568422||de||
1046446080||1046478847||1210568422||de||
1047003136||1047068671||1210568422||de||
1047347200||1047363583||1210568422||de||
1047461888||1047494655||1210568422||de||
1047535616||1047543807||1210568422||de||
1047543808||1047551999||1210568422||de||
1047560192||1047568383||1210568422||de||
1047822336||1047830527||1210568422||de||
1047830528||1047838719||1210568422||de||
1047855104||1047863295||1210568422||de||
1048576000||1048584191||1210568422||de||
1048616960||1048625151||1210568422||de||
1048903680||1048911871||1210568422||de||
1049231360||1049296895||1210568422||de||
1049436160||1049440255||1210568422||de||
1049440256||1049444351||1210568422||de||
1049468928||1049477119||1210568422||de||
1049559040||1049624575||1210568422||de||
1049624576||1049690111||1210568422||de||
1049690112||1049698303||1210568422||de||
1049755648||1049821183||1210568422||de||
1050189824||1050198015||1210568422||de||
1050214400||1050279935||1210568422||de||
1050279936||1050345471||1210568422||de||
1050345472||1050411007||1210568422||de||
1050411008||1050476543||1210568422||de||
1050476544||1050542079||1210568422||de||
1050542080||1050607615||1210568422||de||
1050607616||1050673151||1210568422||de||
1051246592||1051254783||1210568422||de||
1051262976||1051271167||1210568422||de||
1051754496||1051762687||1210568422||de||
1051779072||1051787263||1210568422||de||
1052082176||1052090367||1210568422||de||
1052139520||1052141567||1210568422||de||
1052803072||1052811263||1210568422||de||
1052819456||1052827647||1210568422||de||
1053097984||1053106175||1210568422||de||
1053401088||1053409279||1210568422||de||
1053597696||1053605887||1210568422||de||
1053687808||1053753343||1210568422||de||
1054179328||1054187519||1210568422||de||
1054212096||1054277631||1210568422||de||
1054384128||1054392319||1210568422||de||
1054392320||1054400511||1210568422||de||
1054416896||1054425087||1210568422||de||
1054605312||1054613503||1210568422||de||
1054867456||1054932991||1210568422||de||
1054932992||1054998527||1210568422||de||
1054998528||1055129599||1210568422||de||
1055948800||1055956991||1210568422||de||
1055989760||1055997951||1210568422||de||
1056276480||1056284671||1210568422||de||
1056284672||1056292863||1210568422||de||
1056292864||1056309247||1210568422||de||
1056309248||1056374783||1210568422||de||
1056538624||1056546815||1210568422||de||
1291845632||1292894207||1210568422||de||
1293156352||1293418495||1210568422||de||
1293418496||1293549567||1210568422||de||
1294270464||1294303231||1210568422||de||
1294925824||1294958591||1210568422||de||
1296072704||1296105471||1210568422||de||
1296566272||1296568319||1210568422||de||
1296601088||1296603135||1210568422||de||
1296693248||1296695295||1210568422||de||
1296721920||1296723967||1210568422||de||
1296730112||1296732159||1210568422||de||
1296754688||1296756735||1210568422||de||
1296812032||1296814079||1210568422||de||
1296824320||1296826367||1210568422||de||
1296875520||1296891903||1210568422||de||
1297559552||1297561599||1210568422||de||
1297580032||1297582079||1210568422||de||
1297594368||1297596415||1210568422||de||
1297604608||1297606655||1210568422||de||
1297610752||1297612799||1210568422||de||
1297743872||1297760255||1210568422||de||
1297776640||1297793023||1210568422||de||
1297868800||1297870847||1210568422||de||
1298077696||1298079743||1210568422||de||
1300234240||1302331391||1210568422||de||
1303379968||1304428543||1210568422||de||
1306320896||1306329087||1210568422||de||
1307066368||1307074559||1210568422||de||
1307107328||1307115519||1210568422||de||
1307189248||1307197439||1210568422||de||
1307287552||1307295743||1210568422||de||
1307336704||1307344895||1210568422||de||
1307435008||1307443199||1210568422||de||
1307860992||1307865087||1210568422||de||
1307910144||1307914239||1210568422||de||
1307996160||1308000255||1210568422||de||
1308033024||1308037119||1210568422||de||
1310259200||1310261247||1210568422||de||
1310664704||1310666751||1210568422||de||
1310670848||1310672895||1210568422||de||
1310697472||1310699519||1210568422||de||
1310851072||1310982143||1210568422||de||
1311330304||1311332351||1210568422||de||
1311365120||1311367167||1210568422||de||
1311367168||1311369215||1210568422||de||
1311375360||1311506431||1210568422||de||
1311637504||1311768575||1210568422||de||
1311768576||1312292863||1210568422||de||
1314783232||1314848767||1210568422||de||
1315889152||1315893247||1210568422||de||
1315913728||1315917823||1210568422||de||
1315930112||1315934207||1210568422||de||
1315954688||1315958783||1210568422||de||
1317683200||1317699583||1210568422||de||
1317814272||1317830655||1210568422||de||
1317994496||1318010879||1210568422||de||
1318666240||1318674431||1210568422||de||
1319067648||1319075839||1210568422||de||
1331879936||1331881983||1210568422||de||
1331908608||1331910655||1210568422||de||
1331912704||1331914751||1210568422||de||
1331922944||1331924991||1210568422||de||
1334083584||1334091775||1210568422||de||
1334124544||1334132735||1210568422||de||
1334583296||1334587391||1210568422||de||
1334587392||1334591487||1210568422||de||
1334603776||1334607871||1210568422||de||
1334620160||1334624255||1210568422||de||
1334681600||1334685695||1210568422||de||
1334714368||1334718463||1210568422||de||
1336629248||1336631295||1210568422||de||
1336651776||1336653823||1210568422||de||
1336657920||1336659967||1210568422||de||
1336852480||1336868863||1210568422||de||
1337982976||1342177279||1210568422||de||
1346416640||1346420735||1210568422||de||
1346445312||1346449407||1210568422||de||
1346502656||1346506751||1210568422||de||
1346506752||1346510847||1210568422||de||
1346527232||1346531327||1210568422||de||
1346551808||1346555903||1210568422||de||
1346572288||1346576383||1210568422||de||
1346625536||1346629631||1210568422||de||
1346674688||1346678783||1210568422||de||
1346707456||1346711551||1210568422||de||
1346723840||1346727935||1210568422||de||
1346727936||1346732031||1210568422||de||
1346748416||1346752511||1210568422||de||
1346809856||1346813951||1210568422||de||
1346928640||1346932735||1210568422||de||
1346940928||1346945023||1210568422||de||
1346957312||1346961407||1210568422||de||
1346969600||1346973695||1210568422||de||
1346985984||1346990079||1210568422||de||
1346990080||1346994175||1210568422||de||
1347227648||1347231743||1210568422||de||
1347276800||1347280895||1210568422||de||
1347309568||1347313663||1210568422||de||
1347330048||1347334143||1210568422||de||
1347334144||1347338239||1210568422||de||
1347411968||1347416063||1210568422||de||
1347485696||1347489791||1210568422||de||
1347489792||1347493887||1210568422||de||
1347534848||1347538943||1210568422||de||
1347547136||1347551231||1210568422||de||
1347604480||1347608575||1210568422||de||
1347641344||1347645439||1210568422||de||
1347645440||1347649535||1210568422||de||
1347661824||1347665919||1210568422||de||
1347682304||1347686399||1210568422||de||
1347731456||1347735551||1210568422||de||
1347735552||1347739647||1210568422||de||
1347747840||1347751935||1210568422||de||
1347796992||1347801087||1210568422||de||
1347813376||1347817471||1210568422||de||
1347833856||1347837951||1210568422||de||
1347907584||1347911679||1210568422||de||
1347919872||1347923967||1210568422||de||
1347948544||1347952639||1210568422||de||
1347960832||1347964927||1210568422||de||
1348026368||1348030463||1210568422||de||
1348071424||1348075519||1210568422||de||
1348100096||1348104191||1210568422||de||
1348112384||1348116479||1210568422||de||
1348165632||1348169727||1210568422||de||
1348218880||1348222975||1210568422||de||
1348358144||1348362239||1210568422||de||
1348440064||1348444159||1210568422||de||
1350565888||1352663039||1210568422||de||
1353383936||1353449471||1210568422||de||
1354432512||1354498047||1210568422||de||
1354629120||1354694655||1210568422||de||
1356988416||1357053951||1210568422||de||
1357119488||1357152255||1210568422||de||
1357152256||1357185023||1210568422||de||
1357742080||1357774847||1210568422||de||
1358020608||1358024703||1210568422||de||
1358069760||1358073855||1210568422||de||
1358073856||1358077951||1210568422||de||
1358077952||1358082047||1210568422||de||
1358082048||1358086143||1210568422||de||
1358110720||1358114815||1210568422||de||
1358114816||1358118911||1210568422||de||
1358135296||1358139391||1210568422||de||
1358151680||1358155775||1210568422||de||
1358221312||1358225407||1210568422||de||
1358229504||1358233599||1210568422||de||
1358249984||1358254079||1210568422||de||
1358266368||1358270463||1210568422||de||
1358270464||1358274559||1210568422||de||
1358290944||1358295039||1210568422||de||
1358307328||1358311423||1210568422||de||
1358327808||1358331903||1210568422||de||
1358524416||1358528511||1210568422||de||
1358594048||1358598143||1210568422||de||
1358647296||1358651391||1210568422||de||
1358716928||1358721023||1210568422||de||
1358811136||1358815231||1210568422||de||
1358856192||1358860287||1210568422||de||
1358946304||1358950399||1210568422||de||
1359151104||1359167487||1210568422||de||
1359462400||1359470591||1210568422||de||
1359675392||1359708159||1210568422||de||
1359904768||1359937535||1210568422||de||
1360015360||1360019455||1210568422||de||
1360048128||1360052223||1210568422||de||
1360093184||1360097279||1210568422||de||
1360097280||1360101375||1210568422||de||
1360121856||1360125951||1210568422||de||
1360158720||1360162815||1210568422||de||
1360285696||1360289791||1210568422||de||
1360293888||1360297983||1210568422||de||
1360453632||1360457727||1210568422||de||
1360535552||1360539647||1210568422||de||
1360543744||1360547839||1210568422||de||
1360752640||1360756735||1210568422||de||
1360764928||1360769023||1210568422||de||
1360781312||1360785407||1210568422||de||
1360805888||1360809983||1210568422||de||
1360846848||1360850943||1210568422||de||
1360945152||1360949247||1210568422||de||
1360953344||1360957439||1210568422||de||
1364729856||1364733951||1210568422||de||
1364811776||1364815871||1210568422||de||
1364836352||1364840447||1210568422||de||
1364844544||1364848639||1210568422||de||
1364848640||1364852735||1210568422||de||
1364860928||1364865023||1210568422||de||
1364901888||1364905983||1210568422||de||
1364959232||1364963327||1210568422||de||
1364983808||1364987903||1210568422||de||
1364987904||1364991999||1210568422||de||
1365024768||1365028863||1210568422||de||
1365078016||1365082111||1210568422||de||
1365180416||1365184511||1210568422||de||
1369440256||1369473023||1210568422||de||
1369505792||1369538559||1210568422||de||
1370062848||1370095615||1210568422||de||
1370324992||1370357759||1210568422||de||
1372086272||1372090367||1210568422||de||
1372110848||1372114943||1210568422||de||
1372135424||1372139519||1210568422||de||
1372164096||1372168191||1210568422||de||
1372184576||1372188671||1210568422||de||
1372749824||1372782591||1210568422||de||
1381105664||1381236735||1210568422||de||
1382039552||1382055935||1210568422||de||
1382105088||1382121471||1210568422||de||
1382121472||1382137855||1210568422||de||
1382170624||1382187007||1210568422||de||
1382203392||1382219775||1210568422||de||
1382334464||1382350847||1210568422||de||
1383161856||1383170047||1210568422||de||
1383292928||1383301119||1210568422||de||
1383358464||1383366655||1210568422||de||
1383473152||1383481343||1210568422||de||
1383530496||1383538687||1210568422||de||
1383571456||1383579647||1210568422||de||
1384415232||1384447999||1210568422||de||
1384579072||1384611839||1210568422||de||
1384890368||1384906751||1210568422||de||
1384906752||1384923135||1210568422||de||
1384972288||1384988671||1210568422||de||
1385177088||1385185279||1210568422||de||
1385234432||1385242623||1210568422||de||
1385512960||1385521151||1210568422||de||
1385537536||1385545727||1210568422||de||
1385553920||1385562111||1210568422||de||
1385619456||1385627647||1210568422||de||
1386545152||1386610687||1210568422||de||
1388363776||1388371967||1210568422||de||
1388437504||1388445695||1210568422||de||
1388470272||1388478463||1210568422||de||
1388527616||1388535807||1210568422||de||
1388724224||1388732415||1210568422||de||
1388756992||1388765183||1210568422||de||
1389232128||1389264895||1210568422||de||
1389330432||1389363199||1210568422||de||
1389494272||1389510655||1210568422||de||
1389543424||1389559807||1210568422||de||
1389559808||1389576191||1210568422||de||
1389625344||1389641727||1210568422||de||
1389674496||1389690879||1210568422||de||
1389805568||1389821951||1210568422||de||
1398865920||1398867967||1210568422||de||
1398876160||1398878207||1210568422||de||
1398878208||1398880255||1210568422||de||
1398884352||1398886399||1210568422||de||
1398894592||1398896639||1210568422||de||
1400373248||1400635391||1210568422||de||
1400963072||1401028607||1210568422||de||
1401356288||1401421823||1210568422||de||
1401440256||1401442303||1210568422||de||
1401442304||1401444351||1210568422||de||
1401446400||1401448447||1210568422||de||
1401454592||1401456639||1210568422||de||
1401503744||1401505791||1210568422||de||
1401511936||1401513983||1210568422||de||
1401526272||1401528319||1210568422||de||
1401530368||1401532415||1210568422||de||
1401534464||1401536511||1210568422||de||
1401569280||1401585663||1210568422||de||
1401749504||1401765887||1210568422||de||
1401835520||1401837567||1210568422||de||
1401851904||1401853951||1210568422||de||
1401880576||1401882623||1210568422||de||
1402408960||1402413055||1210568422||de||
1402417152||1402421247||1210568422||de||
1403617280||1403633663||1210568422||de||
1403650048||1403666431||1210568422||de||
1403748352||1403764735||1210568422||de||
1406722048||1406730239||1210568422||de||
1406803968||1406812159||1210568422||de||
1406959616||1406967807||1210568422||de||
1407000576||1407008767||1210568422||de||
1407008768||1407016959||1210568422||de||
1407049728||1407057919||1210568422||de||
1407139840||1407148031||1210568422||de||
1407975424||1408040959||1210568422||de||
1408376832||1408385023||1210568422||de||
1408393216||1408401407||1210568422||de||
1408434176||1408436223||1210568422||de||
1408446464||1408448511||1210568422||de||
1408448512||1408450559||1210568422||de||
1408454656||1408456703||1210568422||de||
1408462848||1408464895||1210568422||de||
1408630784||1408663551||1210568422||de||
1410007040||1410072575||1210568422||de||
1410392064||1410400255||1210568422||de||
1410424832||1410433023||1210568422||de||
1410441216||1410449407||1210568422||de||
1410531328||1410539519||1210568422||de||
1410572288||1410580479||1210568422||de||
1410580480||1410588671||1210568422||de||
1410670592||1410678783||1210568422||de||
1410850816||1410859007||1210568422||de||
1411792896||1411796991||1210568422||de||
1411825664||1411829759||1210568422||de||
1412202496||1412235263||1210568422||de||
1412300800||1412333567||1210568422||de||
1412956160||1413480447||1210568422||de||
1417674752||1421869055||1210568422||de||
1422393344||1422458879||1210568422||de||
1422458880||1422475263||1210568422||de||
1422475264||1422491647||1210568422||de||
1422852096||1422917631||1210568422||de||
1424719872||1424752639||1210568422||de||
1425276928||1425293311||1210568422||de||
1425375232||1425391615||1210568422||de||
1425424384||1425426431||1210568422||de||
1425438720||1425440767||1210568422||de||
1425471488||1425473535||1210568422||de||
1425817600||1425833983||1210568422||de||
1425948672||1425965055||1210568422||de||
1426604032||1426620415||1210568422||de||
1426767872||1426784255||1210568422||de||
1426948096||1426964479||1210568422||de||
1427030016||1427046399||1210568422||de||
1427111936||1427177471||1210568422||de||
1427505152||1427570687||1210568422||de||
1427701760||1427734527||1210568422||de||
1427734528||1427767295||1210568422||de||
1428142080||1428144127||1210568422||de||
1431830528||1431838719||1210568422||de||
1432158208||1432166399||1210568422||de||
1432174592||1432182783||1210568422||de||
1432346624||1432354815||1210568422||de||
1433460736||1433468927||1210568422||de||
1433567232||1433575423||1210568422||de||
1433600000||1433608191||1210568422||de||
1433714688||1433722879||1210568422||de||
1433837568||1433839615||1210568422||de||
1433901056||1433903103||1210568422||de||
1433903104||1433905151||1210568422||de||
1433913344||1433915391||1210568422||de||
1433915392||1433917439||1210568422||de||
1434681344||1434714111||1210568422||de||
1436418048||1436420095||1210568422||de||
1436463104||1436465151||1210568422||de||
1436467200||1436469247||1210568422||de||
1436485632||1436487679||1210568422||de||
1436545024||1436547071||1210568422||de||
1437597696||1438121983||1210568422||de||
1438515200||1438580735||1210568422||de||
1438859264||1438875647||1210568422||de||
1438973952||1438990335||1210568422||de||
1438990336||1439006719||1210568422||de||
1439121408||1439137791||1210568422||de||
1439137792||1439154175||1210568422||de||
1439498240||1439563775||1210568422||de||
1439956992||1440088063||1210568422||de||
1440088064||1440219135||1210568422||de||
1440219136||1440251903||1210568422||de||
1440514048||1440546815||1210568422||de||
1441267712||1441275903||1210568422||de||
1441333248||1441341439||1210568422||de||
1441341440||1441349631||1210568422||de||
1441538048||1441546239||1210568422||de||
1441579008||1441587199||1210568422||de||
1441611776||1441619967||1210568422||de||
1441693696||1441701887||1210568422||de||
1441718272||1441726463||1210568422||de||
1441751040||1441759231||1210568422||de||
1442779136||1442783231||1210568422||de||
1442795520||1442799615||1210568422||de||
1446510592||1446543359||1210568422||de||
1449590784||1449656319||1210568422||de||
1450041344||1450049535||1210568422||de||
1450065920||1450074111||1210568422||de||
1450174464||1450176511||1210568422||de||
1450178560||1450180607||1210568422||de||
1464664064||1464729599||1210568422||de||
1464729600||1464860671||1210568422||de||
1466564608||1466630143||1210568422||de||
1467367424||1467383807||1210568422||de||
1467465728||1467473919||1210568422||de||
1467613184||1467744255||1210568422||de||
1468006400||1470103551||1210568422||de||
1470103552||1472200703||1210568422||de||
1472266240||1472331775||1210568422||de||
1474396160||1474428927||1210568422||de||
1474691072||1474723839||1210568422||de||
1474953216||1475018751||1210568422||de||
1475110912||1475112959||1210568422||de||
1475172352||1475174399||1210568422||de||
1475180544||1475182591||1210568422||de||
1475182592||1475184639||1210568422||de||
1475194880||1475196927||1210568422||de||
1475205120||1475207167||1210568422||de||
1475211264||1475213311||1210568422||de||
1475244032||1475246079||1210568422||de||
1475246080||1475248127||1210568422||de||
1475250176||1475252223||1210568422||de||
1475262464||1475264511||1210568422||de||
1475264512||1475266559||1210568422||de||
1475313664||1475315711||1210568422||de||
1475315712||1475317759||1210568422||de||
1475543040||1475559423||1210568422||de||
1475674112||1475690495||1210568422||de||
1476239360||1476247551||1210568422||de||
1480589312||1481637887||1210568422||de||
1481687040||1481695231||1210568422||de||
1481826304||1481834495||1210568422||de||
1481932800||1481940991||1210568422||de||
1484783616||1484849151||1210568422||de||
1484914688||1484980223||1210568422||de||
1485111296||1485176831||1210568422||de||
1485176832||1485242367||1210568422||de||
1486225408||1486258175||1210568422||de||
1486307328||1486309375||1210568422||de||
1486356480||1486487551||1210568422||de||
1489371136||1489436671||1210568422||de||
1489829888||1489862655||1210568422||de||
1490059264||1490075647||1210568422||de||
1490092032||1490108415||1210568422||de||
1490419712||1490436095||1210568422||de||
1490501632||1490518015||1210568422||de||
1490534400||1490550783||1210568422||de||
1490616320||1490681855||1210568422||de||
1493958656||1494089727||1210568422||de||
1494089728||1494220799||1210568422||de||
1494253568||1494261759||1210568422||de||
1494474752||1494482943||1210568422||de||
1494556672||1494564863||1210568422||de||
1494974464||1495007231||1210568422||de||
1495042048||1495044095||1210568422||de||
1495064576||1495066623||1210568422||de||
1495068672||1495070719||1210568422||de||
1495203840||1495205887||1210568422||de||
1495212032||1495214079||1210568422||de||
1495238656||1495240703||1210568422||de||
1496317952||1496842239||1210568422||de||
1496842240||1497366527||1210568422||de||
1500135424||1500143615||1210568422||de||
1500157952||1500159999||1210568422||de||
1500174336||1500176383||1210568422||de||
1500200960||1500203007||1210568422||de||
1500225536||1500227583||1210568422||de||
1500231680||1500233727||1210568422||de||
1500413952||1500430335||1210568422||de||
1502609408||1502625791||1210568422||de||
1502674944||1502691327||1210568422||de||
1502789632||1502806015||1210568422||de||
1502986240||1503002623||1210568422||de||
1503887360||1503920127||1210568422||de||
1504083968||1504116735||1210568422||de||
1505099776||1505230847||1210568422||de||
1505394688||1505402879||1210568422||de||
1505705984||1505714175||1210568422||de||
1506017280||1506279423||1210568422||de||
1506322432||1506324479||1210568422||de||
1506410496||1506443263||1210568422||de||
1506574336||1506582527||1210568422||de||
1506789376||1506791423||1210568422||de||
1506801664||1506803711||1210568422||de||
1507655680||1507659775||1210568422||de||
1508786176||1508802559||1210568422||de||
1509163008||1509425151||1210568422||de||
1509588992||1509593087||1210568422||de||
1509654528||1509658623||1210568422||de||
1519976448||1520009215||1210568422||de||
1522139136||1522270207||1210568422||de||
1526726656||1530920959||1210568422||de||
1530920960||1531183103||1210568422||de||
1532559360||1532624895||1210568422||de||
1532649472||1532651519||1210568422||de||
1532661760||1532665855||1210568422||de||
1533018112||1533149183||1210568422||de||
1533446144||1533448191||1210568422||de||
1533505536||1533507583||1210568422||de||
1533538304||1533540351||1210568422||de||
1535672320||1535705087||1210568422||de||
1536118784||1536122879||1210568422||de||
1536159744||1536163839||1210568422||de||
1536659456||1536663551||1210568422||de||
1538793472||1538801663||1210568422||de||
1538826240||1538834431||1210568422||de||
1538891776||1538899967||1210568422||de||
1538924544||1538932735||1210568422||de||
1538957312||1538965503||1210568422||de||
1539162112||1539164159||1210568422||de||
1539215360||1539217407||1210568422||de||
1539217408||1539219455||1210568422||de||
1539223552||1539225599||1210568422||de||
1539229696||1539231743||1210568422||de||
1539235840||1539237887||1210568422||de||
1539239936||1539241983||1210568422||de||
1539241984||1539244031||1210568422||de||
1539312640||1539313663||1210568422||de||
1539313664||1539314687||1210568422||de||
1539319808||1539320831||1210568422||de||
1539379200||1539380223||1210568422||de||
1539462144||1539462655||1210568422||de||
1539463680||1539464191||1210568422||de||
1539474432||1539474943||1210568422||de||
1539486720||1539487231||1210568422||de||
1539497472||1539497983||1210568422||de||
1539499520||1539500031||1210568422||de||
1539500032||1539500543||1210568422||de||
1539506176||1539506687||1210568422||de||
1539506688||1539507199||1210568422||de||
1539510784||1539511295||1210568422||de||
1539518464||1539518975||1210568422||de||
1539520000||1539520511||1210568422||de||
1539526144||1539526655||1210568422||de||
1539532800||1539533311||1210568422||de||
1539544576||1539545087||1210568422||de||
1539562496||1539563007||1210568422||de||
1539567616||1539568127||1210568422||de||
1539601408||1539602431||1210568422||de||
1539644416||1539645439||1210568422||de||
1539703296||1539703551||1210568422||de||
1539708160||1539708415||1210568422||de||
1539710976||1539711231||1210568422||de||
1539711744||1539711999||1210568422||de||
1539717376||1539717631||1210568422||de||
1539718144||1539718399||1210568422||de||
1539719680||1539719935||1210568422||de||
1539719936||1539720191||1210568422||de||
1539722752||1539723007||1210568422||de||
1539723776||1539724031||1210568422||de||
1539731712||1539731967||1210568422||de||
1539731968||1539732223||1210568422||de||
1539734784||1539735039||1210568422||de||
1539741696||1539741951||1210568422||de||
1539750656||1539750911||1210568422||de||
1539751936||1539752191||1210568422||de||
1539753216||1539753471||1210568422||de||
1539758336||1539758591||1210568422||de||
1539763712||1539763967||1210568422||de||
1539766784||1539767039||1210568422||de||
1539767552||1539767807||1210568422||de||
1539770368||1539770623||1210568422||de||
1539773696||1539773951||1210568422||de||
1539781376||1539781631||1210568422||de||
1539783680||1539783935||1210568422||de||
1539784960||1539785215||1210568422||de||
1539789568||1539789823||1210568422||de||
1539802880||1539803135||1210568422||de||
1539808768||1539809023||1210568422||de||
1539809792||1539810047||1210568422||de||
1539810560||1539810815||1210568422||de||
1539811584||1539811839||1210568422||de||
1539817472||1539817727||1210568422||de||
1539821824||1539822079||1210568422||de||
1539823104||1539823359||1210568422||de||
1539825920||1539826175||1210568422||de||
1539826944||1539827199||1210568422||de||
1539830016||1539830271||1210568422||de||
1539861504||1539862527||1210568422||de||
1539924992||1539926015||1210568422||de||
1539932160||1539933183||1210568422||de||
1539975168||1539976191||1210568422||de||
1539977216||1539978239||1210568422||de||
1540030464||1540031487||1210568422||de||
1540058112||1540059135||1210568422||de||
1540063232||1540064255||1210568422||de||
1546063872||1546067967||1210568422||de||
1546088448||1546092543||1210568422||de||
1546305536||1546307583||1210568422||de||
1546313728||1546315775||1210568422||de||
1546334208||1546336255||1210568422||de||
1546348544||1546350591||1210568422||de||
1546797056||1546813439||1210568422||de||
1546878976||1546895359||1210568422||de||
1547489280||1547493375||1210568422||de||
1547538432||1547542527||1210568422||de||
1548222464||1548746751||1210568422||de||
1551106048||1551237119||1210568422||de||
1556086784||1558183935||1210568422||de||
1558183936||1558708223||1210568422||de||
1560018944||1560051711||1210568422||de||
1566105600||1566109695||1210568422||de||
1566113792||1566117887||1210568422||de||
1566212096||1566216191||1210568422||de||
1566224384||1566228479||1210568422||de||
1566343168||1566345215||1210568422||de||
1566347264||1566349311||1210568422||de||
1566375936||1566377983||1210568422||de||
1566439424||1566441471||1210568422||de||
1566441472||1566443519||1210568422||de||
1566451712||1566453759||1210568422||de||
1566461952||1566463999||1210568422||de||
1566474240||1566476287||1210568422||de||
1566539776||1566541823||1210568422||de||
1567096832||1567162367||1210568422||de||
1568276480||1568309247||1210568422||de||
1568636928||1568669695||1210568422||de||
1568669696||1569193983||1210568422||de||
1572143104||1572159487||1210568422||de||
1572608000||1572610047||1210568422||de||
1572628480||1572630527||1210568422||de||
1572657152||1572659199||1210568422||de||
1572663296||1572665343||1210568422||de||
1572706304||1572708351||1210568422||de||
1572710400||1572712447||1210568422||de||
1572864000||1577058303||1210568422||de||
2253455360||2253520895||1210568422||de||
2367160320||2367225855||1210568422||de||
2368077824||2368143359||1210568422||de||
2368143360||2368208895||1210568422||de||
2368339968||2368405503||1210568422||de||
2368798720||2368864255||1210568422||de||
2369060864||2369126399||1210568422||de||
2369519616||2369585151||1210568422||de||
2369978368||2370043903||1210568422||de||
2370437120||2370502655||1210568422||de||
2370699264||2370764799||1210568422||de||
2370830336||2370895871||1210568422||de||
3154182144||3154247679||1210568422||de||
3223453184||3223453439||1210568422||de||
3225807360||3225807615||1210568422||de||
3226244864||3226245119||1210568422||de||
3228269312||3228269567||1210568422||de||
3228297984||3228298495||1210568422||de||
3238062080||3238062591||1210568422||de||
3238063616||3238063871||1210568422||de||
3238065664||3238065919||1210568422||de||
3238066176||3238066431||1210568422||de||
3238066688||3238066943||1210568422||de||
3238504448||3238506495||1210568422||de||
3238506496||3238508543||1210568422||de||
3238508544||3238510591||1210568422||de||
3239076352||3239076607||1210568422||de||
3239091712||3239091967||1210568422||de||
3239111424||3239111679||1210568422||de||
3239113984||3239114239||1210568422||de||
3239120640||3239120895||1210568422||de||
3239136000||3239136255||1210568422||de||
3239136512||3239136767||1210568422||de||
3239160576||3239160831||1210568422||de||
3239162368||3239162623||1210568422||de||
3239166208||3239166463||1210568422||de||
3239169280||3239169535||1210568422||de||
3239172864||3239173119||1210568422||de||
3239174144||3239174399||1210568422||de||
3239181824||3239182079||1210568422||de||
3239182080||3239182335||1210568422||de||
3239267840||3239268351||1210568422||de||
3239282688||3239283711||1210568422||de||
3239288832||3239289855||1210568422||de||
3239293952||3239294975||1210568422||de||
3239308288||3239309311||1210568422||de||
3239311360||3239312383||1210568422||de||
3239444480||3239444735||1210568422||de||
3239451904||3239452159||1210568422||de||
3239480064||3239480319||1210568422||de||
3239486976||3239487231||1210568422||de||
3239487232||3239487487||1210568422||de||
3239509504||3239509759||1210568422||de||
3239524352||3239524607||1210568422||de||
3239538688||3239538943||1210568422||de||
3239539712||3239539967||1210568422||de||
3239540480||3239540735||1210568422||de||
3239567872||3239568127||1210568422||de||
3239582464||3239582719||1210568422||de||
3239630848||3239631871||1210568422||de||
3239632896||3239633919||1210568422||de||
3239640064||3239641087||1210568422||de||
3239671296||3239671807||1210568422||de||
3239672320||3239672831||1210568422||de||
3239708928||3239709183||1210568422||de||
3239709696||3239709951||1210568422||de||
3239710464||3239710719||1210568422||de||
3239712256||3239712511||1210568422||de||
3239713792||3239714047||1210568422||de||
3239783680||3239783935||1210568422||de||
3239821824||3239822335||1210568422||de||
3239828480||3239828991||1210568422||de||
3239836672||3239837183||1210568422||de||
3239840512||3239840767||1210568422||de||
3239841280||3239841535||1210568422||de||
3239860224||3239860479||1210568422||de||
3239860736||3239860991||1210568422||de||
3239860992||3239861247||1210568422||de||
3239874560||3239874815||1210568422||de||
3239874816||3239875071||1210568422||de||
3239876096||3239876351||1210568422||de||
3239876864||3239877119||1210568422||de||
3239878400||3239878655||1210568422||de||
3239883776||3239884031||1210568422||de||
3239890688||3239890943||1210568422||de||
3239895296||3239895551||1210568422||de||
3239896320||3239896575||1210568422||de||
3239898624||3239898879||1210568422||de||
3239901952||3239902207||1210568422||de||
3239912960||3239913215||1210568422||de||
3239917056||3239917311||1210568422||de||
3239936256||3239936511||1210568422||de||
3239950848||3239951103||1210568422||de||
3239979520||3239979775||1210568422||de||
3240011008||3240011263||1210568422||de||
3240033280||3240034303||1210568422||de||
3240170496||3240171007||1210568422||de||
3240184320||3240184831||1210568422||de||
3240189952||3240190463||1210568422||de||
3240205824||3240206335||1210568422||de||
3240237056||3240238079||1210568422||de||
3240240128||3240241151||1210568422||de||
3240243200||3240244223||1210568422||de||
3240248320||3240249343||1210568422||de||
3240260608||3240261631||1210568422||de||
3240261632||3240262655||1210568422||de||
3240267776||3240268287||1210568422||de||
3240407808||3240408063||1210568422||de||
3240420096||3240420351||1210568422||de||
3240461056||3240461311||1210568422||de||
3240461312||3240461567||1210568422||de||
3240465408||3240465663||1210568422||de||
3240465664||3240465919||1210568422||de||
3240466432||3240466687||1210568422||de||
3240487936||3240488191||1210568422||de||
3240576000||3240576255||1210568422||de||
3240577536||3240577791||1210568422||de||
3240588032||3240588287||1210568422||de||
3240691712||3240692223||1210568422||de||
3240692224||3240692735||1210568422||de||
3240699136||3240699391||1210568422||de||
3240702976||3240703999||1210568422||de||
3240710656||3240710911||1210568422||de||
3240711936||3240712191||1210568422||de||
3240713472||3240713727||1210568422||de||
3240721408||3240721919||1210568422||de||
3240726528||3240727039||1210568422||de||
3240739840||3240740095||1210568422||de||
3240740608||3240740863||1210568422||de||
3240743936||3240744447||1210568422||de||
3240750336||3240750591||1210568422||de||
3240754176||3240755199||1210568422||de||
3240811776||3240812031||1210568422||de||
3240828160||3240828415||1210568422||de||
3240843520||3240843775||1210568422||de||
3240877056||3240877567||1210568422||de||
3241033216||3241033471||1210568422||de||
3241038336||3241038591||1210568422||de||
3241063936||3241064191||1210568422||de||
3241064192||3241064447||1210568422||de||
3241072384||3241072639||1210568422||de||
3241101568||3241101823||1210568422||de||
3241102592||3241102847||1210568422||de||
3241103104||3241103359||1210568422||de||
3241103360||3241103615||1210568422||de||
3241103872||3241104127||1210568422||de||
3241108224||3241108479||1210568422||de||
3241108480||3241108735||1210568422||de||
3241118976||3241119231||1210568422||de||
3241121792||3241122047||1210568422||de||
3241124096||3241124351||1210568422||de||
3241130752||3241131007||1210568422||de||
3241499904||3241500159||1210568422||de||
3241863936||3241864191||1210568422||de||
3241865216||3241865471||1210568422||de||
3241866240||3241866495||1210568422||de||
3241866496||3241866751||1210568422||de||
3241868544||3241868799||1210568422||de||
3243512832||3243513087||1210568422||de||
3243515392||3243515647||1210568422||de||
3243521536||3243521791||1210568422||de||
3243531008||3243531263||1210568422||de||
3243532032||3243532287||1210568422||de||
3243553280||3243553535||1210568422||de||
3243554048||3243554303||1210568422||de||
3244097536||3244098559||1210568422||de||
3244104704||3244105727||1210568422||de||
3244128256||3244129279||1210568422||de||
3244141568||3244142591||1210568422||de||
3244142592||3244143615||1210568422||de||
3244158976||3244159999||1210568422||de||
3244294144||3244556287||1210568422||de||
3244556288||3244687359||1210568422||de||
3244687360||3244752895||1210568422||de||
3244752896||3244818431||1210568422||de||
3245082624||3245084671||1210568422||de||
3245126912||3245127167||1210568422||de||
3245129984||3245130239||1210568422||de||
3245137408||3245137663||1210568422||de||
3245147136||3245148159||1210568422||de||
3245162496||3245163007||1210568422||de||
3245170688||3245171711||1210568422||de||
3245181440||3245181951||1210568422||de||
3245182464||3245182975||1210568422||de||
3245200896||3245201151||1210568422||de||
3245202688||3245202943||1210568422||de||
3245202944||3245203199||1210568422||de||
3245206784||3245207039||1210568422||de||
3245207296||3245207551||1210568422||de||
3245213184||3245213695||1210568422||de||
3245218816||3245219071||1210568422||de||
3245219072||3245219327||1210568422||de||
3245219328||3245219583||1210568422||de||
3245219584||3245219839||1210568422||de||
3245230080||3245231103||1210568422||de||
3245245696||3245245951||1210568422||de||
3245247232||3245247487||1210568422||de||
3245250048||3245250303||1210568422||de||
3245260800||3245261823||1210568422||de||
3245263872||3245264895||1210568422||de||
3245285888||3245286143||1210568422||de||
3245288192||3245288447||1210568422||de||
3245299712||3245299967||1210568422||de||
3245302784||3245303807||1210568422||de||
3245304832||3245305855||1210568422||de||
3245305856||3245306367||1210568422||de||
3245318912||3245319167||1210568422||de||
3245321984||3245322239||1210568422||de||
3245327872||3245328383||1210568422||de||
3245329920||3245330431||1210568422||de||
3245330432||3245331455||1210568422||de||
3245331456||3245332479||1210568422||de||
3245332480||3245333503||1210568422||de||
3245338112||3245338367||1210568422||de||
3247053824||3247054079||1210568422||de||
3247054592||3247054847||1210568422||de||
3247064064||3247064319||1210568422||de||
3247067136||3247067391||1210568422||de||
3247067392||3247067647||1210568422||de||
3247069184||3247069439||1210568422||de||
3247069952||3247070207||1210568422||de||
3247074304||3247074559||1210568422||de||
3247075584||3247075839||1210568422||de||
3247076608||3247076863||1210568422||de||
3247077120||3247077375||1210568422||de||
3247092736||3247093759||1210568422||de||
3247111168||3247112191||1210568422||de||
3247333632||3247333887||1210568422||de||
3247348992||3247349247||1210568422||de||
3247769600||3247771647||1210568422||de||
3247775744||3247783935||1210568422||de||
3247875584||3247876095||1210568422||de||
3247876864||3247877119||1210568422||de||
3247906816||3247907839||1210568422||de||
3247909888||3247910911||1210568422||de||
3247913984||3247915007||1210568422||de||
3247962112||3247963135||1210568422||de||
3248160768||3248226303||1210568422||de||
3248357376||3248422911||1210568422||de||
3248422912||3248488447||1210568422||de||
3248752384||3248752639||1210568422||de||
3248752640||3248752895||1210568422||de||
3248784128||3248784895||1210568422||de||
3248784896||3248785151||1210568422||de||
3248785152||3248785407||1210568422||de||
3248790016||3248790271||1210568422||de||
3248791296||3248791551||1210568422||de||
3248813568||3248814079||1210568422||de||
3249012736||3249012991||1210568422||de||
3249405952||3249471487||1210568422||de||
3249471488||3249537023||1210568422||de||
3249709824||3249710079||1210568422||de||
3249711360||3249711615||1210568422||de||
3249711616||3249711871||1210568422||de||
3249715456||3249715711||1210568422||de||
3249718272||3249719295||1210568422||de||
3249725952||3249726463||1210568422||de||
3250194176||3250194431||1210568422||de||
3250257920||3250258175||1210568422||de||
3250362880||3250363391||1210568422||de||
3250373632||3250373887||1210568422||de||
3250373888||3250374143||1210568422||de||
3250387200||3250387455||1210568422||de||
3250387456||3250387711||1210568422||de||
3250408960||3250409471||1210568422||de||
3250409984||3250410495||1210568422||de||
3250413056||3250413567||1210568422||de||
3250414592||3250415103||1210568422||de||
3250416128||3250416639||1210568422||de||
3250417152||3250417663||1210568422||de||
3250418176||3250418687||1210568422||de||
3250446336||3250454527||1210568422||de||
3250589184||3250589439||1210568422||de||
3250595840||3250596351||1210568422||de||
3250600448||3250600959||1210568422||de||
3250600960||3250601471||1210568422||de||
3250695680||3250697471||1210568422||de||
3250718208||3250720767||1210568422||de||
3250751744||3250751999||1210568422||de||
3250753024||3250753535||1210568422||de||
3250753536||3250754047||1210568422||de||
3250754560||3250755071||1210568422||de||
3250847744||3250913279||1210568422||de||
3250913280||3250978815||1210568422||de||
3251128320||3251128831||1210568422||de||
3251134464||3251134975||1210568422||de||
3251137024||3251137535||1210568422||de||
3251142656||3251142911||1210568422||de||
3251144960||3251145215||1210568422||de||
3251145216||3251145471||1210568422||de||
3251148288||3251148543||1210568422||de||
3251149824||3251150079||1210568422||de||
3251153920||3251154175||1210568422||de||
3251159296||3251159551||1210568422||de||
3251162624||3251162879||1210568422||de||
3251163648||3251163903||1210568422||de||
3251168768||3251169023||1210568422||de||
3251170560||3251170815||1210568422||de||
3251171328||3251171583||1210568422||de||
3251171584||3251171839||1210568422||de||
3251173632||3251173887||1210568422||de||
3251174656||3251174911||1210568422||de||
3251177472||3251179519||1210568422||de||
3251181568||3251182079||1210568422||de||
3251184896||3251185151||1210568422||de||
3251187712||3251188735||1210568422||de||
3251188736||3251189759||1210568422||de||
3251204096||3251204607||1210568422||de||
3251212288||3251212415||1210568422||de||
3251212800||3251212927||1210568422||de||
3251213312||3251213375||1210568422||de||
3251213376||3251213439||1210568422||de||
3251213504||3251213567||1210568422||de||
3251213632||3251213695||1210568422||de||
3251214272||3251214335||1210568422||de||
3251218688||3251218943||1210568422||de||
3251218944||3251219199||1210568422||de||
3251220480||3251222527||1210568422||de||
3251227136||3251227647||1210568422||de||
3251235840||3251236863||1210568422||de||
3251239936||3251240959||1210568422||de||
3251240960||3251241215||1210568422||de||
3251245056||3251245311||1210568422||de||
3251246080||3251246335||1210568422||de||
3251268608||3251268863||1210568422||de||
3251269632||3251269887||1210568422||de||
3251270656||3251270911||1210568422||de||
3251271424||3251271679||1210568422||de||
3251272704||3251272959||1210568422||de||
3251273472||3251273727||1210568422||de||
3251347456||3251355647||1210568422||de||
3251367424||3251367935||1210568422||de||
3252293632||3252297727||1210568422||de||
3252297728||3252297983||1210568422||de||
3252321792||3252322303||1210568422||de||
3252342784||3252344831||1210568422||de||
3252344832||3252345855||1210568422||de||
3252345856||3252346367||1210568422||de||
3252358928||3252359167||1210568422||de||
3252381952||3252382207||1210568422||de||
3252515328||3252515583||1210568422||de||
3252517120||3252517375||1210568422||de||
3252518656||3252518911||1210568422||de||
3252586240||3252586495||1210568422||de||
3252636928||3252637183||1210568422||de||
3252904704||3252904959||1210568422||de||
3252909312||3252909567||1210568422||de||
3252911104||3252911359||1210568422||de||
3252913664||3252913919||1210568422||de||
3252928512||3252929535||1210568422||de||
3252931072||3252931583||1210568422||de||
3252939264||3252939775||1210568422||de||
3252944384||3252944895||1210568422||de||
3252981760||3252982015||1210568422||de||
3252982272||3252982527||1210568422||de||
3252983040||3252983295||1210568422||de||
3252983296||3252983551||1210568422||de||
3253602304||3253603327||1210568422||de||
3253615616||3253616639||1210568422||de||
3253622784||3253623807||1210568422||de||
3253626880||3253627903||1210568422||de||
3253632000||3253633023||1210568422||de||
3253641216||3253642239||1210568422||de||
3253650432||3253651455||1210568422||de||
3253652480||3253653503||1210568422||de||
3253661696||3253662719||1210568422||de||
3253664768||3253665791||1210568422||de||
3253666816||3253667839||1210568422||de||
3253669888||3253670911||1210568422||de||
3253672960||3253673983||1210568422||de||
3253692416||3253693439||1210568422||de||
3253705728||3253706239||1210568422||de||
3253707776||3253708287||1210568422||de||
3253889536||3253889791||1210568422||de||
3253891072||3253891327||1210568422||de||
3253893376||3253893631||1210568422||de||
3253968896||3253969151||1210568422||de||
3253969152||3253969407||1210568422||de||
3253970432||3253970687||1210568422||de||
3253972992||3253974527||1210568422||de||
3253975040||3253977087||1210568422||de||
3254653696||3254654847||1210568422||de||
3254656512||3254656767||1210568422||de||
3254665216||3254681599||1210568422||de||
3254681600||3254689791||1210568422||de||
3254689792||3254693887||1210568422||de||
3254693888||3254695935||1210568422||de||
3254695936||3254697983||1210568422||de||
3254700544||3254701055||1210568422||de||
3254709248||3254709759||1210568422||de||
3254709760||3254710271||1210568422||de||
3254712832||3254713343||1210568422||de||
3254779904||3254780159||1210568422||de||
3254803456||3254804479||1210568422||de||
3254814464||3254814719||1210568422||de||
3254816512||3254816767||1210568422||de||
3254818560||3254818815||1210568422||de||
3254821632||3254821887||1210568422||de||
3254822144||3254822399||1210568422||de||
3254825984||3254826239||1210568422||de||
3254826496||3254826751||1210568422||de||
3254826752||3254827007||1210568422||de||
3254827008||3254827263||1210568422||de||
3254828032||3254828287||1210568422||de||
3254831360||3254831615||1210568422||de||
3254833152||3254833407||1210568422||de||
3254835200||3254835455||1210568422||de||
3254836480||3254836735||1210568422||de||
3254838272||3254838527||1210568422||de||
3254838528||3254838783||1210568422||de||
3254839296||3254839551||1210568422||de||
3254843136||3254843391||1210568422||de||
3254843392||3254843647||1210568422||de||
3254844928||3254845183||1210568422||de||
3254885120||3254885375||1210568422||de||
3254890496||3254890751||1210568422||de||
3254891776||3254892031||1210568422||de||
3254897152||3254897407||1210568422||de||
3254898432||3254898687||1210568422||de||
3255222272||3255223295||1210568422||de||
3255226368||3255227391||1210568422||de||
3255230976||3255231231||1210568422||de||
3255231488||3255231743||1210568422||de||
3255234304||3255234559||1210568422||de||
3255236864||3255237119||1210568422||de||
3255304192||3255304447||1210568422||de||
3255316992||3255317247||1210568422||de||
3255318784||3255319039||1210568422||de||
3255319040||3255319295||1210568422||de||
3255326208||3255326719||1210568422||de||
3255328768||3255336959||1210568422||de||
3255353344||3255361535||1210568422||de||
3255372288||3255372799||1210568422||de||
3255380480||3255380991||1210568422||de||
3255388160||3255388671||1210568422||de||
3255392256||3255392767||1210568422||de||
3255399680||3255399935||1210568422||de||
3255399936||3255400447||1210568422||de||
3255401472||3255402191||1210568422||de||
3255402192||3255402239||1210568422||de||
3255412736||3255413247||1210568422||de||
3255544320||3255544575||1210568422||de||
3255615488||3255623679||1210568422||de||
3255666432||3255666687||1210568422||de||
3255800064||3255800319||1210568422||de||
3256393728||3256394239||1210568422||de||
3256396800||3256397311||1210568422||de||
3256401920||3256410111||1210568422||de||
3256411648||3256412159||1210568422||de||
3256414720||3256415231||1210568422||de||
3256416256||3256416767||1210568422||de||
3256418304||3256483839||1210568422||de||
3256490240||3256490495||1210568422||de||
3256728576||3256729599||1210568422||de||
3256737792||3256745983||1210568422||de||
3256786944||3256787199||1210568422||de||
3256787456||3256787711||1210568422||de||
3256788736||3256788991||1210568422||de||
3256790272||3256790527||1210568422||de||
3256791040||3256791295||1210568422||de||
3256791552||3256791807||1210568422||de||
3256792064||3256792319||1210568422||de||
3256792832||3256793087||1210568422||de||
3256946944||3256947711||1210568422||de||
3257544192||3257544447||1210568422||de||
3257546688||3257546719||1210568422||de||
3257548800||3257556991||1210568422||de||
3257560064||3257560575||1210568422||de||
3257561600||3257562111||1210568422||de||
3257563648||3257564159||1210568422||de||
3257996032||3257996287||1210568422||de||
3258065920||3258066175||1210568422||de||
3258068736||3258068991||1210568422||de||
3258071552||3258071807||1210568422||de||
3258085632||3258085887||1210568422||de||
3258097664||3258097919||1210568422||de||
3258098688||3258098943||1210568422||de||
3258103296||3258103551||1210568422||de||
3258104576||3258104831||1210568422||de||
3258105600||3258105855||1210568422||de||
3258318848||3258319871||1210568422||de||
3258319872||3258320895||1210568422||de||
3258337280||3258338303||1210568422||de||
3258342400||3258343423||1210568422||de||
3258409984||3258410495||1210568422||de||
3258692864||3258693119||1210568422||de||
3258729472||3258729727||1210568422||de||
3258764544||3258764799||1210568422||de||
3258903552||3258903807||1210568422||de||
3258974208||3259039743||1210568422||de||
3259301888||3259302143||1210568422||de||
3259354368||3259354623||1210568422||de||
3259804416||3259804671||1210568422||de||
3259816704||3259816959||1210568422||de||
3259826176||3259891711||1210568422||de||
3259957248||3259958271||1210568422||de||
3260549632||3260549887||1210568422||de||
3260550400||3260550655||1210568422||de||
3260588032||3260596223||1210568422||de||
3260597760||3260598271||1210568422||de||
3260940288||3261005823||1210568422||de||
3261005824||3261071359||1210568422||de||
3261136896||3261145087||1210568422||de||
3261145088||3261153279||1210568422||de||
3261153280||3261157375||1210568422||de||
3261157376||3261159423||1210568422||de||
3261159424||3261161471||1210568422||de||
3261161472||3261169663||1210568422||de||
3261169664||3261177855||1210568422||de||
3261177856||3261186047||1210568422||de||
3261186048||3261202431||1210568422||de||
3261685760||3261687807||1210568422||de||
3261779456||3261779967||1210568422||de||
3261995264||3261995519||1210568422||de||
3262022912||3262023167||1210568422||de||
3262039040||3262039295||1210568422||de||
3262044416||3262044671||1210568422||de||
3262052096||3262052351||1210568422||de||
3262124032||3262128127||1210568422||de||
3262316544||3262382079||1210568422||de||
3262418432||3262418943||1210568422||de||
3262419968||3262420479||1210568422||de||
3262421504||3262422015||1210568422||de||
3262426112||3262426623||1210568422||de||
3262429696||3262430207||1210568422||de||
3262434816||3262435327||1210568422||de||
3262435328||3262435839||1210568422||de||
3262441984||3262442495||1210568422||de||
3262461056||3262461183||1210568422||de||
3262461440||3262461567||1210568422||de||
3262472192||3262480383||1210568422||de||
3262504960||3262505471||1210568422||de||
3262511616||3262512127||1210568422||de||
3262512640||3262513151||1210568422||de||
3262964992||3262965247||1210568422||de||
3263070976||3263071487||1210568422||de||
3263077888||3263078399||1210568422||de||
3263087104||3263087359||1210568422||de||
3263087360||3263087615||1210568422||de||
3263087616||3263087871||1210568422||de||
3263088128||3263088383||1210568422||de||
3263090176||3263090431||1210568422||de||
3263090688||3263090943||1210568422||de||
3263095808||3263096063||1210568422||de||
3263098112||3263098367||1210568422||de||
3263098624||3263098879||1210568422||de||
3263099392||3263099647||1210568422||de||
3263099648||3263099903||1210568422||de||
3263100416||3263100671||1210568422||de||
3263101696||3263101951||1210568422||de||
3263823872||3263889407||1210568422||de||
3263889408||3263954943||1210568422||de||
3263979520||3263987711||1210568422||de||
3264014080||3264014335||1210568422||de||
3264016128||3264016383||1210568422||de||
3264191488||3264191999||1210568422||de||
3264299008||3264307199||1210568422||de||
3264312832||3264313087||1210568422||de||
3264313088||3264313343||1210568422||de||
3264313856||3264314623||1210568422||de||
3264314880||3264315135||1210568422||de||
3264318976||3264319487||1210568422||de||
3264320000||3264320255||1210568422||de||
3264321024||3264321535||1210568422||de||
3264331776||3264332287||1210568422||de||
3264333824||3264334335||1210568422||de||
3264338432||3264338943||1210568422||de||
3264339968||3264340223||1210568422||de||
3264341504||3264341759||1210568422||de||
3264342016||3264342783||1210568422||de||
3264343040||3264343295||1210568422||de||
3264343808||3264344063||1210568422||de||
3264345088||3264346111||1210568422||de||
3264378368||3264378623||1210568422||de||
3264379648||3264379903||1210568422||de||
3264379904||3264380159||1210568422||de||
3264389120||3264390143||1210568422||de||
3264392192||3264393215||1210568422||de||
3264393216||3264394239||1210568422||de||
3264568320||3264568575||1210568422||de||
3264568832||3264569087||1210568422||de||
3264606464||3264606719||1210568422||de||
3264607744||3264610303||1210568422||de||
3264630784||3264631807||1210568422||de||
3264653312||3264653823||1210568422||de||
3264654336||3264654847||1210568422||de||
3264658944||3264659455||1210568422||de||
3264664064||3264664575||1210568422||de||
3264668160||3264668671||1210568422||de||
3264668672||3264669183||1210568422||de||
3264671744||3264672255||1210568422||de||
3264828160||3264828415||1210568422||de||
3264828928||3264829183||1210568422||de||
3264829184||3264829439||1210568422||de||
3264832512||3264832767||1210568422||de||
3264833536||3264834047||1210568422||de||
3264835840||3264836095||1210568422||de||
3264836608||3264836863||1210568422||de||
3264844288||3264844543||1210568422||de||
3264844544||3264844799||1210568422||de||
3264845312||3264845567||1210568422||de||
3264845568||3264845823||1210568422||de||
3264845824||3264845951||1210568422||de||
3264846592||3264846719||1210568422||de||
3264846976||3264847039||1210568422||de||
3264847872||3264849919||1210568422||de||
3264854016||3264854271||1210568422||de||
3264854272||3264854527||1210568422||de||
3264855552||3264856063||1210568422||de||
3265396736||3265404927||1210568422||de||
3265404928||3265413119||1210568422||de||
3265413120||3265421311||1210568422||de||
3265421312||3265429503||1210568422||de||
3265429504||3265462271||1210568422||de||
3265462272||3265527807||1210568422||de||
3265602304||3265602559||1210568422||de||
3265603584||3265603839||1210568422||de||
3265606400||3265606655||1210568422||de||
3265904640||3265904895||1210568422||de||
3265906176||3265906431||1210568422||de||
3265907200||3265907455||1210568422||de||
3265907712||3265907967||1210568422||de||
3265909504||3265909759||1210568422||de||
3265912320||3265912575||1210568422||de||
3265916672||3265916927||1210568422||de||
3266052096||3266117631||1210568422||de||
3266117632||3266183167||1210568422||de||
3266183168||3266248703||1210568422||de||
3266248704||3266314239||1210568422||de||
3266314240||3266322431||1210568422||de||
3266341376||3266341631||1210568422||de||
3266345216||3266345471||1210568422||de||
3266345472||3266345727||1210568422||de||
3267039232||3267040255||1210568422||de||
3267051520||3267052543||1210568422||de||
3267070976||3267071999||1210568422||de||
3267082240||3267083263||1210568422||de||
3267091456||3267092479||1210568422||de||
3267096576||3267097599||1210568422||de||
3267559424||3267624959||1210568422||de||
3268739072||3268739327||1210568422||de||
3268739584||3268739839||1210568422||de||
3268740352||3268740607||1210568422||de||
3268744192||3268744447||1210568422||de||
3268745984||3268746239||1210568422||de||
3268747008||3268747263||1210568422||de||
3269918720||3269984255||1210568422||de||
3270049792||3270115327||1210568422||de||
3270651392||3270651647||1210568422||de||
3270836224||3270901759||1210568422||de||
3270911840||3270911871||1210568422||de||
3270932992||3270933503||1210568422||de||
3271729152||3271737343||1210568422||de||
3271802880||3271803903||1210568422||de||
3271808000||3271809023||1210568422||de||
3271809024||3271810047||1210568422||de||
3271817216||3271818239||1210568422||de||
3271819264||3271884799||1210568422||de||
3271909888||3271910399||1210568422||de||
3271911424||3271911935||1210568422||de||
3271925760||3271926015||1210568422||de||
3271927808||3271928063||1210568422||de||
3271930624||3271930879||1210568422||de||
3271932672||3271932927||1210568422||de||
3271933696||3271933951||1210568422||de||
3272108032||3272108287||1210568422||de||
3272112384||3272113151||1210568422||de||
3272138752||3272146943||1210568422||de||
3272262400||3272262655||1210568422||de||
3272264448||3272264703||1210568422||de||
3272265728||3272265983||1210568422||de||
3272419328||3272420351||1210568422||de||
3272420608||3272420863||1210568422||de||
3272476672||3272476927||1210568422||de||
3272523776||3272531967||1210568422||de||
3272531968||3272540159||1210568422||de||
3272623104||3272624127||1210568422||de||
3272626176||3272627199||1210568422||de||
3272884224||3272892415||1210568422||de||
3272923136||3272923647||1210568422||de||
3272925184||3272933375||1210568422||de||
3272933376||3272998911||1210568422||de||
3273033728||3273034239||1210568422||de||
3273154560||3273162751||1210568422||de||
3273395200||3273395711||1210568422||de||
3273436672||3273437183||1210568422||de||
3273523200||3273588735||1210568422||de||
3273687040||3273719807||1210568422||de||
3273801728||3273802239||1210568422||de||
3273806336||3273806847||1210568422||de||
3273826304||3273834495||1210568422||de||
3273850880||3273867263||1210568422||de||
3273868032||3273868287||1210568422||de||
3273869312||3273871359||1210568422||de||
3273871616||3273871871||1210568422||de||
3273873152||3273873919||1210568422||de||
3273875968||3273876223||1210568422||de||
3273877248||3273877503||1210568422||de||
3273878528||3273879039||1210568422||de||
3273932800||3273949183||1210568422||de||
3273981952||3274047487||1210568422||de||
3274049536||3274050559||1210568422||de||
3274080256||3274088447||1210568422||de||
3274169344||3274169855||1210568422||de||
3274171904||3274172415||1210568422||de||
3274173952||3274174463||1210568422||de||
3274176000||3274176511||1210568422||de||
3274335232||3274335743||1210568422||de||
3274337280||3274337791||1210568422||de||
3274338816||3274339327||1210568422||de||
3274340352||3274340863||1210568422||de||
3274369024||3274370047||1210568422||de||
3274374144||3274375167||1210568422||de||
3274583040||3274584063||1210568422||de||
3274687232||3274687487||1210568422||de||
3274689536||3274689791||1210568422||de||
3274695936||3274696191||1210568422||de||
3274701312||3274701567||1210568422||de||
3274803200||3274804223||1210568422||de||
3274807296||3274808319||1210568422||de||
3274808320||3274809343||1210568422||de||
3274825728||3274827775||1210568422||de||
3274866688||3274874879||1210568422||de||
3274874880||3274883071||1210568422||de||
3274964992||3275030527||1210568422||de||
3275497472||3275505663||1210568422||de||
3275513856||3275522047||1210568422||de||
3275535360||3275535871||1210568422||de||
3275536896||3275537407||1210568422||de||
3275542528||3275543551||1210568422||de||
3275625472||3275625983||1210568422||de||
3275631616||3275632127||1210568422||de||
3275644928||3275653119||1210568422||de||
3275685888||3275751423||1210568422||de||
3275776000||3275784191||1210568422||de||
3275794432||3275794943||1210568422||de||
3275796480||3275796991||1210568422||de||
3275797504||3275798015||1210568422||de||
3275882496||3275884543||1210568422||de||
3275901440||3275901695||1210568422||de||
3275901952||3275902207||1210568422||de||
3275903488||3275903743||1210568422||de||
3275903744||3275903999||1210568422||de||
3275905536||3275905791||1210568422||de||
3275907840||3275908095||1210568422||de||
3275908608||3275908863||1210568422||de||
3275910912||3275911167||1210568422||de||
3275913472||3275913727||1210568422||de||
3275913728||3275913983||1210568422||de||
3275921920||3275922431||1210568422||de||
3276064256||3276064767||1210568422||de||
3276065792||3276066303||1210568422||de||
3276075520||3276076031||1210568422||de||
3276076544||3276077055||1210568422||de||
3276107776||3276108799||1210568422||de||
3276210176||3276275711||1210568422||de||
3276300288||3276304383||1210568422||de||
3276418048||3276419071||1210568422||de||
3276424704||3276424959||1210568422||de||
3276425472||3276425727||1210568422||de||
3276428800||3276429055||1210568422||de||
3276429056||3276429311||1210568422||de||
3276430848||3276431103||1210568422||de||
3276447744||3276455935||1210568422||de||
3276679168||3276679679||1210568422||de||
3276684800||3276685311||1210568422||de||
3276688384||3276688895||1210568422||de||
3276709888||3276718079||1210568422||de||
3276726272||3276727295||1210568422||de||
3276732416||3276733439||1210568422||de||
3276849152||3276857343||1210568422||de||
3276858880||3276859135||1210568422||de||
3276861184||3276861439||1210568422||de||
3276939264||3276947455||1210568422||de||
3276947456||3276955647||1210568422||de||
3276969984||3276970495||1210568422||de||
3276971520||3276972031||1210568422||de||
3277179392||3277179647||1210568422||de||
3277180672||3277180927||1210568422||de||
3277181440||3277181695||1210568422||de||
3277183232||3277183487||1210568422||de||
3277184000||3277184255||1210568422||de||
3277184512||3277184767||1210568422||de||
3277185536||3277185791||1210568422||de||
3277189120||3277189375||1210568422||de||
3277192704||3277192959||1210568422||de||
3277455360||3277463551||1210568422||de||
3277504512||3277512703||1210568422||de||
3277512704||3277520895||1210568422||de||
3277685248||3277685759||1210568422||de||
3277692416||3277692927||1210568422||de||
3277694464||3277694975||1210568422||de||
3277698560||3277699071||1210568422||de||
3277703168||3277703679||1210568422||de||
3277712384||3277712895||1210568422||de||
3277713920||3277714431||1210568422||de||
3277714432||3277714943||1210568422||de||
3277733888||3277742079||1210568422||de||
3277818112||3277818367||1210568422||de||
3277820416||3277820671||1210568422||de||
3277839360||3277839871||1210568422||de||
3277856768||3277864959||1210568422||de||
3278028800||3278036991||1210568422||de||
3278769664||3278770175||1210568422||de||
3278770688||3278771199||1210568422||de||
3278772736||3278773247||1210568422||de||
3278938112||3278946303||1210568422||de||
3279030784||3279031295||1210568422||de||
3279033856||3279034367||1210568422||de||
3279053312||3279053823||1210568422||de||
3279683584||3279749119||1210568422||de||
3279749120||3279814655||1210568422||de||
3279814656||3279880191||1210568422||de||
3279880192||3279945727||1210568422||de||
3279945728||3279946751||1210568422||de||
3279947776||3279948799||1210568422||de||
3279950848||3279951871||1210568422||de||
3279955968||3279958015||1210568422||de||
3279986688||3279987199||1210568422||de||
3280437248||3280453631||1210568422||de||
3280460800||3280461823||1210568422||de||
3280577280||3280577535||1210568422||de||
3280579072||3280579327||1210568422||de||
3280580864||3280581119||1210568422||de||
3280584448||3280584703||1210568422||de||
3280589312||3280589823||1210568422||de||
3280589824||3280590335||1210568422||de||
3280590848||3280591359||1210568422||de||
3280592896||3280593407||1210568422||de||
3280595456||3280595967||1210568422||de||
3280609280||3280617471||1210568422||de||
3280658176||3280658431||1210568422||de||
3280732160||3280764927||1210568422||de||
3280779264||3280780287||1210568422||de||
3280785408||3280786431||1210568422||de||
3280791552||3280792575||1210568422||de||
3280928768||3280936959||1210568422||de||
3280936960||3280945151||1210568422||de||
3280945152||3280961535||1210568422||de||
3280961536||3280994303||1210568422||de||
3280995072||3280995327||1210568422||de||
3280997888||3280998143||1210568422||de||
3280998144||3280998399||1210568422||de||
3281002240||3281002495||1210568422||de||
3281059840||3281125375||1210568422||de||
3281340928||3281341183||1210568422||de||
3281341440||3281341695||1210568422||de||
3281342464||3281343231||1210568422||de||
3281346816||3281347071||1210568422||de||
3281347328||3281347583||1210568422||de||
3281348096||3281348351||1210568422||de||
3281351936||3281352191||1210568422||de||
3281352704||3281352959||1210568422||de||
3281353216||3281353471||1210568422||de||
3281383424||3281385471||1210568422||de||
3281920000||3281928191||1210568422||de||
3281944576||3281952767||1210568422||de||
3281952768||3281960959||1210568422||de||
3281972224||3281972735||1210568422||de||
3281976320||3281976831||1210568422||de||
3282083840||3282084351||1210568422||de||
3282085888||3282086399||1210568422||de||
3282086912||3282087423||1210568422||de||
3282098176||3282099199||1210568422||de||
3282101248||3282102271||1210568422||de||
3282106368||3282107391||1210568422||de||
3282173952||3282182143||1210568422||de||
3282231296||3282239487||1210568422||de||
3282554880||3282558975||1210568422||de||
3282722816||3282731007||1210568422||de||
3282740992||3282741247||1210568422||de||
3282745600||3282745855||1210568422||de||
3282745856||3282746111||1210568422||de||
3283156992||3283173375||1210568422||de||
3283189760||3283206143||1210568422||de||
3283208192||3283208703||1210568422||de||
3283222016||3283222527||1210568422||de||
3283222528||3283230719||1210568422||de||
3283248128||3283248639||1210568422||de||
3283251200||3283251711||1210568422||de||
3283288064||3283353599||1210568422||de||
3283353600||3283419135||1210568422||de||
3283487488||3283487743||1210568422||de||
3283489280||3283489535||1210568422||de||
3283490816||3283491071||1210568422||de||
3283534848||3283535359||1210568422||de||
3283637248||3283637759||1210568422||de||
3283639296||3283639807||1210568422||de||
3283639808||3283640319||1210568422||de||
3283681280||3283746815||1210568422||de||
3283966976||3283967999||1210568422||de||
3283998720||3283999231||1210568422||de||
3284003840||3284004351||1210568422||de||
3284009472||3284009727||1210568422||de||
3284010752||3284011007||1210568422||de||
3284011264||3284011519||1210568422||de||
3284011776||3284012031||1210568422||de||
3284025344||3284033535||1210568422||de||
3284043008||3284043263||1210568422||de||
3284044288||3284044543||1210568422||de||
3284045312||3284045567||1210568422||de||
3284046080||3284046335||1210568422||de||
3284046848||3284047103||1210568422||de||
3284047360||3284047615||1210568422||de||
3284672512||3284680703||1210568422||de||
3284684800||3284685311||1210568422||de||
3284713472||3284713727||1210568422||de||
3284713984||3284714239||1210568422||de||
3284717312||3284717567||1210568422||de||
3284719360||3284719615||1210568422||de||
3284721664||3284729855||1210568422||de||
3284803584||3284811775||1210568422||de||
3284819968||3284828159||1210568422||de||
3284860928||3284926463||1210568422||de||
3285082112||3285084159||1210568422||de||
3285090304||3285098495||1210568422||de||
3285334528||3285335039||1210568422||de||
3285335040||3285335551||1210568422||de||
3285385216||3285450751||1210568422||de||
3285581824||3285598207||1210568422||de||
3285598208||3285614591||1210568422||de||
3285643264||3285645311||1210568422||de||
3285763584||3285764095||1210568422||de||
3285766144||3285766655||1210568422||de||
3285769216||3285769727||1210568422||de||
3286155264||3286163455||1210568422||de||
3286163456||3286171647||1210568422||de||
3286311424||3286311935||1210568422||de||
3286315520||3286316031||1210568422||de||
3286329344||3286330367||1210568422||de||
3286341632||3286342655||1210568422||de||
3286352896||3286353919||1210568422||de||
3286355968||3286356991||1210568422||de||
3286364160||3286365183||1210568422||de||
3286384640||3286392831||1210568422||de||
3286392832||3286401023||1210568422||de||
3286409216||3286417407||1210568422||de||
3286433792||3286499327||1210568422||de||
3286658048||3286658303||1210568422||de||
3286659584||3286659839||1210568422||de||
3286660096||3286660351||1210568422||de||
3286662144||3286662399||1210568422||de||
3286794240||3286827007||1210568422||de||
3286827008||3286892543||1210568422||de||
3286900992||3286901247||1210568422||de||
3286901248||3286901503||1210568422||de||
3286904064||3286904319||1210568422||de||
3286905344||3286905599||1210568422||de||
3286913024||3286913535||1210568422||de||
3286913536||3286914047||1210568422||de||
3286915072||3286916095||1210568422||de||
3286916096||3286917119||1210568422||de||
3286925312||3286925567||1210568422||de||
3286926592||3286926847||1210568422||de||
3286927360||3286927615||1210568422||de||
3286928128||3286928383||1210568422||de||
3286929152||3286929407||1210568422||de||
3286930688||3286930943||1210568422||de||
3286932736||3286932991||1210568422||de||
3286939392||3286939647||1210568422||de||
3287162880||3287171071||1210568422||de||
3287172096||3287172607||1210568422||de||
3287187456||3287195647||1210568422||de||
3287195648||3287196671||1210568422||de||
3287212032||3287212287||1210568422||de||
3287214336||3287214591||1210568422||de||
3287214592||3287214847||1210568422||de||
3287215616||3287215871||1210568422||de||
3287433728||3287434239||1210568422||de||
3287437824||3287438335||1210568422||de||
3287441408||3287441919||1210568422||de||
3287442944||3287443455||1210568422||de||
3287443456||3287443967||1210568422||de||
3287444992||3287445503||1210568422||de||
3287449600||3287450111||1210568422||de||
3287469056||3287470079||1210568422||de||
3287470080||3287471103||1210568422||de||
3287474176||3287475199||1210568422||de||
3287475200||3287476223||1210568422||de||
3287482368||3287547903||1210568422||de||
3287547904||3287548415||1210568422||de||
3287548416||3287548927||1210568422||de||
3287550464||3287550975||1210568422||de||
3287572480||3287580671||1210568422||de||
3287605248||3287613439||1210568422||de||
3287613440||3287629823||1210568422||de||
3287629824||3287630335||1210568422||de||
3287631360||3287631871||1210568422||de||
3287635456||3287635967||1210568422||de||
3287638528||3287639039||1210568422||de||
3287640064||3287640575||1210568422||de||
3287644672||3287645183||1210568422||de||
3287662592||3287662847||1210568422||de||
3287665920||3287666175||1210568422||de||
3287673856||3287674111||1210568422||de||
3287674368||3287674623||1210568422||de||
3287675648||3287675903||1210568422||de||
3287676160||3287676415||1210568422||de||
3287719936||3287728127||1210568422||de||
3287730688||3287731199||1210568422||de||
3287731200||3287732223||1210568422||de||
3287738880||3287739391||1210568422||de||
3287744512||3287810047||1210568422||de||
3287827200||3287827455||1210568422||de||
3287828224||3287828479||1210568422||de||
3287828992||3287829247||1210568422||de||
3287832320||3287832575||1210568422||de||
3287832832||3287833087||1210568422||de||
3287842816||3287851007||1210568422||de||
3287874560||3287875071||1210568422||de||
3287950080||3287950335||1210568422||de||
3287950848||3287951103||1210568422||de||
3287953408||3287953663||1210568422||de||
3287953920||3287954175||1210568422||de||
3287955712||3287955967||1210568422||de||
3288104960||3288113151||1210568422||de||
3288113152||3288121343||1210568422||de||
3288121344||3288137727||1210568422||de||
3288137728||3288203263||1210568422||de||
3288203264||3288211455||1210568422||de||
3288211456||3288219647||1210568422||de||
3288219648||3288236031||1210568422||de||
3288240640||3288241151||1210568422||de||
3333480192||3333481471||1210568422||de||
3345435392||3345436159||1210568422||de||
3345436160||3345436671||1210568422||de||
3345440000||3345440255||1210568422||de||
3345441024||3345441791||1210568422||de||
3345443584||3345443839||1210568422||de||
3427762176||3427762431||1210568422||de||
3427767040||3427767295||1210568422||de||
3427767296||3427767551||1210568422||de||
3427767552||3427767807||1210568422||de||
3427772416||3427772671||1210568422||de||
3427773184||3427773439||1210568422||de||
3427774720||3427775231||1210568422||de||
3427777280||3427777535||1210568422||de||
3427789568||3427790079||1210568422||de||
3427791104||3427791615||1210568422||de||
3432660992||3432663039||1210568422||de||
3437749248||3437749503||1210568422||de||
3556769792||3556786175||1210568422||de||
3556843520||3556851711||1210568422||de||
3556909056||3556917247||1210568422||de||
3556917248||3556925439||1210568422||de||
3557015552||3557023743||1210568422||de||
3557072896||3557081087||1210568422||de||
3557089280||3557097471||1210568422||de||
3557097472||3557105663||1210568422||de||
3557105664||3557113855||1210568422||de||
3557179392||3557187583||1210568422||de||
3557187584||3557195775||1210568422||de||
3557195776||3557228543||1210568422||de||
3557261312||3557269503||1210568422||de||
3557269504||3557277695||1210568422||de||
3557294080||3557302271||1210568422||de||
3557326848||3557335039||1210568422||de||
3557343232||3557351423||1210568422||de||
3557367808||3557375999||1210568422||de||
3557400576||3557408767||1210568422||de||
3557548032||3557556223||1210568422||de||
3557564416||3557572607||1210568422||de||
3557580800||3557588991||1210568422||de||
3557703680||3557711871||1210568422||de||
3557801984||3557810175||1210568422||de||
3557875712||3557883903||1210568422||de||
3557941248||3557949439||1210568422||de||
3557949440||3557957631||1210568422||de||
3557965824||3557974015||1210568422||de||
3557998592||3558006783||1210568422||de||
3558023168||3558031359||1210568422||de||
3558121472||3558129663||1210568422||de||
3558154240||3558162431||1210568422||de||
3558162432||3558170623||1210568422||de||
3558187008||3558195199||1210568422||de||
3558301696||3558309887||1210568422||de||
3558309888||3558318079||1210568422||de||
3558572032||3558580223||1210568422||de||
3558612992||3558621183||1210568422||de||
3558629376||3558637567||1210568422||de||
3558670336||3558678527||1210568422||de||
3558678528||3558686719||1210568422||de||
3559014400||3559022591||1210568422||de||
3559038976||3559047167||1210568422||de||
3559186432||3559194623||1210568422||de||
3559202816||3559211007||1210568422||de||
3559260160||3559268351||1210568422||de||
3559432192||3559440383||1210568422||de||
3559579648||3559587839||1210568422||de||
3559604224||3559612415||1210568422||de||
3559694336||3559702527||1210568422||de||
3559702528||3559710719||1210568422||de||
3559809024||3559817215||1210568422||de||
3559940096||3559948287||1210568422||de||
3560112128||3560120319||1210568422||de||
3560235008||3560243199||1210568422||de||
3560275968||3560284159||1210568422||de||
3560284160||3560292351||1210568422||de||
3560292352||3560308735||1210568422||de||
3560587264||3560595455||1210568422||de||
3560644608||3560652799||1210568422||de||
3560701952||3560710143||1210568422||de||
3560734720||3560742911||1210568422||de||
3560751104||3560767487||1210568422||de||
3560849408||3560857599||1210568422||de||
3560882176||3560890367||1210568422||de||
3560906752||3560914943||1210568422||de||
3560914944||3560923135||1210568422||de||
3560931328||3560939519||1210568422||de||
3560939520||3560947711||1210568422||de||
3561021440||3561029631||1210568422||de||
3561029632||3561037823||1210568422||de||
3561054208||3561062399||1210568422||de||
3561095168||3561103359||1210568422||de||
3561127936||3561136127||1210568422||de||
3561242624||3561250815||1210568422||de||
3561250816||3561259007||1210568422||de||
3561332736||3561340927||1210568422||de||
3561472000||3561480191||1210568422||de||
3561504768||3561512959||1210568422||de||
3561529344||3561537535||1210568422||de||
3561693184||3561701375||1210568422||de||
3561783296||3561791487||1210568422||de||
3561799680||3561807871||1210568422||de||
3561857024||3561865215||1210568422||de||
3561873408||3561881599||1210568422||de||
3561906176||3561914367||1210568422||de||
3561930752||3561938943||1210568422||de||
3561947136||3561963519||1210568422||de||
3561988096||3561996287||1210568422||de||
3561996288||3562004479||1210568422||de||
3562070016||3562078207||1210568422||de||
3562151936||3562160127||1210568422||de||
3562184704||3562192895||1210568422||de||
3562201088||3562209279||1210568422||de||
3562291200||3562299391||1210568422||de||
3562323968||3562340351||1210568422||de||
3562414080||3562422271||1210568422||de||
3562438656||3562446847||1210568422||de||
3562446848||3562455039||1210568422||de||
3562455040||3562463231||1210568422||de||
3562479616||3562487807||1210568422||de||
3562504192||3562512383||1210568422||de||
3562569728||3562577919||1210568422||de||
3562586112||3562594303||1210568422||de||
3562627072||3562635263||1210568422||de||
3562635264||3562643455||1210568422||de||
3562651648||3562659839||1210568422||de||
3562700800||3562708991||1210568422||de||
3562790912||3562799103||1210568422||de||
3562864640||3562872831||1210568422||de||
3562987520||3562995711||1210568422||de||
3563020288||3563028479||1210568422||de||
3563069440||3563077631||1210568422||de||
3563094016||3563102207||1210568422||de||
3563118592||3563126783||1210568422||de||
3563151360||3563159551||1210568422||de||
3563290624||3563307007||1210568422||de||
3563307008||3563315199||1210568422||de||
3563331584||3563339775||1210568422||de||
3563397120||3563405311||1210568422||de||
3563438080||3563446271||1210568422||de||
3563495424||3563503615||1210568422||de||
3563511808||3563519999||1210568422||de||
3563528192||3563536383||1210568422||de||
3563544576||3563552767||1210568422||de||
3563700224||3563708415||1210568422||de||
3563823104||3563831295||1210568422||de||
3563888640||3563896831||1210568422||de||
3564003328||3564011519||1210568422||de||
3564027904||3564036095||1210568422||de||
3564036096||3564044287||1210568422||de||
3564101632||3564109823||1210568422||de||
3564158976||3564167167||1210568422||de||
3564167168||3564175359||1210568422||de||
3564232704||3564240895||1210568422||de||
3564249088||3564257279||1210568422||de||
3564257280||3564265471||1210568422||de||
3564273664||3564281855||1210568422||de||
3564281856||3564290047||1210568422||de||
3564290048||3564306431||1210568422||de||
3564371968||3564380159||1210568422||de||
3564453888||3564462079||1210568422||de||
3564544000||3564552191||1210568422||de||
3564552192||3564560383||1210568422||de||
3564773376||3564781567||1210568422||de||
3564797952||3564806143||1210568422||de||
3564838912||3564847103||1210568422||de||
3564855296||3564863487||1210568422||de||
3564904448||3564912639||1210568422||de||
3564969984||3564978175||1210568422||de||
3564986368||3564994559||1210568422||de||
3565076480||3565084671||1210568422||de||
3565101056||3565109247||1210568422||de||
3566206976||3566272511||1210568422||de||
3566534656||3566551039||1210568422||de||
3567779840||3567845375||1210568422||de||
3567878144||3567910911||1210568422||de||
3568041984||3568107519||1210568422||de||
3568828416||3568893951||1210568422||de||
3568893952||3568959487||1210568422||de||
3569942528||3570008063||1210568422||de||
3570008064||3570073599||1210568422||de||
3570139136||3570147327||1210568422||de||
3570147328||3570155519||1210568422||de||
3570155520||3570171903||1210568422||de||
3570630656||3570663423||1210568422||de||
3571056640||3571122175||1210568422||de||
3571286016||3571318783||1210568422||de||
3571318784||3571351551||1210568422||de||
3571351552||3571384319||1210568422||de||
3571384320||3571449855||1210568422||de||
3571449856||3571466239||1210568422||de||
3571466240||3571482623||1210568422||de||
3571646464||3571711999||1210568422||de||
3573481472||3573547007||1210568422||de||
3574136832||3574169599||1210568422||de||
3574857728||3574923263||1210568422||de||
3575054336||3575087103||1210568422||de||
3575087104||3575119871||1210568422||de||
3575562240||3575578623||1210568422||de||
3576135680||3576168447||1210568422||de||
3577085952||3577151487||1210568422||de||
3578003456||3578068991||1210568422||de||
3578068992||3578134527||1210568422||de||
3578134528||3578265599||1210568422||de||
3578347520||3578363903||1210568422||de||
3578986496||3579002879||1210568422||de||
3579772928||3579838463||1210568422||de||
3581952000||3581960191||1210568422||de||
3581960192||3581968383||1210568422||de||
3581968384||3581976575||1210568422||de||
3582181376||3582189567||1210568422||de||
3582189568||3582197759||1210568422||de||
3582287872||3582296063||1210568422||de||
3582394368||3582402559||1210568422||de||
3582443520||3582451711||1210568422||de||
3582476288||3582484479||1210568422||de||
3582574592||3582582783||1210568422||de||
3582599168||3582607359||1210568422||de||
3582672896||3582681087||1210568422||de||
3582689280||3582697471||1210568422||de||
3582967808||3582975999||1210568422||de||
3582984192||3582992383||1210568422||de||
3583066112||3583074303||1210568422||de||
3583139840||3583148031||1210568422||de||
3583172608||3583180799||1210568422||de||
3583180800||3583188991||1210568422||de||
3583279104||3583287295||1210568422||de||
3583328256||3583336447||1210568422||de||
3583590400||3583598591||1210568422||de||
3583721472||3583729663||1210568422||de||
3583811584||3583819775||1210568422||de||
3583836160||3583844351||1210568422||de||
3583926272||3583934463||1210568422||de||
3584032768||3584040959||1210568422||de||
3584049152||3584057343||1210568422||de||
3584311296||3584319487||1210568422||de||
3584327680||3584335871||1210568422||de||
3584376832||3584385023||1210568422||de||
3584483328||3584491519||1210568422||de||
3584532480||3584540671||1210568422||de||
3584573440||3584581631||1210568422||de||
3584581632||3584589823||1210568422||de||
3584606208||3584614399||1210568422||de||
3584729088||3584737279||1210568422||de||
3584843776||3584851967||1210568422||de||
3584884736||3584892927||1210568422||de||
3584958464||3584966655||1210568422||de||
3585130496||3585138687||1210568422||de||
3585212416||3585220607||1210568422||de||
3585228800||3585236991||1210568422||de||
3585253376||3585261567||1210568422||de||
3585294336||3585302527||1210568422||de||
3585310720||3585318911||1210568422||de||
3585327104||3585335295||1210568422||de||
3585474560||3585482751||1210568422||de||
3585499136||3585507327||1210568422||de||
3585507328||3585515519||1210568422||de||
3585540096||3585548287||1210568422||de||
3585556480||3585564671||1210568422||de||
3585581056||3585589247||1210568422||de||
3585589248||3585597439||1210568422||de||
3585687552||3585695743||1210568422||de||
3585703936||3585712127||1210568422||de||
3585802240||3585810431||1210568422||de||
3585818624||3585826815||1210568422||de||
3585859584||3585867775||1210568422||de||
3585892352||3585900543||1210568422||de||
3586072576||3586080767||1210568422||de||
3586080768||3586088959||1210568422||de||
3586195456||3586203647||1210568422||de||
3586441216||3586457599||1210568422||de||
3586523136||3586531327||1210568422||de||
3586531328||3586539519||1210568422||de||
3586539520||3586555903||1210568422||de||
3586834432||3586850815||1210568422||de||
3586899968||3586916351||1210568422||de||
3587088384||3587096575||1210568422||de||
3587186688||3587194879||1210568422||de||
3587260416||3587276799||1210568422||de||
3587276800||3587284991||1210568422||de||
3587424256||3587440639||1210568422||de||
3587571712||3587579903||1210568422||de||
3587702784||3587710975||1210568422||de||
3587768320||3587776511||1210568422||de||
3587784704||3587801087||1210568422||de||
3587833856||3587842047||1210568422||de||
3587874816||3587883007||1210568422||de||
3587997696||3588014079||1210568422||de||
3588046848||3588063231||1210568422||de||
3589152768||3589160959||1210568422||de||
3589259264||3589275647||1210568422||de||
3589308416||3589316607||1210568422||de||
3589316608||3589324799||1210568422||de||
3589373952||3589390335||1210568422||de||
3589545984||3589554175||1210568422||de||
3590062080||3590070271||1210568422||de||
3590070272||3590078463||1210568422||de||
3590094848||3590111231||1210568422||de||
3590201344||3590209535||1210568422||de||
3640655872||3641180159||1210568422||de||
3641192448||3641196543||1210568422||de||
3641249792||3641253887||1210568422||de||
3641253888||3641257983||1210568422||de||
3641257984||3641262079||1210568422||de||
3641270272||3641274367||1210568422||de||
3641274368||3641278463||1210568422||de||
3641311232||3641315327||1210568422||de||
3641323520||3641327615||1210568422||de||
3641327616||3641331711||1210568422||de||
3641389056||3641393151||1210568422||de||
3641425920||3641430015||1210568422||de||
3641499648||3641503743||1210568422||de||
3641524224||3641528319||1210568422||de||
3641548800||3641552895||1210568422||de||
3641556992||3641561087||1210568422||de||
3641602048||3641606143||1210568422||de||
3641610240||3641614335||1210568422||de||
3641614336||3641618431||1210568422||de||
3641696256||3641700351||1210568422||de||
3641745408||3641749503||1210568422||de||
3641774080||3641778175||1210568422||de||
3641819136||3641823231||1210568422||de||
3641880576||3641884671||1210568422||de||
3641942016||3641946111||1210568422||de||
3641946112||3641950207||1210568422||de||
3641995264||3641999359||1210568422||de||
3642003456||3642007551||1210568422||de||
3642081280||3642085375||1210568422||de||
3642130432||3642134527||1210568422||de||
3642146816||3642150911||1210568422||de||
3642175488||3642179583||1210568422||de||
3642228736||3642232831||1210568422||de||
3642241024||3642245119||1210568422||de||
3642253312||3642257407||1210568422||de||
3642277888||3642281983||1210568422||de||
3642281984||3642286079||1210568422||de||
3642286080||3642290175||1210568422||de||
3642310656||3642314751||1210568422||de||
3642327040||3642331135||1210568422||de||
3642425344||3642429439||1210568422||de||
3642458112||3642462207||1210568422||de||
3642474496||3642478591||1210568422||de||
3642515456||3642519551||1210568422||de||
3642548224||3642552319||1210568422||de||
3642556416||3642560511||1210568422||de||
3642564608||3642568703||1210568422||de||
3642580992||3642585087||1210568422||de||
3642634240||3642638335||1210568422||de||
3642679296||3642683391||1210568422||de||
3642691584||3642695679||1210568422||de||
3642707968||3642712063||1210568422||de||
3642740736||3642744831||1210568422||de||
3643801600||3644063743||1210568422||de||
3644866560||3644870655||1210568422||de||
3644870656||3644874751||1210568422||de||
3644891136||3644895231||1210568422||de||
3644919808||3644923903||1210568422||de||
3644948480||3644952575||1210568422||de||
3644960768||3644964863||1210568422||de||
3644989440||3644993535||1210568422||de||
3644993536||3644997631||1210568422||de||
3645014016||3645018111||1210568422||de||
3645054976||3645059071||1210568422||de||
3645071360||3645075455||1210568422||de||
3645112320||3645116415||1210568422||de||
3645149184||3645153279||1210568422||de||
3645153280||3645157375||1210568422||de||
3645157376||3645161471||1210568422||de||
3645161472||3645165567||1210568422||de||
3645194240||3645198335||1210568422||de||
3645198336||3645202431||1210568422||de||
3645210624||3645214719||1210568422||de||
3645218816||3645222911||1210568422||de||
3645235200||3645239295||1210568422||de||
3645239296||3645243391||1210568422||de||
3645276160||3645280255||1210568422||de||
3645284352||3645288447||1210568422||de||
3645292544||3645296639||1210568422||de||
3645403136||3645407231||1210568422||de||
3645407232||3645411327||1210568422||de||
3645423616||3645427711||1210568422||de||
3645427712||3645431807||1210568422||de||
3645448192||3645452287||1210568422||de||
3645452288||3645456383||1210568422||de||
3645476864||3645480959||1210568422||de||
3645505536||3645509631||1210568422||de||
3645550592||3645554687||1210568422||de||
3645554688||3645558783||1210568422||de||
3645661184||3645665279||1210568422||de||
3645763584||3645767679||1210568422||de||
3645800448||3645804543||1210568422||de||
3645808640||3645812735||1210568422||de||
3645833216||3645837311||1210568422||de||
3645878272||3645882367||1210568422||de||
3645886464||3645890559||1210568422||de||
3645890560||3645894655||1210568422||de||
3645898752||3646947327||1210568422||de||
3648032768||3648036863||1210568422||de||
3648069632||3648073727||1210568422||de||
3648106496||3648110591||1210568422||de||
3648143360||3648147455||1210568422||de||
3648180224||3648184319||1210568422||de||
3648208896||3648212991||1210568422||de||
3648225280||3648229375||1210568422||de||
3648229376||3648233471||1210568422||de||
3648286720||3648290815||1210568422||de||
3648348160||3648352255||1210568422||de||
3648393216||3648397311||1210568422||de||
3648466944||3648471039||1210568422||de||
3648479232||3648483327||1210568422||de||
3648503808||3648507903||1210568422||de||
3648507904||3648511999||1210568422||de||
3649847296||3649855487||1210568422||de||
3650101248||3650105343||1210568422||de||
3650183168||3650187263||1210568422||de||
3650191360||3650195455||1210568422||de||
3650256896||3650260991||1210568422||de||
3650260992||3650265087||1210568422||de||
3650306048||3650310143||1210568422||de||
3650314240||3650318335||1210568422||de||
3650387968||3650392063||1210568422||de||
3650523136||3650527231||1210568422||de||
3650572288||3650576383||1210568422||de||
3650588672||3650592767||1210568422||de||
3650605056||3650609151||1210568422||de||
3650609152||3650613247||1210568422||de||
3650613248||3650617343||1210568422||de||
3651076096||3651108863||1210568422||de||
3651141632||3651207167||1210568422||de||
3651821568||3651825663||1210568422||de||
3651891200||3651895295||1210568422||de||
3651907584||3651911679||1210568422||de||
3651911680||3651915775||1210568422||de||
3651936256||3651940351||1210568422||de||
3651940352||3651944447||1210568422||de||
3651969024||3651973119||1210568422||de||
3651973120||3651977215||1210568422||de||
3652026368||3652030463||1210568422||de||
3652030464||3652034559||1210568422||de||
3652124672||3652128767||1210568422||de||
3652149248||3652153343||1210568422||de||
3652182016||3652186111||1210568422||de||
3652186112||3652190207||1210568422||de||
3652714496||3653238783||1210568422||de||
3653378048||3653382143||1210568422||de||
3653386240||3653390335||1210568422||de||
3653427200||3653431295||1210568422||de||
3653435392||3653439487||1210568422||de||
3653443584||3653447679||1210568422||de||
3653550080||3653554175||1210568422||de||
3653566464||3653570559||1210568422||de||
3653586944||3653591039||1210568422||de||
3653623808||3653627903||1210568422||de||
3653648384||3653652479||1210568422||de||
3653693440||3653697535||1210568422||de||
3653713920||3653718015||1210568422||de||
3655335936||3657433087||1210568422||de||
