--||--||--||gt||Guatemala
2833907712||2833973247||1210568422||gt||
3187720192||3187728383||1210568422||gt||
3187933184||3187941375||1210568422||gt||
3187941376||3187949567||1210568422||gt||
3188621312||3188625407||1210568422||gt||
3191341056||3191373823||1210568422||gt||
3191373824||3191406591||1210568422||gt||
3194159104||3194167295||1210568422||gt||
3231088128||3231088383||1210568422||gt||
3234838272||3234838527||1210568422||gt||
3355488256||3355488767||1210568422||gt||
3355547904||3355548159||1210568422||gt||
3355885568||3355893759||1210568422||gt||
3355893760||3355901951||1210568422||gt||
3356051968||3356052223||1210568422||gt||
3356098304||3356098559||1210568422||gt||
3356160256||3356160511||1210568422||gt||
3356237824||3356246015||1210568422||gt||
3357442048||3357450239||1210568422||gt||
3357450240||3357454335||1210568422||gt||
3357454336||3357458431||1210568422||gt||
3357777920||3357782015||1210568422||gt||
3357782016||3357786111||1210568422||gt||
3358695424||3358699519||1210568422||gt||
3358699520||3358703615||1210568422||gt||
3362510848||3362512895||1210568422||gt||
3362703360||3362705407||1210568422||gt||
3362713600||3362717695||1210568422||gt||
3363274752||3363282943||1210568422||gt||
3363680256||3363682303||1210568422||gt||
3386408960||3386417151||1210568422||gt||
3386417152||3386425343||1210568422||gt||
3638984704||3638992895||1210568422||gt||
