--||--||--||hu||Hungary
1044684800||1044692991||1210568422||hu||
1045266432||1045274623||1210568422||hu||
1045282816||1045299199||1210568422||hu||
1046798336||1046806527||1210568422||hu||
1047576576||1047584767||1210568422||hu||
1051049984||1051066367||1210568422||hu||
1053376512||1053392895||1210568422||hu||
1299087360||1299103743||1210568422||hu||
1299136512||1299152895||1210568422||hu||
1299152896||1299169279||1210568422||hu||
1306337280||1306345471||1210568422||hu||
1307197440||1307205631||1210568422||hu||
1307742208||1307746303||1210568422||hu||
1307824128||1307828223||1210568422||hu||
1310212096||1310214143||1210568422||hu||
1310242816||1310244863||1210568422||hu||
1314652160||1314717695||1210568422||hu||
1315704832||1315708927||1210568422||hu||
1317208064||1317240831||1210568422||hu||
1317732352||1317748735||1210568422||hu||
1333297152||1333329919||1210568422||hu||
1333329920||1333362687||1210568422||hu||
1333395456||1333428223||1210568422||hu||
1336639488||1336641535||1210568422||hu||
1336641536||1336643583||1210568422||hu||
1336721408||1336737791||1210568422||hu||
1346387968||1346392063||1210568422||hu||
1347149824||1347153919||1210568422||hu||
1347252224||1347256319||1210568422||hu||
1347760128||1347764223||1210568422||hu||
1348419584||1348423679||1210568422||hu||
1348423680||1348427775||1210568422||hu||
1348599808||1348730879||1210568422||hu||
1358192640||1358196735||1210568422||hu||
1358536704||1358540799||1210568422||hu||
1358704640||1358708735||1210568422||hu||
1358802944||1358807039||1210568422||hu||
1358970880||1358987263||1210568422||hu||
1360052224||1360056319||1210568422||hu||
1360113664||1360117759||1210568422||hu||
1360441344||1360445439||1210568422||hu||
1365098496||1365102591||1210568422||hu||
1365176320||1365180415||1210568422||hu||
1369473024||1369505791||1210568422||hu||
1370882048||1371013119||1210568422||hu||
1384349696||1384382463||1210568422||hu||
1385005056||1385021439||1210568422||hu||
1385209856||1385218047||1210568422||hu||
1385570304||1385578495||1210568422||hu||
1406672896||1406681087||1210568422||hu||
1409286144||1409548287||1210568422||hu||
1410662400||1410670591||1210568422||hu||
1422786560||1422852095||1210568422||hu||
1423966208||1424097279||1210568422||hu||
1424752640||1424785407||1210568422||hu||
1430388736||1430519807||1210568422||hu||
1432002560||1432010751||1210568422||hu||
1433864192||1433866239||1210568422||hu||
1436495872||1436497919||1210568422||hu||
1441677312||1441685503||1210568422||hu||
1449459712||1449525247||1210568422||hu||
1450000384||1450008575||1210568422||hu||
1465974784||1466007551||1210568422||hu||
1466265600||1466269695||1210568422||hu||
1474625536||1474658303||1210568422||hu||
1475477504||1475493887||1210568422||hu||
1482153984||1482162175||1210568422||hu||
1485045760||1485111295||1210568422||hu||
1486313472||1486315519||1210568422||hu||
1486315520||1486317567||1210568422||hu||
1490124800||1490141183||1210568422||hu||
1490141184||1490157567||1210568422||hu||
1501822976||1502085119||1210568422||hu||
1502822400||1502838783||1210568422||hu||
1502887936||1502904319||1210568422||hu||
1505386496||1505394687||1210568422||hu||
1505583104||1505591295||1210568422||hu||
1507819520||1507852287||1210568422||hu||
1509629952||1509634047||1210568422||hu||
1532100608||1532231679||1210568422||hu||
1534590976||1534656511||1210568422||hu||
1535602688||1535606783||1210568422||hu||
1535737856||1535770623||1210568422||hu||
1535836160||1535868927||1210568422||hu||
1536180224||1536196607||1210568422||hu||
1536327680||1536344063||1210568422||hu||
1536409600||1536425983||1210568422||hu||
1539225600||1539227647||1210568422||hu||
1539600384||1539601407||1210568422||hu||
1539704576||1539704831||1210568422||hu||
1539736320||1539736575||1210568422||hu||
1539753472||1539753727||1210568422||hu||
1539776512||1539776767||1210568422||hu||
1539781632||1539781887||1210568422||hu||
1539786752||1539787007||1210568422||hu||
1539798016||1539798271||1210568422||hu||
1539808000||1539808255||1210568422||hu||
1539824640||1539824895||1210568422||hu||
1546373120||1546375167||1210568422||hu||
1546960896||1546977279||1210568422||hu||
1547526144||1547530239||1210568422||hu||
1547530240||1547534335||1210568422||hu||
1547694080||1547698175||1210568422||hu||
1559576576||1559584767||1210568422||hu||
1559855104||1559887871||1210568422||hu||
1566154752||1566158847||1210568422||hu||
1566171136||1566175231||1210568422||hu||
1566324736||1566326783||1210568422||hu||
1566388224||1566390271||1210568422||hu||
1572696064||1572698111||1210568422||hu||
3238060544||3238060799||1210568422||hu||
3238395904||3238461439||1210568422||hu||
3239161600||3239161855||1210568422||hu||
3239714560||3239714815||1210568422||hu||
3239859712||3239859967||1210568422||hu||
3239896832||3239897087||1210568422||hu||
3239915776||3239916031||1210568422||hu||
3239954432||3239954687||1210568422||hu||
3240010752||3240011007||1210568422||hu||
3240199168||3240199679||1210568422||hu||
3240247296||3240248319||1210568422||hu||
3240812032||3240812287||1210568422||hu||
3242467328||3242475519||1210568422||hu||
3243982848||3243991039||1210568422||hu||
3245210624||3245211135||1210568422||hu||
3245225984||3245228031||1210568422||hu||
3245334528||3245334783||1210568422||hu||
3247078656||3247078911||1210568422||hu||
3247079168||3247079423||1210568422||hu||
3247345920||3247346175||1210568422||hu||
3247347968||3247348223||1210568422||hu||
3247362304||3247362559||1210568422||hu||
3247363584||3247363839||1210568422||hu||
3247928320||3247929343||1210568422||hu||
3249711104||3249711359||1210568422||hu||
3250200576||3250200831||1210568422||hu||
3250358528||3250358783||1210568422||hu||
3250359296||3250359807||1210568422||hu||
3250372608||3250373375||1210568422||hu||
3250757376||3250757631||1210568422||hu||
3251144704||3251144959||1210568422||hu||
3251148800||3251149055||1210568422||hu||
3251319808||3251320831||1210568422||hu||
3252314624||3252314879||1210568422||hu||
3252682752||3252748287||1210568422||hu||
3252748288||3252813823||1210568422||hu||
3252862976||3252879359||1210568422||hu||
3252912384||3252912639||1210568422||hu||
3252929536||3252930559||1210568422||hu||
3253703680||3253704191||1210568422||hu||
3253970688||3253970943||1210568422||hu||
3254821888||3254822143||1210568422||hu||
3256989696||3256989951||1210568422||hu||
3257294848||3257303039||1210568422||hu||
3258082560||3258082815||1210568422||hu||
3260555264||3260563455||1210568422||hu||
3260580352||3260580863||1210568422||hu||
3262041088||3262041343||1210568422||hu||
3262460928||3262461055||1210568422||hu||
3264004096||3264012287||1210568422||hu||
3264018432||3264018687||1210568422||hu||
3264208896||3264217087||1210568422||hu||
3264322560||3264322815||1210568422||hu||
3264544768||3264552959||1210568422||hu||
3264552960||3264561151||1210568422||hu||
3264774144||3264782335||1210568422||hu||
3266371584||3266379775||1210568422||hu||
3270927872||3270928127||1210568422||hu||
3271930112||3271930367||1210568422||hu||
3272089600||3272097791||1210568422||hu||
3274072064||3274080255||1210568422||hu||
3275227136||3275292671||1210568422||hu||
3276152832||3276161023||1210568422||hu||
3278774272||3278782463||1210568422||hu||
3278831616||3278897151||1210568422||hu||
3280005120||3280005631||1210568422||hu||
3280999424||3280999679||1210568422||hu||
3282741760||3282742015||1210568422||hu||
3282745088||3282745343||1210568422||hu||
3282745344||3282745599||1210568422||hu||
3283615744||3283623935||1210568422||hu||
3283656704||3283664895||1210568422||hu||
3284047872||3284048127||1210568422||hu||
3284598784||3284664319||1210568422||hu||
3284716544||3284716799||1210568422||hu||
3286499328||3286564863||1210568422||hu||
3286657536||3286657791||1210568422||hu||
3287729920||3287730175||1210568422||hu||
3287834368||3287834623||1210568422||hu||
3287951104||3287951359||1210568422||hu||
3557851136||3557859327||1210568422||hu||
3558383616||3558391807||1210568422||hu||
3559407616||3559415807||1210568422||hu||
3559415808||3559423999||1210568422||hu||
3560128512||3560144895||1210568422||hu||
3560218624||3560226815||1210568422||hu||
3562799104||3562807295||1210568422||hu||
3563126784||3563134975||1210568422||hu||
3563708416||3563716607||1210568422||hu||
3563896832||3563913215||1210568422||hu||
3574611968||3574628351||1210568422||hu||
3582328832||3582337023||1210568422||hu||
3583860736||3583868927||1210568422||hu||
3584229376||3584237567||1210568422||hu||
3584237568||3584245759||1210568422||hu||
3585236992||3585245183||1210568422||hu||
3585458176||3585466367||1210568422||hu||
3586473984||3586490367||1210568422||hu||
3588128768||3588145151||1210568422||hu||
3590176768||3590193151||1210568422||hu||
3641516032||3641520127||1210568422||hu||
3641999360||3642003455||1210568422||hu||
3642216448||3642220543||1210568422||hu||
3642478592||3642482687||1210568422||hu||
3644940288||3644944383||1210568422||hu||
3644944384||3644948479||1210568422||hu||
3645865984||3645870079||1210568422||hu||
3648073728||3648077823||1210568422||hu||
3648266240||3648270335||1210568422||hu||
3650519040||3650523135||1210568422||hu||
3652001792||3652005887||1210568422||hu||
3653410816||3653414911||1210568422||hu||
3653533696||3653537791||1210568422||hu||
3653611520||3653615615||1210568422||hu||
