--||--||--||is||Iceland
1049722880||1049731071||1210568422||is||
1311307776||1311309823||1210568422||is||
1334239232||1334247423||1210568422||is||
1336631296||1336633343||1210568422||is||
1358434304||1358438399||1210568422||is||
1359937536||1359970303||1210568422||is||
1383088128||1383096319||1210568422||is||
1385447424||1385455615||1210568422||is||
1390215168||1390280703||1210568422||is||
1403846656||1403863039||1210568422||is||
1433681920||1433690111||1210568422||is||
1439023104||1439039487||1210568422||is||
1440481280||1440514047||1210568422||is||
1475158016||1475160063||1210568422||is||
1486159872||1486192639||1210568422||is||
1486303232||1486305279||1210568422||is||
1500020736||1500028927||1210568422||is||
1503690752||1503723519||1210568422||is||
1539802624||1539802879||1210568422||is||
1546371072||1546373119||1210568422||is||
1566525440||1566527487||1210568422||is||
1566564352||1566566399||1210568422||is||
3238264832||3238330367||1210568422||is||
3245150208||3245154303||1210568422||is||
3261718528||3261726719||1210568422||is||
3264217088||3264282623||1210568422||is||
3558785024||3558793215||1210568422||is||
3558793216||3558801407||1210568422||is||
3565084672||3565092863||1210568422||is||
3584524288||3584532479||1210568422||is||
3585114112||3585122303||1210568422||is||
3585433600||3585441791||1210568422||is||
3586023424||3586031615||1210568422||is||
3587538944||3587547135||1210568422||is||
3587981312||3587997695||1210568422||is||
3641278464||3641282559||1210568422||is||
3642535936||3642540031||1210568422||is||
3650592768||3650596863||1210568422||is||
3650596864||3650600959||1210568422||is||
3651915776||3651919871||1210568422||is||
