--||--||--||in||India
973209600||973275135||1210568422||in||
977534976||977567743||1210568422||in||
982671360||982679551||1210568422||in||
995622912||996147199||1210568422||in||
996147200||996409343||1210568422||in||
999292928||999423999||1210568422||in||
1000341504||1000603647||1210568422||in||
1000603648||1000734719||1210568422||in||
1001390080||1001914367||1210568422||in||
1001914368||1002045439||1210568422||in||
1022558208||1022623743||1210568422||in||
1023279104||1023311871||1210568422||in||
1023410176||1023475711||1210568422||in||
1023475712||1023541247||1210568422||in||
1023541248||1023672319||1210568422||in||
1023967232||1023975423||1210568422||in||
1024131072||1024139263||1210568422||in||
1024139264||1024147455||1210568422||in||
1024147456||1024163839||1210568422||in||
1024196608||1024229375||1210568422||in||
1024491520||1024524287||1210568422||in||
1024524288||1024557055||1210568422||in||
1024557056||1024589823||1210568422||in||
1029668864||1029685247||1210568422||in||
1029685248||1029693439||1210568422||in||
1029693440||1029697535||1210568422||in||
1029697536||1029701631||1210568422||in||
1039532032||1039597567||1210568422||in||
1039654912||1039663103||1210568422||in||
1914587136||1914589183||1210568422||in||
1949433856||1949435903||1210568422||in||
1949450240||1949466623||1210568422||in||
1950515200||1950523391||1210568422||in||
1950629888||1950646271||1210568422||in||
1950674944||1950676991||1210568422||in||
1950875648||1951137791||1210568422||in||
1952116736||1952120831||1210568422||in||
1953955840||1954021375||1210568422||in||
1958838272||1958840319||1210568422||in||
1958840320||1958842367||1210568422||in||
1958846464||1958848511||1210568422||in||
1960095744||1960097791||1210568422||in||
1960187904||1960189951||1210568422||in||
1966600192||1966602239||1210568422||in||
1969225728||1969487871||1210568422||in||
1969809408||1969811455||1210568422||in||
1975517184||1979711487||1210568422||in||
1984159744||1984167935||1210568422||in||
1985478656||1985480703||1210568422||in||
1985720320||1985724415||1210568422||in||
1985734656||1985736703||1210568422||in||
1985871872||1986002943||1210568422||in||
1986428928||1986461695||1210568422||in||
1998561280||1998565375||1210568422||in||
1999280128||1999282175||1210568422||in||
1999306752||1999372287||1210568422||in||
2001879040||2001895423||1210568422||in||
2006384640||2006450175||1210568422||in||
2007023616||2007025663||1210568422||in||
2011299840||2011430911||1210568422||in||
2011901952||2011903999||1210568422||in||
2011904000||2011906047||1210568422||in||
2013040640||2013044735||1210568422||in||
2013052928||2013061119||1210568422||in||
2015225856||2015227903||1210568422||in||
2016935936||2017460223||1210568422||in||
2018007040||2018009087||1210568422||in||
2019041280||2019045375||1210568422||in||
2019117056||2019119103||1210568422||in||
2022334464||2022342655||1210568422||in||
2022359040||2022375423||1210568422||in||
2033319936||2033321983||1210568422||in||
2033321984||2033324031||1210568422||in||
2033887232||2033889279||1210568422||in||
2036699136||2036703231||1210568422||in||
2045771776||2046296063||1210568422||in||
2050099200||2050101247||1210568422||in||
2050129920||2050162687||1210568422||in||
2053242880||2053308415||1210568422||in||
2056261632||2056263679||1210568422||in||
2057306112||2058354687||1210568422||in||
2059931648||2059933695||1210568422||in||
2063392768||2063400959||1210568422||in||
2063550464||2063552511||1210568422||in||
2070683648||2070691839||1210568422||in||
2070726656||2070728703||1210568422||in||
2070732800||2070734847||1210568422||in||
2072514560||2072516607||1210568422||in||
2072543232||2072575999||1210568422||in||
2075140096||2075144191||1210568422||in||
2076770304||2076835839||1210568422||in||
2079064064||2079326207||1210568422||in||
2079518720||2079522815||1210568422||in||
2080145408||2080161791||1210568422||in||
2080161792||2080178175||1210568422||in||
2080636928||2080702463||1210568422||in||
2080833536||2080849919||1210568422||in||
2080849920||2080866303||1210568422||in||
2080866304||2080899071||1210568422||in||
2082340864||2082406399||1210568422||in||
2083487744||2083504127||1210568422||in||
2088435712||2088501247||1210568422||in||
2088501248||2088632319||1210568422||in||
2090418176||2090434559||1210568422||in||
2096611328||2096627711||1210568422||in||
2096955392||2097020927||1210568422||in||
2098200576||2098724863||1210568422||in||
2101239808||2101247999||1210568422||in||
2101248000||2101264383||1210568422||in||
2101264384||2101268479||1210568422||in||
2101268480||2101270527||1210568422||in||
2101297152||2101313535||1210568422||in||
2103640064||2103705599||1210568422||in||
2416967680||2417033215||1210568422||in||
2648899584||2648965119||1210568422||in||
2660237312||2660302847||1210568422||in||
2742681600||2742747135||1210568422||in||
2758017024||2758082559||1210568422||in||
2762211328||2762276863||1210568422||in||
3230174464||3230174719||1210568422||in||
3230174720||3230174975||1210568422||in||
3230174976||3230175231||1210568422||in||
3231154432||3231154687||1210568422||in||
3288400128||3288400383||1210568422||in||
3288417280||3288417535||1210568422||in||
3288426496||3288426751||1210568422||in||
3288426752||3288427007||1210568422||in||
3288427008||3288427263||1210568422||in||
3288427520||3288427775||1210568422||in||
3288427776||3288428031||1210568422||in||
3288428032||3288428543||1210568422||in||
3288428800||3288429055||1210568422||in||
3288429056||3288429311||1210568422||in||
3288434176||3288434431||1210568422||in||
3288547584||3288547839||1210568422||in||
3289128960||3289137151||1210568422||in||
3289321472||3289325567||1210568422||in||
3389093888||3389095935||1210568422||in||
3389213440||3389213695||1210568422||in||
3389213696||3389213951||1210568422||in||
3389213952||3389214207||1210568422||in||
3389214720||3389218815||1210568422||in||
3389222912||3389227007||1210568422||in||
3389266176||3389266431||1210568422||in||
3389411328||3389411583||1210568422||in||
3389416192||3389416447||1210568422||in||
3389469696||3389470719||1210568422||in||
3389470720||3389471743||1210568422||in||
3389616128||3389620223||1210568422||in||
3389620224||3389628415||1210568422||in||
3389628416||3389636607||1210568422||in||
3389636608||3389640703||1210568422||in||
3389661184||3389669375||1210568422||in||
3389788160||3389788415||1210568422||in||
3389809920||3389810175||1210568422||in||
3389932800||3389933055||1210568422||in||
3389933568||3389933823||1210568422||in||
3390406912||3390407167||1210568422||in||
3390408192||3390408703||1210568422||in||
3390411520||3390411775||1210568422||in||
3390769408||3390769663||1210568422||in||
3391534080||3391535103||1210568422||in||
3391620608||3391620863||1210568422||in||
3391684608||3391685119||1210568422||in||
3391685120||3391685631||1210568422||in||
3391685632||3391686655||1210568422||in||
3391686656||3391687167||1210568422||in||
3391687168||3391687423||1210568422||in||
3391687424||3391687679||1210568422||in||
3391687680||3391688191||1210568422||in||
3391688704||3391692799||1210568422||in||
3391692800||3391700991||1210568422||in||
3391700992||3391701247||1210568422||in||
3391701248||3391701503||1210568422||in||
3391701504||3391701759||1210568422||in||
3391701760||3391702015||1210568422||in||
3391702016||3391702271||1210568422||in||
3391702272||3391702527||1210568422||in||
3391702528||3391702783||1210568422||in||
3391702784||3391703039||1210568422||in||
3391703040||3391704063||1210568422||in||
3391704064||3391705087||1210568422||in||
3391705088||3391705343||1210568422||in||
3391705344||3391705599||1210568422||in||
3391705600||3391705855||1210568422||in||
3391705856||3391706111||1210568422||in||
3391706112||3391706367||1210568422||in||
3391706368||3391706623||1210568422||in||
3391706624||3391707135||1210568422||in||
3391707136||3391708159||1210568422||in||
3391708160||3391709183||1210568422||in||
3391709184||3391717375||1210568422||in||
3391717376||3391717631||1210568422||in||
3391717632||3391717887||1210568422||in||
3391717888||3391718143||1210568422||in||
3391718144||3391718399||1210568422||in||
3391718400||3391718655||1210568422||in||
3391718656||3391718911||1210568422||in||
3391722496||3391723519||1210568422||in||
3391733760||3391734015||1210568422||in||
3391736832||3391737855||1210568422||in||
3391741952||3391746047||1210568422||in||
3391895552||3391896575||1210568422||in||
3391916288||3391916543||1210568422||in||
3391948288||3391948799||1210568422||in||
3391949312||3391949823||1210568422||in||
3392017152||3392017407||1210568422||in||
3392017920||3392018431||1210568422||in||
3392061440||3392065535||1210568422||in||
3392065536||3392069631||1210568422||in||
3392109568||3392109823||1210568422||in||
3392110336||3392110591||1210568422||in||
3392406016||3392406527||1210568422||in||
3392473088||3392475135||1210568422||in||
3392487424||3392495615||1210568422||in||
3392495616||3392499711||1210568422||in||
3392536576||3392537599||1210568422||in||
3392537600||3392538623||1210568422||in||
3392538624||3392540671||1210568422||in||
3392540672||3392544767||1210568422||in||
3392544768||3392552959||1210568422||in||
3392552960||3392569343||1210568422||in||
3392569344||3392602111||1210568422||in||
3392602112||3392610303||1210568422||in||
3392667648||3392668671||1210568422||in||
3392692224||3392700415||1210568422||in||
3392716800||3392724991||1210568422||in||
3392724992||3392733183||1210568422||in||
3392733184||3392734207||1210568422||in||
3392832512||3392833535||1210568422||in||
3392864768||3392865279||1210568422||in||
3392945152||3392946175||1210568422||in||
3392962560||3392970751||1210568422||in||
3392983040||3392987135||1210568422||in||
3393077248||3393085439||1210568422||in||
3393090560||3393091071||1210568422||in||
3393118208||3393122303||1210568422||in||
3393125376||3393125631||1210568422||in||
3393150976||3393159167||1210568422||in||
3393167360||3393171455||1210568422||in||
3393171456||3393175551||1210568422||in||
3393190912||3393191423||1210568422||in||
3393290240||3393298431||1210568422||in||
3393389568||3393390591||1210568422||in||
3393486848||3393495039||1210568422||in||
3393634304||3393638399||1210568422||in||
3393683456||3393691647||1210568422||in||
3393779712||3393780735||1210568422||in||
3393961984||3393966079||1210568422||in||
3394078976||3394079231||1210568422||in||
3394150400||3394154495||1210568422||in||
3394168832||3394170879||1210568422||in||
3394173696||3394173951||1210568422||in||
3394238464||3394239487||1210568422||in||
3394252800||3394256895||1210568422||in||
3394338816||3394347007||1210568422||in||
3394355200||3394359295||1210568422||in||
3394441216||3394445311||1210568422||in||
3394445312||3394453503||1210568422||in||
3394634752||3394635775||1210568422||in||
3394697984||3394698239||1210568422||in||
3394707456||3394715647||1210568422||in||
3394797568||3394805759||1210568422||in||
3394805760||3394809855||1210568422||in||
3394809856||3394813951||1210568422||in||
3394818048||3394822143||1210568422||in||
3394822144||3394826239||1210568422||in||
3394826240||3394830335||1210568422||in||
3394846720||3394850815||1210568422||in||
3394920448||3394924543||1210568422||in||
3394977792||3394985983||1210568422||in||
3394995200||3394996223||1210568422||in||
3394996224||3394998271||1210568422||in||
3395028992||3395031039||1210568422||in||
3395084288||3395088383||1210568422||in||
3395131904||3395132159||1210568422||in||
3395287808||3395288063||1210568422||in||
3396997120||3396999167||1210568422||in||
3397027328||3397027839||1210568422||in||
3397066752||3397070847||1210568422||in||
3397187584||3397189631||1210568422||in||
3397607424||3397615615||1210568422||in||
3397615616||3397623807||1210568422||in||
3397726208||3397730303||1210568422||in||
3397794560||3397794815||1210568422||in||
3397816320||3397820415||1210568422||in||
3397820416||3397824511||1210568422||in||
3397824512||3397828607||1210568422||in||
3397828608||3397832703||1210568422||in||
3397974016||3397975039||1210568422||in||
3398029312||3398033407||1210568422||in||
3398035456||3398037503||1210568422||in||
3398039552||3398040575||1210568422||in||
3398066176||3398074367||1210568422||in||
3398180864||3398184959||1210568422||in||
3398184960||3398189055||1210568422||in||
3398205440||3398213631||1210568422||in||
3398238208||3398238463||1210568422||in||
3398238464||3398238719||1210568422||in||
3398238720||3398239231||1210568422||in||
3398239232||3398240255||1210568422||in||
3398240256||3398242303||1210568422||in||
3398242304||3398246399||1210568422||in||
3398246400||3398254591||1210568422||in||
3398254592||3398270975||1210568422||in||
3398270976||3398279167||1210568422||in||
3398295552||3398303743||1210568422||in||
3398303744||3398304767||1210568422||in||
3398304768||3398305791||1210568422||in||
3398320128||3398328319||1210568422||in||
3398328320||3398336511||1210568422||in||
3398369280||3398369791||1210568422||in||
3398370304||3398371327||1210568422||in||
3398434816||3398443007||1210568422||in||
3398443008||3398451199||1210568422||in||
3398451200||3398467583||1210568422||in||
3398615040||3398619135||1210568422||in||
3398746112||3398750207||1210568422||in||
3398770688||3398778879||1210568422||in||
3398811648||3398815743||1210568422||in||
3398815744||3398819839||1210568422||in||
3398926336||3398934527||1210568422||in||
3399032832||3399036927||1210568422||in||
3399131136||3399135231||1210568422||in||
3399303168||3399311359||1210568422||in||
3399467008||3399483391||1210568422||in||
3399524352||3399528447||1210568422||in||
3399626752||3399630847||1210568422||in||
3399662592||3399663615||1210568422||in||
3399671808||3399679999||1210568422||in||
3399751680||3399751935||1210568422||in||
3399753728||3399757823||1210568422||in||
3399757824||3399761919||1210568422||in||
3399778304||3399786495||1210568422||in||
3399826944||3399827455||1210568422||in||
3399923712||3399923967||1210568422||in||
3400030208||3400031231||1210568422||in||
3400031744||3400031999||1210568422||in||
3400271616||3400271871||1210568422||in||
3400402176||3400402431||1210568422||in||
3400424448||3400425471||1210568422||in||
3400431616||3400431871||1210568422||in||
3400432128||3400432639||1210568422||in||
3400432640||3400433663||1210568422||in||
3400608768||3400609791||1210568422||in||
3400630272||3400634367||1210568422||in||
3400634368||3400638463||1210568422||in||
3400638464||3400646655||1210568422||in||
3400654848||3400663039||1210568422||in||
3400744960||3400753151||1210568422||in||
3401007104||3401011199||1210568422||in||
3401441280||3401449471||1210568422||in||
3401531392||3401539583||1210568422||in||
3406618112||3406618623||1210568422||in||
3406669824||3406670847||1210568422||in||
3406696960||3406697215||1210568422||in||
3406961152||3406961407||1210568422||in||
3407020800||3407021055||1210568422||in||
3407152896||3407153151||1210568422||in||
3407369984||3407370239||1210568422||in||
3407604480||3407604735||1210568422||in||
3407873024||3407873535||1210568422||in||
3407928576||3407928831||1210568422||in||
3407988224||3407988735||1210568422||in||
3408020736||3408020991||1210568422||in||
3408032768||3408033023||1210568422||in||
3408033024||3408033279||1210568422||in||
3408066048||3408066303||1210568422||in||
3409423616||3409423871||1210568422||in||
3409506560||3409506815||1210568422||in||
3409882112||3409883135||1210568422||in||
3410788352||3410792447||1210568422||in||
3410800640||3410804735||1210568422||in||
3410866432||3410866687||1210568422||in||
3410870272||3410874367||1210568422||in||
3410887680||3410887935||1210568422||in||
3410919424||3410927615||1210568422||in||
3410939904||3410943999||1210568422||in||
3411149824||3411150847||1210568422||in||
3411204608||3411204863||1210568422||in||
3411212288||3411212799||1210568422||in||
3411212800||3411213311||1210568422||in||
3411435520||3411443711||1210568422||in||
3411542016||3411550207||1210568422||in||
3411574784||3411582975||1210568422||in||
3411608576||3411608831||1210568422||in||
3411674112||3411674623||1210568422||in||
3411689472||3411697663||1210568422||in||
3411697664||3411698687||1210568422||in||
3411698688||3411699711||1210568422||in||
3411699712||3411701759||1210568422||in||
3411701760||3411705855||1210568422||in||
3411787776||3411795967||1210568422||in||
3411812352||3411820543||1210568422||in||
3411853312||3411857407||1210568422||in||
3411984384||3411988479||1210568422||in||
3411988480||3411990527||1210568422||in||
3411990528||3411991551||1210568422||in||
3411991552||3411992575||1210568422||in||
3411992576||3412000767||1210568422||in||
3412221952||3412230143||1210568422||in||
3412273152||3412275199||1210568422||in||
3412312064||3412320255||1210568422||in||
3412343040||3412343295||1210568422||in||
3412344832||3412348927||1210568422||in||
3412393984||3412426751||1210568422||in||
3412594688||3412596735||1210568422||in||
3412697088||3412705279||1210568422||in||
3412934656||3412942847||1210568422||in||
3412942848||3412951039||1210568422||in||
3413004288||3413008383||1210568422||in||
3413037056||3413041151||1210568422||in||
3413045248||3413047295||1210568422||in||
3413112832||3413113855||1210568422||in||
3413147648||3413155839||1210568422||in||
3413327872||3413331967||1210568422||in||
3413331968||3413336063||1210568422||in||
3413336064||3413344255||1210568422||in||
3413586176||3413586431||1210568422||in||
3413586432||3413586687||1210568422||in||
3413770240||3413786623||1210568422||in||
3413843968||3413848063||1210568422||in||
3413868544||3413884927||1210568422||in||
3413905408||3413907455||1210568422||in||
3413934080||3413938175||1210568422||in||
3413938176||3413942271||1210568422||in||
3413942272||3413946367||1210568422||in||
3413950464||3413958655||1210568422||in||
3413958656||3413966847||1210568422||in||
3414278144||3414282239||1210568422||in||
3414282240||3414284287||1210568422||in||
3414284288||3414286335||1210568422||in||
3414286336||3414294527||1210568422||in||
3414458368||3414466559||1210568422||in||
3414478848||3414482943||1210568422||in||
3414605824||3414614015||1210568422||in||
3414614016||3414616063||1210568422||in||
3414620160||3414621183||1210568422||in||
3415137280||3415137535||1210568422||in||
3415191552||3415195647||1210568422||in||
3415236608||3415244799||1210568422||in||
3415310336||3415312383||1210568422||in||
3415312384||3415314431||1210568422||in||
3415314432||3415318527||1210568422||in||
3415318528||3415326719||1210568422||in||
3415810048||3415814143||1210568422||in||
3416145920||3416154111||1210568422||in||
3416514560||3416522751||1210568422||in||
3417042944||3417044991||1210568422||in||
3417179648||3417179903||1210568422||in||
3417244672||3417245695||1210568422||in||
3417947136||3417947391||1210568422||in||
3417947904||3417948159||1210568422||in||
3418079232||3418083327||1210568422||in||
3418083328||3418087423||1210568422||in||
3418087424||3418091519||1210568422||in||
3418091520||3418095615||1210568422||in||
3418152960||3418155007||1210568422||in||
3418162432||3418162687||1210568422||in||
3418167296||3418167551||1210568422||in||
3418206208||3418208255||1210568422||in||
3418259456||3418263551||1210568422||in||
3418263552||3418267647||1210568422||in||
3418290176||3418290431||1210568422||in||
3418293504||3418293759||1210568422||in||
3418300928||3418301439||1210568422||in||
3418406912||3418411007||1210568422||in||
3418411008||3418415103||1210568422||in||
3418415104||3418423295||1210568422||in||
3418456064||3418464255||1210568422||in||
3418464256||3418472447||1210568422||in||
3418513408||3418517503||1210568422||in||
3418652672||3418656767||1210568422||in||
3418656768||3418660863||1210568422||in||
3418660864||3418669055||1210568422||in||
3418669056||3418677247||1210568422||in||
3418677248||3418685439||1210568422||in||
3418685440||3418750975||1210568422||in||
3418816512||3418882047||1210568422||in||
3418882048||3418947583||1210568422||in||
3418996736||3419013119||1210568422||in||
3419684864||3419685119||1210568422||in||
3419685120||3419685375||1210568422||in||
3419685376||3419685887||1210568422||in||
3419685888||3419686911||1210568422||in||
3419686912||3419688959||1210568422||in||
3419717632||3419734015||1210568422||in||
3523690496||3523698687||1210568422||in||
3524395008||3524427775||1210568422||in||
3524427776||3524435967||1210568422||in||
3524435968||3524444159||1210568422||in||
3526909952||3526918143||1210568422||in||
3529056256||3529064447||1210568422||in||
3536977920||3537010687||1210568422||in||
3537076224||3537108991||1210568422||in||
3537108992||3537174527||1210568422||in||
3537240064||3537272831||1210568422||in||
3537272832||3537305599||1210568422||in||
3663998976||3663999487||1210568422||in||
3673686016||3673751551||1210568422||in||
3678404608||3678535679||1210568422||in||
3679682560||3679715327||1210568422||in||
3680133120||3680137215||1210568422||in||
3680206848||3680223231||1210568422||in||
3680223232||3680231423||1210568422||in||
3680231424||3680239615||1210568422||in||
3701258240||3701260287||1210568422||in||
3705667584||3705929727||1210568422||in||
3715655680||3715657727||1210568422||in||
3716186112||3716202495||1210568422||in||
3716202496||3716218879||1210568422||in||
3716546560||3716562943||1210568422||in||
3716562944||3716579327||1210568422||in||
3716579328||3716612095||1210568422||in||
3716612096||3716677631||1210568422||in||
