--||--||--||id||Indonesia
977399808||977401855||1210568422||id||
982624256||982626303||1210568422||id||
982759424||982761471||1210568422||id||
1023238144||1023246335||1210568422||id||
1023737856||1023770623||1210568422||id||
1023950848||1023954943||1210568422||id||
1026416640||1026420735||1210568422||id||
1029570560||1029636095||1210568422||id||
1039597568||1039613951||1210568422||id||
1912602624||1913651199||1210568422||id||
1916272640||1916534783||1210568422||id||
1946157056||1946159103||1210568422||id||
1946953728||1946955775||1210568422||id||
1949440000||1949442047||1210568422||id||
1950007296||1950009343||1210568422||id||
1950533632||1950535679||1210568422||id||
1950654464||1950658559||1210568422||id||
1950670848||1950672895||1210568422||id||
1950676992||1950679039||1210568422||id||
1952096256||1952100351||1210568422||id||
1952100352||1952102399||1210568422||id||
1952108544||1952110591||1210568422||id||
1959100416||1959102463||1210568422||id||
1959247872||1959249919||1210568422||id||
1959249920||1959251967||1210568422||id||
1960069120||1960071167||1210568422||id||
1960075264||1960077311||1210568422||id||
1962827776||1962829823||1210568422||id||
1962831872||1962833919||1210568422||id||
1962833920||1962835967||1210568422||id||
1964118016||1964120063||1210568422||id||
1964257280||1964261375||1210568422||id||
1966473216||1966538751||1210568422||id||
1967812608||1967814655||1210568422||id||
1967814656||1967816703||1210568422||id||
1969635328||1969651711||1210568422||id||
1969659904||1969661951||1210568422||id||
1969676288||1969684479||1210568422||id||
1969684480||1969686527||1210568422||id||
1969686528||1969688575||1210568422||id||
1969692672||1969694719||1210568422||id||
1969696768||1969700863||1210568422||id||
1969700864||1969702911||1210568422||id||
1969727488||1969729535||1210568422||id||
1969799168||1969807359||1210568422||id||
1970915328||1970917375||1210568422||id||
1985085440||1985093631||1210568422||id||
1985732608||1985734655||1210568422||id||
1986002944||1986134015||1210568422||id||
1986134016||1986166783||1210568422||id||
1986166784||1986199551||1210568422||id||
1988624384||1988755455||1210568422||id||
1996630016||1996632063||1210568422||id||
1996632064||1996634111||1210568422||id||
1996636160||1996644351||1210568422||id||
1997189120||1997191167||1210568422||id||
1997504512||1997506559||1210568422||id||
1997707264||1997709311||1210568422||id||
1999591424||1999593471||1210568422||id||
2001920000||2001924095||1210568422||id||
2001924096||2001926143||1210568422||id||
2003714048||2003718143||1210568422||id||
2003718144||2003720191||1210568422||id||
2003726336||2003730431||1210568422||id||
2007025664||2007027711||1210568422||id||
2011893760||2011897855||1210568422||id||
2011942912||2011947007||1210568422||id||
2011953152||2011955199||1210568422||id||
2013036544||2013038591||1210568422||id||
2013044736||2013048831||1210568422||id||
2015205376||2015207423||1210568422||id||
2015223808||2015225855||1210568422||id||
2022182912||2022184959||1210568422||id||
2023751680||2025848831||1210568422||id||
2033328128||2033330175||1210568422||id||
2033352704||2033356799||1210568422||id||
2033451008||2033483775||1210568422||id||
2033483776||2033485823||1210568422||id||
2033485824||2033487871||1210568422||id||
2033879040||2033881087||1210568422||id||
2033891328||2033893375||1210568422||id||
2036596736||2036598783||1210568422||id||
2036600832||2036602879||1210568422||id||
2036602880||2036604927||1210568422||id||
2036695040||2036697087||1210568422||id||
2036709376||2036711423||1210568422||id||
2050088960||2050091007||1210568422||id||
2053517312||2053519359||1210568422||id||
2055213056||2055215103||1210568422||id||
2055215104||2055217151||1210568422||id||
2055323648||2055325695||1210568422||id||
2055325696||2055327743||1210568422||id||
2056257536||2056259583||1210568422||id||
2059927552||2059931647||1210568422||id||
2059939840||2059941887||1210568422||id||
2059964416||2059966463||1210568422||id||
2070677504||2070679551||1210568422||id||
2075162624||2075164671||1210568422||id||
2078769152||2078785535||1210568422||id||
2078785536||2078793727||1210568422||id||
2080776192||2080784383||1210568422||id||
2084741120||2084743167||1210568422||id||
2085683200||2085748735||1210568422||id||
2090401792||2090418175||1210568422||id||
2090762240||2090778623||1210568422||id||
2093154304||2093187071||1210568422||id||
2107637760||2107899903||1210568422||id||
2107899904||2107965439||1210568422||id||
2107965440||2108030975||1210568422||id||
2108030976||2108162047||1210568422||id||
2110816256||2110832639||1210568422||id||
2111143936||2111152127||1210568422||id||
2372337664||2372403199||1210568422||id||
2557870080||2557935615||1210568422||id||
2815229952||2815295487||1210568422||id||
2849178624||2849178879||1210568422||id||
2849964032||2850029567||1210568422||id||
3223965184||3223965439||1210568422||id||
3226015744||3226015999||1210568422||id||
3226016000||3226016255||1210568422||id||
3233591040||3233591295||1210568422||id||
3325256960||3325257215||1210568422||id||
3389018368||3389018623||1210568422||id||
3389024000||3389024255||1210568422||id||
3389027328||3389027583||1210568422||id||
3389247488||3389251583||1210568422||id||
3389444096||3389448191||1210568422||id||
3389448192||3389452287||1210568422||id||
3389980416||3389980671||1210568422||id||
3390335488||3390335743||1210568422||id||
3390335744||3390335999||1210568422||id||
3390336000||3390336511||1210568422||id||
3390447360||3390447615||1210568422||id||
3391856640||3391860735||1210568422||id||
3391860736||3391864831||1210568422||id||
3391879168||3391880191||1210568422||id||
3391880192||3391881215||1210568422||id||
3392012288||3392016383||1210568422||id||
3392016384||3392016639||1210568422||id||
3392016640||3392016895||1210568422||id||
3392016896||3392017151||1210568422||id||
3392017408||3392017919||1210568422||id||
3392018432||3392020479||1210568422||id||
3392028672||3392036863||1210568422||id||
3392036864||3392040959||1210568422||id||
3392045056||3392045311||1210568422||id||
3392045312||3392045567||1210568422||id||
3392045568||3392046079||1210568422||id||
3392049152||3392053247||1210568422||id||
3392073728||3392077823||1210568422||id||
3392094208||3392098303||1210568422||id||
3392126976||3392135167||1210568422||id||
3392344064||3392348159||1210568422||id||
3392354304||3392356351||1210568422||id||
3392364544||3392372735||1210568422||id||
3392389120||3392397311||1210568422||id||
3392397312||3392401407||1210568422||id||
3392404480||3392405503||1210568422||id||
3392407552||3392409599||1210568422||id||
3392528384||3392536575||1210568422||id||
3392643072||3392647167||1210568422||id||
3392708608||3392710655||1210568422||id||
3392710656||3392712703||1210568422||id||
3392734208||3392734719||1210568422||id||
3392734720||3392735231||1210568422||id||
3392735232||3392737279||1210568422||id||
3392737280||3392741375||1210568422||id||
3392815104||3392819199||1210568422||id||
3392839680||3392843775||1210568422||id||
3392843776||3392845823||1210568422||id||
3392847872||3392851967||1210568422||id||
3392851968||3392856063||1210568422||id||
3392905216||3392909311||1210568422||id||
3392913408||3392917503||1210568422||id||
3393062912||3393064959||1210568422||id||
3393064960||3393069055||1210568422||id||
3393122304||3393124351||1210568422||id||
3393286144||3393290239||1210568422||id||
3393314816||3393318911||1210568422||id||
3393390592||3393392639||1210568422||id||
3393396736||3393400831||1210568422||id||
3393544192||3393548287||1210568422||id||
3393597440||3393601535||1210568422||id||
3393765376||3393769471||1210568422||id||
3393769472||3393773567||1210568422||id||
3393785856||3393789951||1210568422||id||
3393806336||3393814527||1210568422||id||
3393839104||3393843199||1210568422||id||
3393865728||3393867775||1210568422||id||
3393916928||3393921023||1210568422||id||
3393937408||3393941503||1210568422||id||
3394060288||3394064383||1210568422||id||
3394068480||3394076671||1210568422||id||
3394158592||3394162687||1210568422||id||
3394269184||3394273279||1210568422||id||
3394293760||3394297855||1210568422||id||
3394314240||3394318335||1210568422||id||
3394318336||3394322431||1210568422||id||
3394744320||3394748415||1210568422||id||
3394748416||3394752511||1210568422||id||
3394760704||3394762751||1210568422||id||
3394762752||3394764799||1210568422||id||
3394883584||3394887679||1210568422||id||
3394963456||3394965503||1210568422||id||
3394967552||3394969599||1210568422||id||
3395076096||3395080191||1210568422||id||
3395096576||3395100671||1210568422||id||
3395100672||3395104767||1210568422||id||
3395121152||3395125247||1210568422||id||
3395125248||3395129343||1210568422||id||
3395149824||3395153919||1210568422||id||
3395153920||3395155967||1210568422||id||
3395256320||3395264511||1210568422||id||
3396995072||3396997119||1210568422||id||
3397033984||3397038079||1210568422||id||
3397115904||3397119999||1210568422||id||
3397328896||3397330943||1210568422||id||
3397345280||3397349375||1210568422||id||
3397498880||3397500927||1210568422||id||
3397713920||3397715967||1210568422||id||
3397734400||3397738495||1210568422||id||
3397779456||3397780479||1210568422||id||
3397780480||3397781503||1210568422||id||
3397926912||3397935103||1210568422||id||
3397976064||3397977087||1210568422||id||
3397977088||3397978111||1210568422||id||
3397978112||3397980159||1210568422||id||
3397980160||3397981183||1210568422||id||
3397981184||3397982207||1210568422||id||
3397982208||3397984255||1210568422||id||
3398098944||3398107135||1210568422||id||
3398377472||3398381567||1210568422||id||
3398393856||3398397951||1210568422||id||
3398500352||3398501375||1210568422||id||
3398501376||3398502399||1210568422||id||
3398502400||3398504447||1210568422||id||
3398565888||3398566399||1210568422||id||
3398566400||3398566911||1210568422||id||
3398566912||3398567423||1210568422||id||
3398574080||3398582271||1210568422||id||
3398598656||3398606847||1210568422||id||
3398610944||3398612991||1210568422||id||
3398623232||3398627327||1210568422||id||
3398627328||3398629375||1210568422||id||
3398629376||3398630399||1210568422||id||
3398630400||3398630911||1210568422||id||
3398630912||3398631423||1210568422||id||
3398680576||3398684671||1210568422||id||
3398688768||3398696959||1210568422||id||
3398696960||3398705151||1210568422||id||
3398778880||3398787071||1210568422||id||
3398795264||3398803455||1210568422||id||
3398836224||3398840319||1210568422||id||
3398844416||3398852607||1210568422||id||
3398860800||3398868991||1210568422||id||
3398868992||3398873087||1210568422||id||
3398885376||3398893567||1210568422||id||
3398893568||3398894591||1210568422||id||
3398895616||3398897663||1210568422||id||
3398959104||3398960127||1210568422||id||
3398960128||3398961151||1210568422||id||
3398961152||3398963199||1210568422||id||
3398963200||3398967295||1210568422||id||
3398967296||3398971391||1210568422||id||
3398971392||3398975487||1210568422||id||
3398991872||3399000063||1210568422||id||
3399000064||3399004159||1210568422||id||
3399008256||3399012351||1210568422||id||
3399016448||3399024639||1210568422||id||
3399028736||3399032831||1210568422||id||
3399057408||3399065599||1210568422||id||
3399081984||3399090175||1210568422||id||
3399090176||3399094271||1210568422||id||
3399094272||3399098367||1210568422||id||
3399098368||3399098879||1210568422||id||
3399098880||3399099135||1210568422||id||
3399099136||3399099391||1210568422||id||
3399099392||3399100415||1210568422||id||
3399100416||3399102463||1210568422||id||
3399102464||3399106559||1210568422||id||
3399135232||3399139327||1210568422||id||
3399155712||3399156223||1210568422||id||
3399156224||3399156735||1210568422||id||
3399156736||3399157759||1210568422||id||
3399157760||3399159807||1210568422||id||
3399159808||3399163903||1210568422||id||
3399163904||3399172095||1210568422||id||
3399172096||3399180287||1210568422||id||
3399180288||3399188479||1210568422||id||
3399188480||3399196671||1210568422||id||
3399352320||3399353343||1210568422||id||
3399353344||3399354367||1210568422||id||
3399354368||3399356415||1210568422||id||
3399356416||3399360511||1210568422||id||
3399360512||3399368703||1210568422||id||
3399368704||3399376895||1210568422||id||
3399376896||3399385087||1210568422||id||
3399385088||3399389183||1210568422||id||
3399417856||3399419903||1210568422||id||
3399419904||3399421951||1210568422||id||
3399421952||3399426047||1210568422||id||
3399426048||3399434239||1210568422||id||
3399434240||3399450623||1210568422||id||
3399622656||3399626751||1210568422||id||
3399663616||3399667711||1210568422||id||
3399667712||3399671807||1210568422||id||
3399800832||3399802879||1210568422||id||
3399819264||3399823359||1210568422||id||
3400081408||3400085503||1210568422||id||
3400085504||3400089599||1210568422||id||
3400130560||3400134655||1210568422||id||
3400134656||3400138751||1210568422||id||
3400196096||3400204287||1210568422||id||
3400204288||3400208383||1210568422||id||
3400208384||3400212479||1210568422||id||
3400339456||3400341503||1210568422||id||
3400351744||3400359935||1210568422||id||
3400775680||3400777727||1210568422||id||
3400794112||3400802303||1210568422||id||
3400806400||3400808447||1210568422||id||
3400937472||3400939519||1210568422||id||
3400939520||3400941567||1210568422||id||
3400966144||3400974335||1210568422||id||
3400990720||3400998911||1210568422||id||
3401515520||3401516031||1210568422||id||
3406737408||3406737663||1210568422||id||
3407848448||3407848959||1210568422||id||
3408033280||3408033791||1210568422||id||
3410874368||3410878463||1210568422||id||
3410878464||3410886655||1210568422||id||
3410915328||3410919423||1210568422||id||
3411019776||3411021823||1210568422||id||
3411130368||3411132415||1210568422||id||
3411146752||3411147775||1210568422||id||
3411220480||3411222527||1210568422||id||
3411222528||3411226623||1210568422||id||
3411314688||3411316735||1210568422||id||
3411318784||3411320831||1210568422||id||
3411611648||3411613695||1210568422||id||
3411613696||3411615743||1210568422||id||
3412287488||3412295679||1210568422||id||
3413576960||3413577215||1210568422||id||
3413584128||3413584383||1210568422||id||
3413585920||3413586175||1210568422||id||
3413586944||3413587967||1210568422||id||
3413851136||3413852159||1210568422||id||
3413893120||3413901311||1210568422||id||
3414179840||3414188031||1210568422||id||
3414226944||3414227967||1210568422||id||
3414343680||3414351871||1210568422||id||
3414351872||3414360063||1210568422||id||
3414616064||3414618111||1210568422||id||
3414667264||3414669311||1210568422||id||
3415097344||3415101439||1210568422||id||
3415101440||3415103487||1210568422||id||
3415801856||3415802879||1210568422||id||
3415808000||3415810047||1210568422||id||
3415826432||3415830527||1210568422||id||
3415830528||3415832575||1210568422||id||
3415832576||3415834623||1210568422||id||
3416274944||3416276991||1210568422||id||
3416330240||3416334335||1210568422||id||
3416702976||3416707071||1210568422||id||
3417135104||3417137151||1210568422||id||
3417179392||3417179647||1210568422||id||
3417180160||3417182207||1210568422||id||
3417354240||3417356287||1210568422||id||
3418235904||3418236415||1210568422||id||
3418236928||3418238975||1210568422||id||
3418238976||3418241023||1210568422||id||
3418255360||3418257407||1210568422||id||
3418273792||3418275839||1210568422||id||
3418288128||3418290175||1210568422||id||
3418302464||3418304511||1210568422||id||
3418988544||3418992639||1210568422||id||
3524739072||3524743167||1210568422||id||
3527004160||3527008255||1210568422||id||
3528445952||3528450047||1210568422||id||
3537010688||3537018879||1210568422||id||
3537018880||3537027071||1210568422||id||
3537047552||3537049599||1210568422||id||
3659595776||3659628543||1210568422||id||
3663987712||3663987967||1210568422||id||
3663989504||3663989759||1210568422||id||
3663993600||3663993855||1210568422||id||
3663993856||3663994111||1210568422||id||
3663994112||3663994367||1210568422||id||
3663994368||3663994623||1210568422||id||
3663994624||3663994879||1210568422||id||
3663994880||3663995135||1210568422||id||
3663995136||3663995391||1210568422||id||
3663995392||3663995647||1210568422||id||
3663995648||3663995903||1210568422||id||
3663997184||3663997439||1210568422||id||
3664000768||3664001023||1210568422||id||
3679649792||3679682559||1210568422||id||
3701301248||3701305343||1210568422||id||
3707217920||3707219967||1210568422||id||
3716464640||3716481023||1210568422||id||
3732668416||3732733951||1210568422||id||
3735404544||3735420927||1210568422||id||
3739570176||3739572223||1210568422||id||
