--||--||--||ir||Iran
1044152320||1044185087||1210568422||ir||
1052835840||1052844031||1210568422||ir||
1054629888||1054638079||1210568422||ir||
1294237696||1294270463||1210568422||ir||
1296908288||1296924671||1210568422||ir||
1307394048||1307402239||1210568422||ir||
1307418624||1307426815||1210568422||ir||
1307959296||1307963391||1210568422||ir||
1311113216||1311244287||1210568422||ir||
1315815424||1315819519||1210568422||ir||
1315860480||1315864575||1210568422||ir||
1315897344||1315901439||1210568422||ir||
1318723584||1318731775||1210568422||ir||
1318920192||1318928383||1210568422||ir||
1319018496||1319026687||1210568422||ir||
1333723136||1333755903||1210568422||ir||
1334099968||1334108159||1210568422||ir||
1336578048||1336580095||1210568422||ir||
1336901632||1336918015||1210568422||ir||
1346547712||1346551807||1210568422||ir||
1346859008||1346863103||1210568422||ir||
1347092480||1347096575||1210568422||ir||
1354694656||1354760191||1210568422||ir||
1358036992||1358041087||1210568422||ir||
1358041088||1358045183||1210568422||ir||
1358790656||1358794751||1210568422||ir||
1358794752||1358798847||1210568422||ir||
1359740928||1359773695||1210568422||ir||
1360502784||1360506879||1210568422||ir||
1360797696||1360801791||1210568422||ir||
1360801792||1360805887||1210568422||ir||
1361027072||1361031167||1210568422||ir||
1361031168||1361035263||1210568422||ir||
1364889600||1364893695||1210568422||ir||
1364951040||1364955135||1210568422||ir||
1364955136||1364959231||1210568422||ir||
1365057536||1365061631||1210568422||ir||
1382268928||1382285311||1210568422||ir||
1383268352||1383276543||1210568422||ir||
1384382464||1384415231||1210568422||ir||
1402191872||1402208255||1210568422||ir||
1403584512||1403600895||1210568422||ir||
1412415488||1412431871||1210568422||ir||
1425080320||1425096703||1210568422||ir||
1426669568||1426685951||1210568422||ir||
1427046400||1427062783||1210568422||ir||
1434812416||1434845183||1210568422||ir||
1438187520||1438253055||1210568422||ir||
1439039488||1439055871||1210568422||ir||
1449992192||1450000383||1210568422||ir||
1466630144||1466695679||1210568422||ir||
1475846144||1475854335||1210568422||ir||
1502642176||1502658559||1210568422||ir||
1503985664||1504018431||1210568422||ir||
1507676160||1507680255||1210568422||ir||
1508589568||1508605951||1210568422||ir||
1533149184||1533280255||1210568422||ir||
1538801664||1538809855||1210568422||ir||
1538965504||1538973695||1210568422||ir||
1546268672||1546270719||1210568422||ir||
1546780672||1546797055||1210568422||ir||
1547546624||1547550719||1210568422||ir||
1547612160||1547616255||1210568422||ir||
1559412736||1559420927||1210568422||ir||
1567490048||1567555583||1210568422||ir||
3250420224||3250420735||1210568422||ir||
3269525504||3269591039||1210568422||ir||
3281133568||3281141759||1210568422||ir||
3584385024||3584393215||1210568422||ir||
3585081344||3585089535||1210568422||ir||
3585089536||3585097727||1210568422||ir||
3585097728||3585114111||1210568422||ir||
3587162112||3587178495||1210568422||ir||
3587776512||3587784703||1210568422||ir||
3588857856||3588866047||1210568422||ir||
3641380864||3641384959||1210568422||ir||
3642265600||3642269695||1210568422||ir||
3642306560||3642310655||1210568422||ir||
3645030400||3645034495||1210568422||ir||
3645034496||3645038591||1210568422||ir||
3648311296||3648315391||1210568422||ir||
3650277376||3650281471||1210568422||ir||
3651952640||3651960831||1210568422||ir||
3652063232||3652067327||1210568422||ir||
3654942720||3655073791||1210568422||ir||
