--||--||--||il||Israel
1040187392||1040252927||1210568422||il||
1043890176||1043922943||1210568422||il||
1046085632||1046151167||1210568422||il||
1048584192||1048592383||1210568422||il||
1054539776||1054605311||1210568422||il||
1299972096||1300234239||1210568422||il||
1336934400||1337458687||1210568422||il||
1346797568||1346801663||1210568422||il||
1347051520||1347055615||1210568422||il||
1347055616||1347059711||1210568422||il||
1353842688||1353973759||1210568422||il||
1357250560||1357316095||1210568422||il||
1358209024||1358213119||1210568422||il||
1358331904||1358335999||1210568422||il||
1358598144||1358602239||1210568422||il||
1359282176||1359298559||1210568422||il||
1371996160||1372061695||1210568422||il||
1373241344||1373306879||1210568422||il||
1380974592||1381105663||1210568422||il||
1382449152||1382465535||1210568422||il||
1386610688||1386676223||1210568422||il||
1401028608||1401094143||1210568422||il||
1401882624||1401884671||1210568422||il||
1415446528||1415577599||1210568422||il||
1416364032||1416626175||1210568422||il||
1424228352||1424359423||1210568422||il||
1430257664||1430388735||1210568422||il||
1434615808||1434648575||1210568422||il||
1436524544||1436526591||1210568422||il||
1442447360||1442512895||1210568422||il||
1464074240||1464336383||1210568422||il||
1493172224||1493303295||1210568422||il||
1502216192||1502347263||1210568422||il||
1532657664||1532661759||1210568422||il||
1535598592||1535602687||1210568422||il||
1536155648||1536159743||1210568422||il||
1539360768||1539361791||1210568422||il||
1539376128||1539377151||1210568422||il||
1539387392||1539388415||1210568422||il||
1539441664||1539442175||1210568422||il||
1539469824||1539470335||1210568422||il||
1539547648||1539548159||1210568422||il||
1539593216||1539594239||1210568422||il||
1539652608||1539653631||1210568422||il||
1539662848||1539663871||1210568422||il||
1539704064||1539704319||1210568422||il||
1539720704||1539720959||1210568422||il||
1539735808||1539736063||1210568422||il||
1539755264||1539755519||1210568422||il||
1539767808||1539768063||1210568422||il||
1539775744||1539775999||1210568422||il||
1539781888||1539782143||1210568422||il||
1539785984||1539786239||1210568422||il||
1539788800||1539789055||1210568422||il||
1539792384||1539792639||1210568422||il||
1539793664||1539793919||1210568422||il||
1539793920||1539794175||1210568422||il||
1539798784||1539799039||1210568422||il||
1539820032||1539820287||1210568422||il||
1539823360||1539823615||1210568422||il||
1540007936||1540008959||1210568422||il||
1540061184||1540062207||1210568422||il||
1547558912||1547563007||1210568422||il||
1559232512||1559240703||1210568422||il||
3228718080||3228719103||1210568422||il||
3228737536||3228745727||1210568422||il||
3228876800||3228893183||1210568422||il||
3228925952||3228942335||1210568422||il||
3239088896||3239089151||1210568422||il||
3239127552||3239127807||1210568422||il||
3239134208||3239134463||1210568422||il||
3239135744||3239135999||1210568422||il||
3239464960||3239465215||1210568422||il||
3239795712||3239796223||1210568422||il||
3239877376||3239877631||1210568422||il||
3240009984||3240010239||1210568422||il||
3240169472||3240169983||1210568422||il||
3240225280||3240225791||1210568422||il||
3240245248||3240246271||1210568422||il||
3240407040||3240407295||1210568422||il||
3240460288||3240461055||1210568422||il||
3240578816||3240579071||1210568422||il||
3240741376||3240741631||1210568422||il||
3240742912||3240743423||1210568422||il||
3240883200||3240884223||1210568422||il||
3241033728||3241033983||1210568422||il||
3241125120||3241125375||1210568422||il||
3241146368||3241146623||1210568422||il||
3244122112||3244123135||1210568422||il||
3245130496||3245130751||1210568422||il||
3245134592||3245134847||1210568422||il||
3245166080||3245166591||1210568422||il||
3245167104||3245167359||1210568422||il||
3245212160||3245212671||1210568422||il||
3247070208||3247070463||1210568422||il||
3247347456||3247347711||1210568422||il||
3249723904||3249724159||1210568422||il||
3249724416||3249724671||1210568422||il||
3250192896||3250193151||1210568422||il||
3251117568||3251117823||1210568422||il||
3251149312||3251149567||1210568422||il||
3251215232||3251215359||1210568422||il||
3251357184||3251357695||1210568422||il||
3252584704||3252584959||1210568422||il||
3253607424||3253608447||1210568422||il||
3253648384||3253649407||1210568422||il||
3253653504||3253654527||1210568422||il||
3253693440||3253694463||1210568422||il||
3253974912||3253974975||1210568422||il||
3254701568||3254702079||1210568422||il||
3254882560||3254882815||1210568422||il||
3255323648||3255324159||1210568422||il||
3255326720||3255327231||1210568422||il||
3256688640||3256692735||1210568422||il||
3258074880||3258075135||1210568422||il||
3258101504||3258101759||1210568422||il||
3258361856||3258362879||1210568422||il||
3258504960||3258505215||1210568422||il||
3260581888||3260582399||1210568422||il||
3260678144||3260686335||1210568422||il||
3260686336||3260694527||1210568422||il||
3260694528||3260710911||1210568422||il||
3260710912||3260743679||1210568422||il||
3262052608||3262052863||1210568422||il||
3262439936||3262440447||1210568422||il||
3262440960||3262441471||1210568422||il||
3264666112||3264666623||1210568422||il||
3264832768||3264833023||1210568422||il||
3267056640||3267057663||1210568422||il||
3268740096||3268740351||1210568422||il||
3271752192||3271752703||1210568422||il||
3271915520||3271916031||1210568422||il||
3272262144||3272262399||1210568422||il||
3272268800||3272269055||1210568422||il||
3272269312||3272269567||1210568422||il||
3273036800||3273037311||1210568422||il||
3273434624||3273435135||1210568422||il||
3273438208||3273438719||1210568422||il||
3274347520||3274348031||1210568422||il||
3275534336||3275534847||1210568422||il||
3275548672||3275549695||1210568422||il||
3275624960||3275625471||1210568422||il||
3275912704||3275912959||1210568422||il||
3276139520||3276140543||1210568422||il||
3276305408||3276308479||1210568422||il||
3276963840||3276964351||1210568422||il||
3277711872||3277712383||1210568422||il||
3277829888||3277830143||1210568422||il||
3277841920||3277842431||1210568422||il||
3279990784||3279991295||1210568422||il||
3280577536||3280577791||1210568422||il||
3282104320||3282105343||1210568422||il||
3283184640||3283185663||1210568422||il||
3283979264||3283979775||1210568422||il||
3284013824||3284014079||1210568422||il||
3284687872||3284688383||1210568422||il||
3284716800||3284717055||1210568422||il||
3286314496||3286315007||1210568422||il||
3286318592||3286319103||1210568422||il||
3287447040||3287447551||1210568422||il||
3287553536||3287554047||1210568422||il||
3287641088||3287641599||1210568422||il||
3287949568||3287949823||1210568422||il||
3287953152||3287953407||1210568422||il||
3426013184||3426013439||1210568422||il||
3558424576||3558432767||1210568422||il||
3558432768||3558440959||1210568422||il||
3558719488||3558727679||1210568422||il||
3558727680||3558735871||1210568422||il||
3561259008||3561267199||1210568422||il||
3564412928||3564421119||1210568422||il||
3564470272||3564478463||1210568422||il||
3566141440||3566206975||1210568422||il||
3566600192||3566665727||1210568422||il||
3568500736||3568533503||1210568422||il||
3568533504||3568566271||1210568422||il||
3569811456||3569844223||1210568422||il||
3569844224||3569876991||1210568422||il||
3572170752||3572187135||1210568422||il||
3572187136||3572203519||1210568422||il||
3574071296||3574136831||1210568422||il||
3577282560||3577348095||1210568422||il||
3582541824||3582550015||1210568422||il||
3583451136||3583459327||1210568422||il||
3583533056||3583541247||1210568422||il||
3584892928||3584901119||1210568422||il||
3585548288||3585556479||1210568422||il||
3585941504||3585949695||1210568422||il||
3642048512||3642052607||1210568422||il||
3642052608||3642056703||1210568422||il||
3642126336||3642130431||1210568422||il||
3644923904||3644927999||1210568422||il||
3649306624||3649372159||1210568422||il||
3653419008||3653423103||1210568422||il||
