--||--||--||it||Italy
1040842752||1040973823||1210568422||it||
1041080320||1041088511||1210568422||it||
1043341312||1043349503||1210568422||it||
1045241856||1045250047||1210568422||it||
1045798912||1045807103||1210568422||it||
1045807104||1045823487||1210568422||it||
1045823488||1045889023||1210568422||it||
1046347776||1046413311||1210568422||it||
1046544384||1046552575||1210568422||it||
1046552576||1046560767||1210568422||it||
1046609920||1046675455||1210568422||it||
1046757376||1046765567||1210568422||it||
1046806528||1046814719||1210568422||it||
1046822912||1046839295||1210568422||it||
1046839296||1046847487||1210568422||it||
1047322624||1047330815||1210568422||it||
1047396352||1047461887||1210568422||it||
1048182784||1048248319||1210568422||it||
1048248320||1048313855||1210568422||it||
1048592384||1048600575||1210568422||it||
1048641536||1048649727||1210568422||it||
1048911872||1048920063||1210568422||it||
1049985024||1049993215||1210568422||it||
1049993216||1050001407||1210568422||it||
1050001408||1050017791||1210568422||it||
1050181632||1050189823||1210568422||it||
1051271168||1051279359||1210568422||it||
1051566080||1051574271||1210568422||it||
1051787264||1051795455||1210568422||it||
1053032448||1053097983||1210568422||it||
1053622272||1053630463||1210568422||it||
1053753344||1053818879||1210568422||it||
1054015488||1054081023||1210568422||it||
1054081024||1054089215||1210568422||it||
1054613504||1054621695||1210568422||it||
1054621696||1054629887||1210568422||it||
1054703616||1054711807||1210568422||it||
1054711808||1054719999||1210568422||it||
1055981568||1055989759||1210568422||it||
1056514048||1056522239||1210568422||it||
1294434304||1294467071||1210568422||it||
1294598144||1294630911||1210568422||it||
1294663680||1294696447||1210568422||it||
1296570368||1296572415||1210568422||it||
1296572416||1296574463||1210568422||it||
1296613376||1296615423||1210568422||it||
1296619520||1296621567||1210568422||it||
1296644096||1296646143||1210568422||it||
1296672768||1296674815||1210568422||it||
1296699392||1296701439||1210568422||it||
1296732160||1296734207||1210568422||it||
1297678336||1297694719||1210568422||it||
1297883136||1297891327||1210568422||it||
1297997824||1298006015||1210568422||it||
1298022400||1298030591||1210568422||it||
1298106368||1298108415||1210568422||it||
1298114560||1298116607||1210568422||it||
1298124800||1298126847||1210568422||it||
1298923520||1298939903||1210568422||it||
1306279936||1306288127||1210568422||it||
1306460160||1306468351||1210568422||it||
1307443200||1307451391||1210568422||it||
1307541504||1307549695||1210568422||it||
1307631616||1307635711||1210568422||it||
1307639808||1307643903||1210568422||it||
1307693056||1307697151||1210568422||it||
1307713536||1307717631||1210568422||it||
1307738112||1307742207||1210568422||it||
1307750400||1307754495||1210568422||it||
1307856896||1307860991||1210568422||it||
1307881472||1307885567||1210568422||it||
1307967488||1307971583||1210568422||it||
1308884992||1309147135||1210568422||it||
1309409280||1309671423||1210568422||it||
1310216192||1310218239||1210568422||it||
1310343168||1310359551||1210568422||it||
1311246336||1311248383||1210568422||it||
1311277056||1311279103||1210568422||it||
1311285248||1311287295||1210568422||it||
1311287296||1311289343||1210568422||it||
1311322112||1311324159||1210568422||it||
1315876864||1315880959||1210568422||it||
1317404672||1317437439||1210568422||it||
1318608896||1318617087||1210568422||it||
1319092224||1319100415||1210568422||it||
1325400064||1329594367||1210568422||it||
1331822592||1331824639||1210568422||it||
1331832832||1331834879||1210568422||it||
1331890176||1331892223||1210568422||it||
1331916800||1331918847||1210568422||it||
1334255616||1334263807||1210568422||it||
1334378496||1334411263||1210568422||it||
1334595584||1334599679||1210568422||it||
1334685696||1334689791||1210568422||it||
1334722560||1334726655||1210568422||it||
1334800384||1334804479||1210568422||it||
1336621056||1336623103||1210568422||it||
1336647680||1336649727||1210568422||it||
1343225856||1343750143||1210568422||it||
1346400256||1346404351||1210568422||it||
1346473984||1346478079||1210568422||it||
1346555904||1346559999||1210568422||it||
1346596864||1346600959||1210568422||it||
1346650112||1346654207||1210568422||it||
1346670592||1346674687||1210568422||it||
1346678784||1346682879||1210568422||it||
1346682880||1346686975||1210568422||it||
1346793472||1346797567||1210568422||it||
1346887680||1346891775||1210568422||it||
1346920448||1346924543||1210568422||it||
1346936832||1346940927||1210568422||it||
1347018752||1347022847||1210568422||it||
1347072000||1347076095||1210568422||it||
1347162112||1347166207||1210568422||it||
1347174400||1347178495||1210568422||it||
1347178496||1347182591||1210568422||it||
1347182592||1347186687||1210568422||it||
1347235840||1347239935||1210568422||it||
1347366912||1347371007||1210568422||it||
1347428352||1347432447||1210568422||it||
1347551232||1347555327||1210568422||it||
1347600384||1347604479||1210568422||it||
1347657728||1347661823||1210568422||it||
1347706880||1347710975||1210568422||it||
1347809280||1347813375||1210568422||it||
1347817472||1347821567||1210568422||it||
1347825664||1347829759||1210568422||it||
1347850240||1347854335||1210568422||it||
1347883008||1347887103||1210568422||it||
1347964928||1347969023||1210568422||it||
1347985408||1347989503||1210568422||it||
1348153344||1348157439||1210568422||it||
1348288512||1348292607||1210568422||it||
1348304896||1348308991||1210568422||it||
1348366336||1348370431||1210568422||it||
1348993024||1349124095||1210568422||it||
1349779456||1349910527||1210568422||it||
1353973760||1354235903||1210568422||it||
1355546624||1355808767||1210568422||it||
1358012416||1358016511||1210568422||it||
1358028800||1358032895||1210568422||it||
1358196736||1358200831||1210568422||it||
1358344192||1358348287||1210568422||it||
1358381056||1358385151||1210568422||it||
1358741504||1358745599||1210568422||it||
1358749696||1358753791||1210568422||it||
1358766080||1358770175||1210568422||it||
1358872576||1358876671||1210568422||it||
1360363520||1360367615||1210568422||it||
1360482304||1360486399||1210568422||it||
1360584704||1360588799||1210568422||it||
1360617472||1360621567||1210568422||it||
1360707584||1360711679||1210568422||it||
1360756736||1360760831||1210568422||it||
1360769024||1360773119||1210568422||it||
1360777216||1360781311||1210568422||it||
1360850944||1360855039||1210568422||it||
1360900096||1360904191||1210568422||it||
1360904192||1360908287||1210568422||it||
1360908288||1360912383||1210568422||it||
1360912384||1360916479||1210568422||it||
1360920576||1360924671||1210568422||it||
1360924672||1360928767||1210568422||it||
1360928768||1360932863||1210568422||it||
1360936960||1360941055||1210568422||it||
1361002496||1361006591||1210568422||it||
1361022976||1361027071||1210568422||it||
1361039360||1361043455||1210568422||it||
1363673088||1363935231||1210568422||it||
1364262912||1364328447||1210568422||it||
1364733952||1364738047||1210568422||it||
1364779008||1364783103||1210568422||it||
1364783104||1364787199||1210568422||it||
1364992000||1364996095||1210568422||it||
1366294528||1367343103||1210568422||it||
1370357760||1370374143||1210568422||it||
1370374144||1370390527||1210568422||it||
1372094464||1372098559||1210568422||it||
1372119040||1372123135||1210568422||it||
1372127232||1372131327||1210568422||it||
1372585984||1372618751||1210568422||it||
1378877440||1379926015||1210568422||it||
1381236736||1381367807||1210568422||it||
1381498880||1381761023||1210568422||it||
1382547456||1382809599||1210568422||it||
1383186432||1383194623||1210568422||it||
1383309312||1383317503||1210568422||it||
1383538688||1383546879||1210568422||it||
1383579648||1383587839||1210568422||it||
1385103360||1385119743||1210568422||it||
1385259008||1385267199||1210568422||it||
1385275392||1385283583||1210568422||it||
1387790336||1388314623||1210568422||it||
1388380160||1388388351||1210568422||it||
1388388352||1388396543||1210568422||it||
1389707264||1389723647||1210568422||it||
1389854720||1389871103||1210568422||it||
1399259136||1399291903||1210568422||it||
1401448448||1401450495||1210568422||it||
1401458688||1401460735||1210568422||it||
1401485312||1401487359||1210568422||it||
1401501696||1401503743||1210568422||it||
1401513984||1401516031||1210568422||it||
1401518080||1401520127||1210568422||it||
1401528320||1401530367||1210568422||it||
1401546752||1401548799||1210568422||it||
1401667584||1401683967||1210568422||it||
1402159104||1402175487||1210568422||it||
1402306560||1402322943||1210568422||it||
1403977728||1403994111||1210568422||it||
1406337024||1406402559||1210568422||it||
1406705664||1406713855||1210568422||it||
1406926848||1406935039||1210568422||it||
1407016960||1407025151||1210568422||it||
1407188992||1407320063||1210568422||it||
1410408448||1410416639||1210568422||it||
1410498560||1410506751||1210568422||it||
1411448832||1411514367||1210568422||it||
1411788800||1411792895||1210568422||it||
1423704064||1423966207||1210568422||it||
1425047552||1425063935||1210568422||it||
1425444864||1425446911||1210568422||it||
1425522688||1425539071||1210568422||it||
1425899520||1425915903||1210568422||it||
1425965056||1425981439||1210568422||it||
1427243008||1427308543||1210568422||it||
1427374080||1427439615||1210568422||it||
1428135936||1428137983||1210568422||it||
1428160512||1429209087||1210568422||it||
1431879680||1431887871||1210568422||it||
1431928832||1431937023||1210568422||it||
1432272896||1432281087||1210568422||it||
1433698304||1433706495||1210568422||it||
1433722880||1433731071||1210568422||it||
1433833472||1433835519||1210568422||it||
1433872384||1433874431||1210568422||it||
1433907200||1433909247||1210568422||it||
1436438528||1436440575||1210568422||it||
1436528640||1436530687||1210568422||it||
1436532736||1436534783||1210568422||it||
1436534784||1436536831||1210568422||it||
1441497088||1441505279||1210568422||it||
1441767424||1441775615||1210568422||it||
1450016768||1450024959||1210568422||it||
1450082304||1450090495||1210568422||it||
1459617792||1461714943||1210568422||it||
1475215360||1475223551||1210568422||it||
1475274752||1475276799||1210568422||it||
1475862528||1475864575||1210568422||it||
1475864576||1475866623||1210568422||it||
1475878912||1475887103||1210568422||it||
1476018176||1476026367||1210568422||it||
1476222976||1476231167||1210568422||it||
1478492160||1480589311||1210568422||it||
1481654272||1481662463||1210568422||it||
1481744384||1481752575||1210568422||it||
1482072064||1482080255||1210568422||it||
1482121216||1482129407||1210568422||it||
1486192640||1486225407||1210568422||it||
1489633280||1489666047||1210568422||it||
1490386944||1490403327||1210568422||it||
1494327296||1494335487||1210568422||it||
1495218176||1495220223||1210568422||it||
1495222272||1495224319||1210568422||it||
1495255040||1495257087||1210568422||it||
1499463680||1499594751||1210568422||it||
1500069888||1500078079||1210568422||it||
1500207104||1500209151||1210568422||it||
1500905472||1501036543||1210568422||it||
1502904320||1502920703||1210568422||it||
1505255424||1505263615||1210568422||it||
1505378304||1505386495||1210568422||it||
1505525760||1505533951||1210568422||it||
1505566720||1505574911||1210568422||it||
1505665024||1505673215||1210568422||it||
1506758656||1506760703||1210568422||it||
1506764800||1506766847||1210568422||it||
1507663872||1507667967||1210568422||it||
1507688448||1507692543||1210568422||it||
1507692544||1507696639||1210568422||it||
1509437440||1509441535||1210568422||it||
1509666816||1509670911||1210568422||it||
1519583232||1519648767||1210568422||it||
1531969536||1532100607||1210568422||it||
1533423616||1533425663||1210568422||it||
1533429760||1533431807||1210568422||it||
1533444096||1533446143||1210568422||it||
1533489152||1533491199||1210568422||it||
1536147456||1536151551||1210568422||it||
1536626688||1536630783||1210568422||it||
1539031040||1539039231||1210568422||it||
1539047424||1539055615||1210568422||it||
1539341312||1539342335||1210568422||it||
1539386368||1539387391||1210568422||it||
1539403776||1539404799||1210568422||it||
1539476992||1539477503||1210568422||it||
1539724288||1539724543||1210568422||it||
1539768832||1539769087||1210568422||it||
1539783424||1539783679||1210568422||it||
1539812608||1539812863||1210568422||it||
1539866624||1539867647||1210568422||it||
1539887104||1539888127||1210568422||it||
1546096640||1546100735||1210568422||it||
1546280960||1546283007||1210568422||it||
1546383360||1546385407||1210568422||it||
1547444224||1547448319||1210568422||it||
1547452416||1547456511||1210568422||it||
1547587584||1547591679||1210568422||it||
1547689984||1547694079||1210568422||it||
1559461888||1559470079||1210568422||it||
1559601152||1559609343||1210568422||it||
1559633920||1559642111||1210568422||it||
1559650304||1559658495||1210568422||it||
1562378240||1564475391||1210568422||it||
1564475392||1564999679||1210568422||it||
1566056448||1566060543||1210568422||it||
1566072832||1566076927||1210568422||it||
1566076928||1566081023||1210568422||it||
1566126080||1566130175||1210568422||it||
1566328832||1566330879||1210568422||it||
1566349312||1566351359||1210568422||it||
1566357504||1566359551||1210568422||it||
1566380032||1566382079||1210568422||it||
1566402560||1566404607||1210568422||it||
1566416896||1566418943||1210568422||it||
1566427136||1566429183||1210568422||it||
1566435328||1566437375||1210568422||it||
1566447616||1566449663||1210568422||it||
1566449664||1566451711||1210568422||it||
1566464000||1566466047||1210568422||it||
1566562304||1566564351||1210568422||it||
1566900224||1566965759||1210568422||it||
1569718272||1570242559||1210568422||it||
1572044800||1572061183||1210568422||it||
1572630528||1572632575||1210568422||it||
1572659200||1572661247||1210568422||it||
1572702208||1572704255||1210568422||it||
2452619264||2452684799||1210568422||it||
2534080512||2534146047||1210568422||it||
2534146048||2534211583||1210568422||it||
2534866944||2534932479||1210568422||it||
2535915520||2535981055||1210568422||it||
2539847680||2539913215||1210568422||it||
3228172288||3228237823||1210568422||it||
3232169984||3232235519||1210568422||it||
3239128320||3239128575||1210568422||it||
3239467520||3239467775||1210568422||it||
3239539200||3239539455||1210568422||it||
3239582976||3239583231||1210568422||it||
3239686656||3239687167||1210568422||it||
3239691264||3239691519||1210568422||it||
3239739392||3239739647||1210568422||it||
3239823872||3239824383||1210568422||it||
3239862016||3239862271||1210568422||it||
3239877888||3239878143||1210568422||it||
3240169984||3240170495||1210568422||it||
3240190464||3240190975||1210568422||it||
3240691200||3240691711||1210568422||it||
3240709120||3240710143||1210568422||it||
3240711168||3240711423||1210568422||it||
3240711424||3240711679||1210568422||it||
3240712960||3240713215||1210568422||it||
3240734720||3240735743||1210568422||it||
3240742144||3240742399||1210568422||it||
3240749824||3240750079||1210568422||it||
3240750080||3240750335||1210568422||it||
3240755456||3240755711||1210568422||it||
3240755712||3240755967||1210568422||it||
3240755968||3240756223||1210568422||it||
3240756224||3240757247||1210568422||it||
3240757248||3240757759||1210568422||it||
3240757760||3240758015||1210568422||it||
3240758016||3240758271||1210568422||it||
3240758272||3240758527||1210568422||it||
3240758528||3240758783||1210568422||it||
3240758784||3240759039||1210568422||it||
3240759040||3240759295||1210568422||it||
3240759296||3240771583||1210568422||it||
3240771584||3240779775||1210568422||it||
3240779776||3240787967||1210568422||it||
3240787968||3240788991||1210568422||it||
3240788992||3240789247||1210568422||it||
3240789248||3240789503||1210568422||it||
3240789504||3240789759||1210568422||it||
3240789760||3240790015||1210568422||it||
3240790016||3240790527||1210568422||it||
3240790528||3240790783||1210568422||it||
3240790784||3240791039||1210568422||it||
3240791040||3240791551||1210568422||it||
3240791552||3240791807||1210568422||it||
3240791808||3240792063||1210568422||it||
3240792064||3240792319||1210568422||it||
3240792320||3240792575||1210568422||it||
3240792576||3240793087||1210568422||it||
3240793088||3240793599||1210568422||it||
3240793600||3240793855||1210568422||it||
3240793856||3240794111||1210568422||it||
3240794112||3240794367||1210568422||it||
3240794368||3240794623||1210568422||it||
3240794624||3240795135||1210568422||it||
3240795136||3240795391||1210568422||it||
3240795392||3240795647||1210568422||it||
3240795648||3240796159||1210568422||it||
3240796160||3240808959||1210568422||it||
3240812544||3240813567||1210568422||it||
3240814592||3240816639||1210568422||it||
3240816640||3240818687||1210568422||it||
3240820832||3240820863||1210568422||it||
3240820864||3240820991||1210568422||it||
3240820992||3240821247||1210568422||it||
3240821248||3240821759||1210568422||it||
3240821760||3240822783||1210568422||it||
3240822784||3240823807||1210568422||it||
3240823808||3240824319||1210568422||it||
3240824320||3240824575||1210568422||it||
3240824576||3240824831||1210568422||it||
3240824832||3240825343||1210568422||it||
3240825344||3240825855||1210568422||it||
3240825856||3240826879||1210568422||it||
3240826880||3240827135||1210568422||it||
3240827904||3240828159||1210568422||it||
3240828416||3240828927||1210568422||it||
3240828928||3240829183||1210568422||it||
3240829184||3240829439||1210568422||it||
3240829440||3240829695||1210568422||it||
3240829696||3240829951||1210568422||it||
3240829952||3240830207||1210568422||it||
3240830208||3240830463||1210568422||it||
3240830464||3240830975||1210568422||it||
3240830976||3240831231||1210568422||it||
3240831232||3240831487||1210568422||it||
3240831488||3240831999||1210568422||it||
3240832000||3240833023||1210568422||it||
3240833024||3240837119||1210568422||it||
3240837376||3240837631||1210568422||it||
3240837632||3240838143||1210568422||it||
3240838144||3240839423||1210568422||it||
3240839424||3240839679||1210568422||it||
3240839680||3240840191||1210568422||it||
3240840192||3240840447||1210568422||it||
3240841216||3240843263||1210568422||it||
3240845312||3240845567||1210568422||it||
3240845568||3240845823||1210568422||it||
3240845824||3240846079||1210568422||it||
3240846080||3240846335||1210568422||it||
3240846336||3240846591||1210568422||it||
3240846592||3240846847||1210568422||it||
3240846848||3240847359||1210568422||it||
3240847360||3240847871||1210568422||it||
3240847872||3240848639||1210568422||it||
3240848640||3240848895||1210568422||it||
3240848896||3240849151||1210568422||it||
3240849152||3240850431||1210568422||it||
3240850432||3240850687||1210568422||it||
3240850688||3240850943||1210568422||it||
3240850944||3240851199||1210568422||it||
3240851200||3240851455||1210568422||it||
3240851456||3240852479||1210568422||it||
3240852480||3240852735||1210568422||it||
3240852992||3240853247||1210568422||it||
3240853504||3240854527||1210568422||it||
3240854528||3240855039||1210568422||it||
3240855040||3240855295||1210568422||it||
3240855296||3240855551||1210568422||it||
3240855552||3240855807||1210568422||it||
3240855808||3240856063||1210568422||it||
3240856064||3240856575||1210568422||it||
3240856576||3240856831||1210568422||it||
3240856832||3240857087||1210568422||it||
3240857088||3240857343||1210568422||it||
3240857344||3240857599||1210568422||it||
3240857600||3240857855||1210568422||it||
3240857856||3240858111||1210568422||it||
3240858112||3240858367||1210568422||it||
3240858368||3240858623||1210568422||it||
3240858880||3240859135||1210568422||it||
3240859648||3240861183||1210568422||it||
3240861696||3240866815||1210568422||it||
3240867840||3240869887||1210568422||it||
3240869888||3240873983||1210568422||it||
3241063424||3241063679||1210568422||it||
3241864960||3241865215||1210568422||it||
3242590208||3242655743||1210568422||it||
3242983424||3243048959||1210568422||it||
3245086976||3245087231||1210568422||it||
3245095936||3245096959||1210568422||it||
3245128192||3245128447||1210568422||it||
3245132800||3245133055||1210568422||it||
3245133056||3245133311||1210568422||it||
3245137152||3245137407||1210568422||it||
3245141504||3245142015||1210568422||it||
3245154304||3245156351||1210568422||it||
3245156352||3245158399||1210568422||it||
3245169152||3245169407||1210568422||it||
3245172736||3245173759||1210568422||it||
3245174784||3245175039||1210568422||it||
3245176064||3245176319||1210568422||it||
3245197312||3245199359||1210568422||it||
3245205760||3245206015||1210568422||it||
3245232896||3245233151||1210568422||it||
3245250304||3245250559||1210568422||it||
3245262848||3245263871||1210568422||it||
3245282304||3245282815||1210568422||it||
3245288960||3245289215||1210568422||it||
3245295104||3245295615||1210568422||it||
3245295616||3245296127||1210568422||it||
3245297152||3245297663||1210568422||it||
3245315072||3245316095||1210568422||it||
3245318144||3245318399||1210568422||it||
3247087616||3247088639||1210568422||it||
3247438080||3247438335||1210568422||it||
3247711744||3247712255||1210568422||it||
3249720320||3249721343||1210568422||it||
3249723392||3249723647||1210568422||it||
3249726976||3249727487||1210568422||it||
3249728000||3249728511||1210568422||it||
3249730560||3249731583||1210568422||it||
3249732608||3249733631||1210568422||it||
3250417664||3250418175||1210568422||it||
3250651136||3250659327||1210568422||it||
3250695168||3250695679||1210568422||it||
3250697984||3250698239||1210568422||it||
3250720768||3250722047||1210568422||it||
3251110656||3251110911||1210568422||it||
3251164416||3251164671||1210568422||it||
3251182592||3251183103||1210568422||it||
3251185664||3251185919||1210568422||it||
3251189760||3251190783||1210568422||it||
3251219200||3251219455||1210568422||it||
3251364864||3251365887||1210568422||it||
3251365888||3251366911||1210568422||it||
3251372032||3251437567||1210568422||it||
3251437568||3251503103||1210568422||it||
3251503104||3251568639||1210568422||it||
3251568640||3251634175||1210568422||it||
3252362496||3252362751||1210568422||it||
3252381184||3252381439||1210568422||it||
3252382976||3252383231||1210568422||it||
3252586496||3252586751||1210568422||it||
3252895744||3252903935||1210568422||it||
3252905984||3252906239||1210568422||it||
3252933632||3252934143||1210568422||it||
3252934144||3252934655||1210568422||it||
3253619712||3253620735||1210568422||it||
3253625856||3253626879||1210568422||it||
3253635072||3253636095||1210568422||it||
3253679104||3253680127||1210568422||it||
3254654976||3254655743||1210568422||it||
3254710272||3254710783||1210568422||it||
3254813952||3254814207||1210568422||it||
3254815744||3254815999||1210568422||it||
3254841344||3254841599||1210568422||it||
3254898688||3254898943||1210568422||it||
3255236352||3255236607||1210568422||it||
3255426048||3255426559||1210568422||it||
3256090624||3256221695||1210568422||it||
3256614912||3256680447||1210568422||it||
3256693760||3256694783||1210568422||it||
3256732672||3256732927||1210568422||it||
3257269248||3257269503||1210568422||it||
3257542912||3257543423||1210568422||it||
3258067456||3258067711||1210568422||it||
3259351040||3259351551||1210568422||it||
3259971584||3259972607||1210568422||it||
3260006400||3260014591||1210568422||it||
3260743680||3260751871||1210568422||it||
3260751872||3260760063||1210568422||it||
3260760064||3260776447||1210568422||it||
3260776448||3260809215||1210568422||it||
3261673472||3261675519||1210568422||it||
3261675776||3261676031||1210568422||it||
3261676288||3261676543||1210568422||it||
3261676800||3261677055||1210568422||it||
3262382080||3262398463||1210568422||it||
3262398464||3262414847||1210568422||it||
3262424064||3262424575||1210568422||it||
3262627840||3262636031||1210568422||it||
3263033856||3263034367||1210568422||it||
3263076864||3263077375||1210568422||it||
3264187904||3264188415||1210568422||it||
3264311552||3264311807||1210568422||it||
3264341760||3264342015||1210568422||it||
3264377344||3264377599||1210568422||it||
3264604160||3264604671||1210568422||it||
3264607232||3264607487||1210568422||it||
3264651776||3264652287||1210568422||it||
3264825600||3264825855||1210568422||it||
3264832256||3264832511||1210568422||it||
3264833024||3264833535||1210568422||it||
3264840448||3264840703||1210568422||it||
3264850944||3264851967||1210568422||it||
3264854784||3264855039||1210568422||it||
3264856064||3264860159||1210568422||it||
3264860160||3264861183||1210568422||it||
3264861184||3264861695||1210568422||it||
3265602560||3265602815||1210568422||it||
3266346496||3266346751||1210568422||it||
3266396160||3266404351||1210568422||it||
3266404352||3266412543||1210568422||it||
3266543616||3266576383||1210568422||it||
3266772992||3266781183||1210568422||it||
3266838528||3266904063||1210568422||it||
3266904064||3266912255||1210568422||it||
3266912256||3266920447||1210568422||it||
3266920448||3266928639||1210568422||it||
3266928640||3266936831||1210568422||it||
3266936832||3266969599||1210568422||it||
3267066880||3267067903||1210568422||it||
3267079168||3267080191||1210568422||it||
3267099648||3267100671||1210568422||it||
3268763648||3268771839||1210568422||it||
3270639616||3270647807||1210568422||it||
3270651904||3270652415||1210568422||it||
3270655232||3270655487||1210568422||it||
3270688768||3270696959||1210568422||it||
3270696960||3270705151||1210568422||it||
3270705152||3270770687||1210568422||it||
3270770688||3270836223||1210568422||it||
3270934016||3270934527||1210568422||it||
3270967296||3270975487||1210568422||it||
3271008256||3271016447||1210568422||it||
3271794688||3271795711||1210568422||it||
3272019968||3272020991||1210568422||it||
3272113152||3272113407||1210568422||it||
3272481792||3272482047||1210568422||it||
3272499200||3272507391||1210568422||it||
3272629248||3272630271||1210568422||it||
3272736768||3272744959||1210568422||it||
3273048064||3273056255||1210568422||it||
3273588736||3273654271||1210568422||it||
3273654272||3273687039||1210568422||it||
3273876224||3273876479||1210568422||it||
3273877568||3273877759||1210568422||it||
3273916416||3273932799||1210568422||it||
3274416128||3274424319||1210568422||it||
3274506240||3274571775||1210568422||it||
3274688256||3274688511||1210568422||it||
3274693888||3274694143||1210568422||it||
3274696704||3274696959||1210568422||it||
3274701568||3274701823||1210568422||it||
3274701824||3274702079||1210568422||it||
3275104256||3275112447||1210568422||it||
3275509760||3275509855||1210568422||it||
3275511936||3275512063||1210568422||it||
3275512192||3275512319||1210568422||it||
3275522048||3275530239||1210568422||it||
3275537920||3275538431||1210568422||it||
3275661312||3275669503||1210568422||it||
3275677696||3275685887||1210568422||it||
3275799552||3275800063||1210568422||it||
3275884544||3275886591||1210568422||it||
3276096512||3276097535||1210568422||it||
3276324864||3276333055||1210568422||it||
3276425984||3276426239||1210568422||it||
3276427520||3276427775||1210568422||it||
3276718080||3276726271||1210568422||it||
3277181952||3277182207||1210568422||it||
3277186048||3277186303||1210568422||it||
3277483008||3277483519||1210568422||it||
3277694976||3277695487||1210568422||it||
3277716992||3277717503||1210568422||it||
3277750272||3277766655||1210568422||it||
3277819392||3277819647||1210568422||it||
3277881344||3277889535||1210568422||it||
3277897728||3277905919||1210568422||it||
3278307328||3278372863||1210568422||it||
3278790656||3278798847||1210568422||it||
3278798848||3278807039||1210568422||it||
3279421440||3279486975||1210568422||it||
3279568896||3279577087||1210568422||it||
3280005632||3280006143||1210568422||it||
3280125952||3280134143||1210568422||it||
3280134144||3280142335||1210568422||it||
3280404480||3280437247||1210568422||it||
3280455680||3280456703||1210568422||it||
3280568320||3280576511||1210568422||it||
3283538432||3283538943||1210568422||it||
3283542016||3283550207||1210568422||it||
3284014336||3284014591||1210568422||it||
3284074496||3284140031||1210568422||it||
3284716032||3284716287||1210568422||it||
3285057536||3285065727||1210568422||it||
3285331456||3285331967||1210568422||it||
3285336064||3285344255||1210568422||it||
3285344256||3285352447||1210568422||it||
3285745664||3285753855||1210568422||it||
3286171648||3286237183||1210568422||it||
3286345728||3286346751||1210568422||it||
3286360064||3286361087||1210568422||it||
3286417408||3286425599||1210568422||it||
3286679552||3286695935||1210568422||it||
3286936320||3286936575||1210568422||it||
3286951936||3286952959||1210568422||it||
3287214848||3287215103||1210568422||it||
3287643136||3287643647||1210568422||it||
3287728128||3287729407||1210568422||it||
3287732224||3287734271||1210568422||it||
3287735296||3287736319||1210568422||it||
3287941120||3287949311||1210568422||it||
3287949824||3287950079||1210568422||it||
3287998464||3288006655||1210568422||it||
3288260608||3288268799||1210568422||it||
3345446656||3345446911||1210568422||it||
3427762688||3427763455||1210568422||it||
3427790848||3427791103||1210568422||it||
3437751552||3437751807||1210568422||it||
3556933632||3556941823||1210568422||it||
3557031936||3557040127||1210568422||it||
3557171200||3557179391||1210568422||it||
3557244928||3557253119||1210568422||it||
3557507072||3557515263||1210568422||it||
3557621760||3557629951||1210568422||it||
3557720064||3557728255||1210568422||it||
3557933056||3557941247||1210568422||it||
3558039552||3558047743||1210568422||it||
3558244352||3558252543||1210568422||it||
3558342656||3558350847||1210568422||it||
3558449152||3558457343||1210568422||it||
3558645760||3558653951||1210568422||it||
3558703104||3558711295||1210568422||it||
3559047168||3559055359||1210568422||it||
3559055360||3559063551||1210568422||it||
3559112704||3559120895||1210568422||it||
3559268352||3559276543||1210568422||it||
3559325696||3559333887||1210568422||it||
3559505920||3559514111||1210568422||it||
3559612416||3559620607||1210568422||it||
3559743488||3559751679||1210568422||it||
3559751680||3559759871||1210568422||it||
3559825408||3559833599||1210568422||it||
3559858176||3559866367||1210568422||it||
3559915520||3559923711||1210568422||it||
3559956480||3559964671||1210568422||it||
3559989248||3559997439||1210568422||it||
3560194048||3560210431||1210568422||it||
3560480768||3560488959||1210568422||it||
3560923136||3560931327||1210568422||it||
3561119744||3561127935||1210568422||it||
3561152512||3561160703||1210568422||it||
3561324544||3561332735||1210568422||it||
3561414656||3561422847||1210568422||it||
3561684992||3561693183||1210568422||it||
3561734144||3561742335||1210568422||it||
3561832448||3561840639||1210568422||it||
3561881600||3561889791||1210568422||it||
3562061824||3562070015||1210568422||it||
3562283008||3562291199||1210568422||it||
3562381312||3562389503||1210568422||it||
3562668032||3562676223||1210568422||it||
3562741760||3562749951||1210568422||it||
3562749952||3562758143||1210568422||it||
3562962944||3562971135||1210568422||it||
3563134976||3563143167||1210568422||it||
3563462656||3563470847||1210568422||it||
3563470848||3563479039||1210568422||it||
3563569152||3563577343||1210568422||it||
3563585536||3563601919||1210568422||it||
3563954176||3563962367||1210568422||it||
3563978752||3563986943||1210568422||it||
3563986944||3563995135||1210568422||it||
3564019712||3564027903||1210568422||it||
3564126208||3564134399||1210568422||it||
3564322816||3564331007||1210568422||it||
3564716032||3564724223||1210568422||it||
3564847104||3564855295||1210568422||it||
3565355008||3565420543||1210568422||it||
3566010368||3566043135||1210568422||it||
3566043136||3566075903||1210568422||it||
3567403008||3567419391||1210568422||it||
3567591424||3567599615||1210568422||it||
3567976448||3568041983||1210568422||it||
3568369664||3568435199||1210568422||it||
3568803840||3568812031||1210568422||it||
3569188864||3569221631||1210568422||it||
3570532352||3570597887||1210568422||it||
3570925568||3570991103||1210568422||it||
3572432896||3572465663||1210568422||it||
3572826112||3572891647||1210568422||it||
3574956032||3574972415||1210568422||it||
3575250944||3575316479||1210568422||it||
3576496128||3576561663||1210568422||it||
3578920960||3578986495||1210568422||it||
3579314176||3579346943||1210568422||it||
3579576320||3579609087||1210568422||it||
3582345216||3582353407||1210568422||it||
3582492672||3582500863||1210568422||it||
3582500864||3582509055||1210568422||it||
3582631936||3582640127||1210568422||it||
3582722048||3582730239||1210568422||it||
3582738432||3582746623||1210568422||it||
3582771200||3582779391||1210568422||it||
3583000576||3583008767||1210568422||it||
3583025152||3583033343||1210568422||it||
3583049728||3583057919||1210568422||it||
3583361024||3583369215||1210568422||it||
3583549440||3583557631||1210568422||it||
3583557632||3583565823||1210568422||it||
3583754240||3583762431||1210568422||it||
3583778816||3583787007||1210568422||it||
3583918080||3583926271||1210568422||it||
3584540672||3584548863||1210568422||it||
3584778240||3584786431||1210568422||it||
3584794624||3584802815||1210568422||it||
3584909312||3584917503||1210568422||it||
3584991232||3584999423||1210568422||it||
3585015808||3585023999||1210568422||it||
3585261568||3585269759||1210568422||it||
3585490944||3585499135||1210568422||it||
3585572864||3585581055||1210568422||it||
3585916928||3585925119||1210568422||it||
3586555904||3586572287||1210568422||it||
3586588672||3586596863||1210568422||it||
3586883584||3586899967||1210568422||it||
3586916352||3586924543||1210568422||it||
3586981888||3586990079||1210568422||it||
3586990080||3586998271||1210568422||it||
3587244032||3587260415||1210568422||it||
3587284992||3587293183||1210568422||it||
3587293184||3587309567||1210568422||it||
3587473408||3587489791||1210568422||it||
3587506176||3587522559||1210568422||it||
3587522560||3587538943||1210568422||it||
3587588096||3587596287||1210568422||it||
3587801088||3587817471||1210568422||it||
3587842048||3587850239||1210568422||it||
3588341760||3588358143||1210568422||it||
3588653056||3588661247||1210568422||it||
3588816896||3588833279||1210568422||it||
3588915200||3588931583||1210568422||it||
3589521408||3589537791||1210568422||it||
3589668864||3589677055||1210568422||it||
3590193152||3590201343||1210568422||it||
3590258688||3590275071||1210568422||it||
3590275072||3590291455||1210568422||it||
3641262080||3641266175||1210568422||it||
3641376768||3641380863||1210568422||it||
3641393152||3641397247||1210568422||it||
3641397248||3641401343||1210568422||it||
3641475072||3641479167||1210568422||it||
3641483264||3641487359||1210568422||it||
3641487360||3641491455||1210568422||it||
3641692160||3641696255||1210568422||it||
3641835520||3641839615||1210568422||it||
3641860096||3641864191||1210568422||it||
3641864192||3641868287||1210568422||it||
3641888768||3641892863||1210568422||it||
3641937920||3641942015||1210568422||it||
3641966592||3641970687||1210568422||it||
3642105856||3642109951||1210568422||it||
3642150912||3642155007||1210568422||it||
3642155008||3642159103||1210568422||it||
3642159104||3642163199||1210568422||it||
3642380288||3642384383||1210568422||it||
3642417152||3642421247||1210568422||it||
3642441728||3642449919||1210568422||it||
3642454016||3642458111||1210568422||it||
3642519552||3642523647||1210568422||it||
3642572800||3642576895||1210568422||it||
3642597376||3642601471||1210568422||it||
3642621952||3642626047||1210568422||it||
3642671104||3642675199||1210568422||it||
3642716160||3642720255||1210568422||it||
3644325888||3644588031||1210568422||it||
3644899328||3644903423||1210568422||it||
3644932096||3644936191||1210568422||it||
3645280256||3645284351||1210568422||it||
3645325312||3645329407||1210568422||it||
3645382656||3645386751||1210568422||it||
3645399040||3645403135||1210568422||it||
3645493248||3645497343||1210568422||it||
3645497344||3645501439||1210568422||it||
3645636608||3645640703||1210568422||it||
3645689856||3645693951||1210568422||it||
3645722624||3645726719||1210568422||it||
3648114688||3648118783||1210568422||it||
3648196608||3648200703||1210568422||it||
3648389120||3648393215||1210568422||it||
3648425984||3648430079||1210568422||it||
3648450560||3648454655||1210568422||it||
3648487424||3648491519||1210568422||it||
3649372160||3649437695||1210568422||it||
3649896448||3649961983||1210568422||it||
3650240512||3650244607||1210568422||it||
3650322432||3650326527||1210568422||it||
3650326528||3650330623||1210568422||it||
3650379776||3650383871||1210568422||it||
3650383872||3650387967||1210568422||it||
3650441216||3650445311||1210568422||it||
3651723264||3651727359||1210568422||it||
3651756032||3651760127||1210568422||it||
3651760128||3651764223||1210568422||it||
3651837952||3651842047||1210568422||it||
3651854336||3651858431||1210568422||it||
3651870720||3651874815||1210568422||it||
3651903488||3651907583||1210568422||it||
3651928064||3651932159||1210568422||it||
3651960832||3651964927||1210568422||it||
3651977216||3651985407||1210568422||it||
3652071424||3652075519||1210568422||it||
3652087808||3652091903||1210568422||it||
3652136960||3652141055||1210568422||it||
3653369856||3653373951||1210568422||it||
3653414912||3653419007||1210568422||it||
3653697536||3653701631||1210568422||it||
3653701632||3653705727||1210568422||it||
3653763072||3654025215||1210568422||it||
3655073792||3655139327||1210568422||it||
3655139328||3655204863||1210568422||it||
3655204864||3655237631||1210568422||it||
3655237632||3655270399||1210568422||it||
3655270400||3655335935||1210568422||it||
