--||--||--||jp||Japan
721420288||738197503||1210568422||jp||
973078528||973209599||1210568422||jp||
973275136||973307903||1210568422||jp||
973307904||973340671||1210568422||jp||
973340672||973471743||1210568422||jp||
973864960||973996031||1210568422||jp||
977346560||977354751||1210568422||jp||
977666048||977731583||1210568422||jp||
978321408||978452479||1210568422||jp||
978583552||978599935||1210568422||jp||
978649088||978714623||1210568422||jp||
978784256||978788351||1210568422||jp||
978812928||978845695||1210568422||jp||
978845696||978976767||1210568422||jp||
978976768||979107839||1210568422||jp||
979107840||979369983||1210568422||jp||
979501056||979566591||1210568422||jp||
980418560||980549631||1210568422||jp||
982122496||982155263||1210568422||jp||
982155264||982171647||1210568422||jp||
982622208||982624255||1210568422||jp||
982646784||982663167||1210568422||jp||
982663168||982671359||1210568422||jp||
982753280||982755327||1210568422||jp||
982761472||982769663||1210568422||jp||
982769664||982777855||1210568422||jp||
983302144||983433215||1210568422||jp||
983433216||983564287||1210568422||jp||
985071616||985104383||1210568422||jp||
985104384||985137151||1210568422||jp||
985399296||985661439||1210568422||jp||
995360768||995491839||1210568422||jp||
995491840||995524607||1210568422||jp||
995524608||995532799||1210568422||jp||
995557376||995622911||1210568422||jp||
996802560||996868095||1210568422||jp||
998244352||999292927||1210568422||jp||
999424000||999489535||1210568422||jp||
999489536||999555071||1210568422||jp||
999784448||999800831||1210568422||jp||
999882752||999948287||1210568422||jp||
1000079360||1000210431||1210568422||jp||
1000210432||1000341503||1210568422||jp||
1000734720||1000800255||1210568422||jp||
1000865792||1001127935||1210568422||jp||
1002307584||1002373119||1210568422||jp||
1002405888||1002422271||1210568422||jp||
1008730112||1009778687||1210568422||jp||
1010302976||1010368511||1210568422||jp||
1010368512||1010401279||1210568422||jp||
1010401280||1010434047||1210568422||jp||
1010434048||1010565119||1210568422||jp||
1010565120||1010696191||1210568422||jp||
1010696192||1010728959||1210568422||jp||
1010728960||1010733055||1210568422||jp||
1010733056||1010737151||1210568422||jp||
1010737152||1010745343||1210568422||jp||
1010745344||1010761727||1210568422||jp||
1010827264||1015021567||1210568422||jp||
1015021568||1017118719||1210568422||jp||
1019215872||1019346943||1210568422||jp||
1022099456||1022230527||1210568422||jp||
1022230528||1022361599||1210568422||jp||
1023328256||1023344639||1210568422||jp||
1023705088||1023713279||1210568422||jp||
1023713280||1023717375||1210568422||jp||
1023795200||1023803391||1210568422||jp||
1023868928||1023885311||1210568422||jp||
1023885312||1023901695||1210568422||jp||
1023954944||1023956991||1210568422||jp||
1023956992||1023959039||1210568422||jp||
1024163840||1024172031||1210568422||jp||
1024172032||1024176127||1210568422||jp||
1024176128||1024180223||1210568422||jp||
1024180224||1024184319||1210568422||jp||
1024229376||1024262143||1210568422||jp||
1024786432||1024851967||1210568422||jp||
1024851968||1024884735||1210568422||jp||
1024884736||1024892927||1210568422||jp||
1024892928||1024901119||1210568422||jp||
1024901120||1024917503||1210568422||jp||
1024917504||1024933887||1210568422||jp||
1024933888||1024950271||1210568422||jp||
1024950272||1024983039||1210568422||jp||
1024983040||1025015807||1210568422||jp||
1025015808||1025048575||1210568422||jp||
1025048576||1025056767||1210568422||jp||
1025056768||1025064959||1210568422||jp||
1025064960||1025081343||1210568422||jp||
1025081344||1025114111||1210568422||jp||
1025114112||1025179647||1210568422||jp||
1025179648||1025212415||1210568422||jp||
1025212416||1025216511||1210568422||jp||
1025216512||1025220607||1210568422||jp||
1025220608||1025228799||1210568422||jp||
1025228800||1025245183||1210568422||jp||
1026293760||1026310143||1210568422||jp||
1026310144||1026326527||1210568422||jp||
1026326528||1026342911||1210568422||jp||
1026342912||1026351103||1210568422||jp||
1026351104||1026355199||1210568422||jp||
1026355200||1026359295||1210568422||jp||
1026359296||1026392063||1210568422||jp||
1026408448||1026416639||1210568422||jp||
1026424832||1026490367||1210568422||jp||
1029046272||1029111807||1210568422||jp||
1029111808||1029128191||1210568422||jp||
1029128192||1029144575||1210568422||jp||
1029242880||1029308415||1210568422||jp||
1030750208||1031798783||1210568422||jp||
1035993088||1036517375||1210568422||jp||
1036517376||1037041663||1210568422||jp||
1037041664||1037565951||1210568422||jp||
1039466496||1039499263||1210568422||jp||
1039515648||1039519743||1210568422||jp||
1039519744||1039521791||1210568422||jp||
1039521792||1039523839||1210568422||jp||
1077452800||1077460991||1210568422||jp||
1913651200||1913913343||1210568422||jp||
1915748352||1916010495||1210568422||jp||
1946189824||1946222591||1210568422||jp||
1946943488||1946951679||1210568422||jp||
1946955776||1946957823||1210568422||jp||
1949446144||1949448191||1210568422||jp||
1949995008||1949999103||1210568422||jp||
1949999104||1950007295||1210568422||jp||
1950351360||1950482431||1210568422||jp||
1950668800||1950670847||1210568422||jp||
1950777344||1950793727||1210568422||jp||
1951399936||1951662079||1210568422||jp||
1952038912||1952043007||1210568422||jp||
1952092160||1952096255||1210568422||jp||
1952104448||1952108543||1210568422||jp||
1952120832||1952186367||1210568422||jp||
1952317440||1952382975||1210568422||jp||
1953939456||1953943551||1210568422||jp||
1953943552||1953947647||1210568422||jp||
1953947648||1953951743||1210568422||jp||
1958830080||1958838271||1210568422||jp||
1959102464||1959104511||1210568422||jp||
1959110656||1959112703||1210568422||jp||
1959243776||1959247871||1210568422||jp||
1960185856||1960187903||1210568422||jp||
1960202240||1960206335||1210568422||jp||
1960574976||1960837119||1210568422||jp||
1962803200||1962819583||1210568422||jp||
1962819584||1962827775||1210568422||jp||
1962829824||1962831871||1210568422||jp||
1964120064||1964122111||1210568422||jp||
1964146688||1964163071||1210568422||jp||
1964163072||1964167167||1210568422||jp||
1964167168||1964171263||1210568422||jp||
1964263424||1964265471||1210568422||jp||
1965948928||1966014463||1210568422||jp||
1966407680||1966415871||1210568422||jp||
1966415872||1966417919||1210568422||jp||
1966538752||1966571519||1210568422||jp||
1966592000||1966596095||1210568422||jp||
1966772224||1966776319||1210568422||jp||
1966792704||1966796799||1210568422||jp||
1967783936||1967800319||1210568422||jp||
1969661952||1969663999||1210568422||jp||
1969664000||1969668095||1210568422||jp||
1969668096||1969676287||1210568422||jp||
1969725440||1969727487||1210568422||jp||
1969729536||1969733631||1210568422||jp||
1969750016||1969766399||1210568422||jp||
1969766400||1969782783||1210568422||jp||
1969782784||1969790975||1210568422||jp||
1970012160||1970143231||1210568422||jp||
1970810880||1970812927||1210568422||jp||
1979711488||1980760063||1210568422||jp||
1980760064||1981284351||1210568422||jp||
1984118784||1984126975||1210568422||jp||
1984126976||1984131071||1210568422||jp||
1985101824||1985110015||1210568422||jp||
1985110016||1985118207||1210568422||jp||
1985150976||1985216511||1210568422||jp||
1985347584||1985478655||1210568422||jp||
1985724416||1985732607||1210568422||jp||
1986406400||1986408447||1210568422||jp||
1986408448||1986412543||1210568422||jp||
1986461696||1986494463||1210568422||jp||
1986494464||1986496511||1210568422||jp||
1986527232||1986658303||1210568422||jp||
1986658304||1986723839||1210568422||jp||
1986789376||1987051519||1210568422||jp||
1989672960||1989935103||1210568422||jp||
1991311360||1991376895||1210568422||jp||
1995177984||1995309055||1210568422||jp||
1995309056||1995374591||1210568422||jp||
1995440128||1995571199||1210568422||jp||
1995636736||1995702271||1210568422||jp||
1997185024||1997187071||1210568422||jp||
1997193216||1997209599||1210568422||jp||
1997508608||1997510655||1210568422||jp||
1997709312||1997713407||1210568422||jp||
1997713408||1997715455||1210568422||jp||
1997723648||1997725695||1210568422||jp||
1998061568||1998192639||1210568422||jp||
1998192640||1998258175||1210568422||jp||
1998503936||1998520319||1210568422||jp||
1998553088||1998561279||1210568422||jp||
1999568896||1999572991||1210568422||jp||
1999572992||1999577087||1210568422||jp||
1999577088||1999585279||1210568422||jp||
1999585280||1999589375||1210568422||jp||
1999593472||1999597567||1210568422||jp||
1999601664||1999634431||1210568422||jp||
2000371712||2000373759||1210568422||jp||
2000377856||2000379903||1210568422||jp||
2000621568||2000625663||1210568422||jp||
2000646144||2000650239||1210568422||jp||
2000658432||2000666623||1210568422||jp||
2000666624||2000668671||1210568422||jp||
2001207296||2001272831||1210568422||jp||
2001461248||2001465343||1210568422||jp||
2001866752||2001868799||1210568422||jp||
2001868800||2001870847||1210568422||jp||
2001903616||2001911807||1210568422||jp||
2001911808||2001915903||1210568422||jp||
2001928192||2001993727||1210568422||jp||
2003304448||2003566591||1210568422||jp||
2003720192||2003722239||1210568422||jp||
2006214656||2006216703||1210568422||jp||
2006237184||2006253567||1210568422||jp||
2006319104||2006384639||1210568422||jp||
2007066624||2007068671||1210568422||jp||
2007068672||2007070719||1210568422||jp||
2007498752||2008023039||1210568422||jp||
2011430912||2011693055||1210568422||jp||
2011947008||2011951103||1210568422||jp||
2012086272||2012217343||1210568422||jp||
2012217344||2012479487||1210568422||jp||
2012479488||2012545023||1210568422||jp||
2012545024||2012610559||1210568422||jp||
2015203328||2015205375||1210568422||jp||
2015207424||2015215615||1210568422||jp||
2016583680||2016585727||1210568422||jp||
2016591872||2016595967||1210568422||jp||
2016600064||2016608255||1210568422||jp||
2016608256||2016673791||1210568422||jp||
2017984512||2017988607||1210568422||jp||
2018000896||2018004991||1210568422||jp||
2018115584||2018246655||1210568422||jp||
2019037184||2019041279||1210568422||jp||
2019131392||2019164159||1210568422||jp||
2019360768||2019426303||1210568422||jp||
2022227968||2022244351||1210568422||jp||
2022277120||2022309887||1210568422||jp||
2022342656||2022359039||1210568422||jp||
2022637568||2022653951||1210568422||jp||
2022653952||2022662143||1210568422||jp||
2030051328||2030055423||1210568422||jp||
2030055424||2030057471||1210568422||jp||
2030141440||2030174207||1210568422||jp||
2030174208||2030239743||1210568422||jp||
2030239744||2030305279||1210568422||jp||
2033330176||2033332223||1210568422||jp||
2033332224||2033334271||1210568422||jp||
2033334272||2033336319||1210568422||jp||
2033358848||2033360895||1210568422||jp||
2033360896||2033362943||1210568422||jp||
2033876992||2033879039||1210568422||jp||
2033889280||2033891327||1210568422||jp||
2035286016||2035548159||1210568422||jp||
2035548160||2035810303||1210568422||jp||
2036072448||2036203519||1210568422||jp||
2036203520||2036334591||1210568422||jp||
2036598784||2036600831||1210568422||jp||
2036727808||2036793343||1210568422||jp||
2036793344||2036858879||1210568422||jp||
2036858880||2037121023||1210568422||jp||
2037121024||2037383167||1210568422||jp||
2037383168||2037907455||1210568422||jp||
2043183104||2043199487||1210568422||jp||
2043201536||2043203583||1210568422||jp||
2046885888||2046951423||1210568422||jp||
2047868928||2048917503||1210568422||jp||
2050080768||2050082815||1210568422||jp||
2050091008||2050093055||1210568422||jp||
2050093056||2050097151||1210568422||jp||
2050101248||2050105343||1210568422||jp||
2050105344||2050113535||1210568422||jp||
2053335040||2053337087||1210568422||jp||
2053378048||2053380095||1210568422||jp||
2053537792||2053570559||1210568422||jp||
2053570560||2053636095||1210568422||jp||
2055208960||2055213055||1210568422||jp||
2055237632||2055239679||1210568422||jp||
2055331840||2055335935||1210568422||jp||
2055340032||2055471103||1210568422||jp||
2055471104||2055733247||1210568422||jp||
2056323072||2056388607||1210568422||jp||
2056781824||2056785919||1210568422||jp||
2056785920||2056790015||1210568422||jp||
2056790016||2056794111||1210568422||jp||
2056798208||2056806399||1210568422||jp||
2056814592||2056830975||1210568422||jp||
2059665408||2059796479||1210568422||jp||
2059935744||2059937791||1210568422||jp||
2059976704||2059984895||1210568422||jp||
2059984896||2059993087||1210568422||jp||
2059993088||2059995135||1210568422||jp||
2060062720||2060064767||1210568422||jp||
2060064768||2060066815||1210568422||jp||
2060451840||2061500415||1210568422||jp||
2063089664||2063097855||1210568422||jp||
2063106048||2063122431||1210568422||jp||
2063138816||2063204351||1210568422||jp||
2063204352||2063335423||1210568422||jp||
2063343616||2063351807||1210568422||jp||
2063368192||2063372287||1210568422||jp||
2063400960||2063466495||1210568422||jp||
2063564800||2063581183||1210568422||jp||
2063613952||2063622143||1210568422||jp||
2063663104||2063695871||1210568422||jp||
2066743296||2066808831||1210568422||jp||
2066874368||2066882559||1210568422||jp||
2066923520||2066931711||1210568422||jp||
2066931712||2066935807||1210568422||jp||
2066935808||2066939903||1210568422||jp||
2070056960||2070061055||1210568422||jp||
2070077440||2070081535||1210568422||jp||
2070081536||2070085631||1210568422||jp||
2070200320||2070208511||1210568422||jp||
2070380544||2070396927||1210568422||jp||
2070405120||2070409215||1210568422||jp||
2070413312||2070675455||1210568422||jp||
2070675456||2070677503||1210568422||jp||
2070724608||2070726655||1210568422||jp||
2070734848||2070736895||1210568422||jp||
2075158528||2075160575||1210568422||jp||
2075164672||2075197439||1210568422||jp||
2076573696||2076606463||1210568422||jp||
2076712960||2076721151||1210568422||jp||
2077753344||2078277631||1210568422||jp||
2078277632||2078539775||1210568422||jp||
2078670848||2078736383||1210568422||jp||
2079510528||2079514623||1210568422||jp||
2079516672||2079518719||1210568422||jp||
2080243712||2080260095||1210568422||jp||
2081554432||2081619967||1210568422||jp||
2081947648||2082013183||1210568422||jp||
2082013184||2082078719||1210568422||jp||
2082078720||2082209791||1210568422||jp||
2082471936||2082734079||1210568422||jp||
2082734080||2082996223||1210568422||jp||
2082996224||2083004415||1210568422||jp||
2083004416||2083012607||1210568422||jp||
2083012608||2083020799||1210568422||jp||
2083020800||2083024895||1210568422||jp||
2083061760||2083094527||1210568422||jp||
2083094528||2083110911||1210568422||jp||
2083258368||2083323903||1210568422||jp||
2083323904||2083389439||1210568422||jp||
2083471360||2083487743||1210568422||jp||
2083504128||2083520511||1210568422||jp||
2084749312||2084753407||1210568422||jp||
2084757504||2084765695||1210568422||jp||
2085847040||2085879807||1210568422||jp||
2085879808||2086141951||1210568422||jp||
2086666240||2087190527||1210568422||jp||
2087460864||2087462911||1210568422||jp||
2087467008||2087469055||1210568422||jp||
2087501824||2087518207||1210568422||jp||
2087550976||2087583743||1210568422||jp||
2087583744||2087649279||1210568422||jp||
2089549824||2089811967||1210568422||jp||
2089811968||2089943039||1210568422||jp||
2089959424||2089967615||1210568422||jp||
2089967616||2089975807||1210568422||jp||
2089975808||2090008575||1210568422||jp||
2090008576||2090024959||1210568422||jp||
2090024960||2090041343||1210568422||jp||
2090467328||2090532863||1210568422||jp||
2090532864||2090549247||1210568422||jp||
2090549248||2090565631||1210568422||jp||
2090795008||2090860543||1210568422||jp||
2093191168||2093195263||1210568422||jp||
2094006272||2094268415||1210568422||jp||
2094268416||2094530559||1210568422||jp||
2094759936||2094792703||1210568422||jp||
2096168960||2096201727||1210568422||jp||
2096201728||2096218111||1210568422||jp||
2096218112||2096226303||1210568422||jp||
2096226304||2096230399||1210568422||jp||
2096230400||2096234495||1210568422||jp||
2096431104||2096496639||1210568422||jp||
2096529408||2096562175||1210568422||jp||
2096562176||2096594943||1210568422||jp||
2096594944||2096611327||1210568422||jp||
2097086464||2097151999||1210568422||jp||
2097152000||2097283071||1210568422||jp||
2097283072||2097414143||1210568422||jp||
2097414144||2097479679||1210568422||jp||
2097545216||2097610751||1210568422||jp||
2097676288||2098200575||1210568422||jp||
2098987008||2099118079||1210568422||jp||
2099118080||2099183615||1210568422||jp||
2099200000||2099216383||1210568422||jp||
2100297728||2100822015||1210568422||jp||
2100822016||2100854783||1210568422||jp||
2100969472||2100985855||1210568422||jp||
2101276672||2101280767||1210568422||jp||
2101288960||2101293055||1210568422||jp||
2103705600||2103967743||1210568422||jp||
2108293120||2108358655||1210568422||jp||
2108424192||2108686335||1210568422||jp||
2109734912||2109997055||1210568422||jp||
2109997056||2110259199||1210568422||jp||
2110259200||2110783487||1210568422||jp||
2111209472||2111217663||1210568422||jp||
2111258624||2111266815||1210568422||jp||
2111266816||2111275007||1210568422||jp||
2113699840||2113716223||1210568422||jp||
2113929216||2130706431||1210568422||jp||
2168193024||2168258559||1210568422||jp||
2173173760||2173239295||1210568422||jp||
2180579328||2180644863||1210568422||jp||
2183266304||2183331839||1210568422||jp||
2184577024||2184642559||1210568422||jp||
2185560064||2185625599||1210568422||jp||
2186739712||2186805247||1210568422||jp||
2191065088||2191130623||1210568422||jp||
2191392768||2191458303||1210568422||jp||
2205155328||2205220863||1210568422||jp||
2205220864||2205286399||1210568422||jp||
2211315712||2211381247||1210568422||jp||
2214068224||2214133759||1210568422||jp||
2226323456||2226388991||1210568422||jp||
2226520064||2226585599||1210568422||jp||
2229141504||2229207039||1210568422||jp||
2231369728||2248146943||1210568422||jp||
2258632704||2258698239||1210568422||jp||
2259943424||2260008959||1210568422||jp||
2263678976||2263744511||1210568422||jp||
2293956608||2294022143||1210568422||jp||
2294677504||2294743039||1210568422||jp||
2308505600||2308571135||1210568422||jp||
2317221888||2317287423||1210568422||jp||
2321874944||2321940479||1210568422||jp||
2322268160||2322333695||1210568422||jp||
2329149440||2329214975||1210568422||jp||
2329214976||2329280511||1210568422||jp||
2331181056||2331246591||1210568422||jp||
2341994496||2342060031||1210568422||jp||
2342125568||2342191103||1210568422||jp||
2354118656||2354184191||1210568422||jp||
2377252864||2377318399||1210568422||jp||
2380595200||2380660735||1210568422||jp||
2405040128||2405105663||1210568422||jp||
2405302272||2405367807||1210568422||jp||
2407333888||2407399423||1210568422||jp||
2408054784||2408120319||1210568422||jp||
2410348544||2410414079||1210568422||jp||
2412314624||2412380159||1210568422||jp||
2413625344||2413690879||1210568422||jp||
2415722496||2415788031||1210568422||jp||
2415984640||2416050175||1210568422||jp||
2429878272||2429943807||1210568422||jp||
2452815872||2452881407||1210568422||jp||
2453143552||2453209087||1210568422||jp||
2457141248||2457206783||1210568422||jp||
2476539904||2476605439||1210568422||jp||
2477785088||2477850623||1210568422||jp||
2493579264||2493644799||1210568422||jp||
2516647936||2516713471||1210568422||jp||
2516713472||2516779007||1210568422||jp||
2516779008||2516844543||1210568422||jp||
2516844544||2516975615||1210568422||jp||
2516975616||2517041151||1210568422||jp||
2517041152||2517106687||1210568422||jp||
2517106688||2517172223||1210568422||jp||
2517172224||2517237759||1210568422||jp||
2517237760||2517303295||1210568422||jp||
2517303296||2517368831||1210568422||jp||
2517368832||2517434367||1210568422||jp||
2517434368||2517499903||1210568422||jp||
2517499904||2517565439||1210568422||jp||
2517565440||2517630975||1210568422||jp||
2517630976||2517762047||1210568422||jp||
2517762048||2517827583||1210568422||jp||
2517827584||2517893119||1210568422||jp||
2517893120||2517958655||1210568422||jp||
2517958656||2518024191||1210568422||jp||
2518024192||2518089727||1210568422||jp||
2518089728||2518155263||1210568422||jp||
2518155264||2518220799||1210568422||jp||
2518220800||2518286335||1210568422||jp||
2518286336||2518417407||1210568422||jp||
2518417408||2518482943||1210568422||jp||
2518482944||2518548479||1210568422||jp||
2518548480||2518614015||1210568422||jp||
2518614016||2518679551||1210568422||jp||
2518679552||2518745087||1210568422||jp||
2518745088||2518810623||1210568422||jp||
2518810624||2518941695||1210568422||jp||
2518941696||2519007231||1210568422||jp||
2519007232||2519072767||1210568422||jp||
2519072768||2519203839||1210568422||jp||
2519203840||2519269375||1210568422||jp||
2519269376||2519334911||1210568422||jp||
2519334912||2519400447||1210568422||jp||
2519400448||2519465983||1210568422||jp||
2519465984||2519531519||1210568422||jp||
2519531520||2519597055||1210568422||jp||
2519597056||2519728127||1210568422||jp||
2519728128||2519793663||1210568422||jp||
2519793664||2519859199||1210568422||jp||
2519859200||2519924735||1210568422||jp||
2519924736||2519990271||1210568422||jp||
2519990272||2520055807||1210568422||jp||
2520055808||2520121343||1210568422||jp||
2520121344||2520186879||1210568422||jp||
2520186880||2520252415||1210568422||jp||
2520252416||2520317951||1210568422||jp||
2520317952||2520383487||1210568422||jp||
2520383488||2520449023||1210568422||jp||
2520449024||2520514559||1210568422||jp||
2520514560||2520580095||1210568422||jp||
2520580096||2520645631||1210568422||jp||
2520645632||2520776703||1210568422||jp||
2520776704||2520842239||1210568422||jp||
2520842240||2520907775||1210568422||jp||
2520907776||2521038847||1210568422||jp||
2521038848||2521104383||1210568422||jp||
2521104384||2521169919||1210568422||jp||
2521169920||2521300991||1210568422||jp||
2521300992||2521563135||1210568422||jp||
2521563136||2521825279||1210568422||jp||
2521825280||2521890815||1210568422||jp||
2521890816||2521956351||1210568422||jp||
2521956352||2522021887||1210568422||jp||
2522021888||2522087423||1210568422||jp||
2522087424||2522152959||1210568422||jp||
2522152960||2522218495||1210568422||jp||
2522218496||2522349567||1210568422||jp||
2522349568||2522415103||1210568422||jp||
2522415104||2522480639||1210568422||jp||
2522480640||2522611711||1210568422||jp||
2522611712||2522677247||1210568422||jp||
2522677248||2522742783||1210568422||jp||
2522742784||2522873855||1210568422||jp||
2522873856||2522939391||1210568422||jp||
2522939392||2523004927||1210568422||jp||
2523004928||2523070463||1210568422||jp||
2523070464||2523135999||1210568422||jp||
2523136000||2523201535||1210568422||jp||
2543714304||2543779839||1210568422||jp||
2544631808||2544697343||1210568422||jp||
2585853952||2585919487||1210568422||jp||
2585919488||2585985023||1210568422||jp||
2610954240||2611019775||1210568422||jp||
2634088448||2634153983||1210568422||jp||
2634153984||2634219519||1210568422||jp||
2634219520||2634285055||1210568422||jp||
2634285056||2634350591||1210568422||jp||
2634350592||2634416127||1210568422||jp||
2634416128||2634481663||1210568422||jp||
2634481664||2634547199||1210568422||jp||
2634547200||2634612735||1210568422||jp||
2634612736||2634678271||1210568422||jp||
2634678272||2634743807||1210568422||jp||
2634743808||2634809343||1210568422||jp||
2634809344||2634874879||1210568422||jp||
2634874880||2634940415||1210568422||jp||
2634940416||2635005951||1210568422||jp||
2635005952||2635071487||1210568422||jp||
2635071488||2635137023||1210568422||jp||
2635137024||2635202559||1210568422||jp||
2635268096||2635333631||1210568422||jp||
2635333632||2635399167||1210568422||jp||
2638151680||2638217215||1210568422||jp||
2638217216||2638282751||1210568422||jp||
2638282752||2638348287||1210568422||jp||
2638348288||2638413823||1210568422||jp||
2638413824||2638479359||1210568422||jp||
2638479360||2638544895||1210568422||jp||
2638544896||2638610431||1210568422||jp||
2638610432||2638675967||1210568422||jp||
2638675968||2638741503||1210568422||jp||
2638741504||2639003647||1210568422||jp||
2639003648||2639069183||1210568422||jp||
2639069184||2639134719||1210568422||jp||
2639134720||2639200255||1210568422||jp||
2639200256||2639265791||1210568422||jp||
2639265792||2639331327||1210568422||jp||
2639331328||2639396863||1210568422||jp||
2639396864||2639462399||1210568422||jp||
2640642048||2640707583||1210568422||jp||
2640707584||2640773119||1210568422||jp||
2640773120||2640838655||1210568422||jp||
2640838656||2640904191||1210568422||jp||
2640904192||2640969727||1210568422||jp||
2640969728||2641035263||1210568422||jp||
2641035264||2641100799||1210568422||jp||
2641100800||2641166335||1210568422||jp||
2641166336||2641231871||1210568422||jp||
2641231872||2641297407||1210568422||jp||
2641297408||2641362943||1210568422||jp||
2641362944||2641428479||1210568422||jp||
2641428480||2641494015||1210568422||jp||
2641494016||2641559551||1210568422||jp||
2641559552||2641625087||1210568422||jp||
2641625088||2641690623||1210568422||jp||
2641690624||2641756159||1210568422||jp||
2641756160||2641821695||1210568422||jp||
2641821696||2641887231||1210568422||jp||
2641887232||2641952767||1210568422||jp||
2646605824||2646671359||1210568422||jp||
2647457792||2647523327||1210568422||jp||
2663776256||2663841791||1210568422||jp||
2663841792||2663907327||1210568422||jp||
2663907328||2663972863||1210568422||jp||
2663972864||2664038399||1210568422||jp||
2664038400||2664103935||1210568422||jp||
2664103936||2664169471||1210568422||jp||
2664169472||2664235007||1210568422||jp||
2664235008||2664300543||1210568422||jp||
2664300544||2664366079||1210568422||jp||
2664366080||2664431615||1210568422||jp||
2664431616||2664497151||1210568422||jp||
2664497152||2664562687||1210568422||jp||
2664562688||2664628223||1210568422||jp||
2664628224||2664693759||1210568422||jp||
2664693760||2664759295||1210568422||jp||
2664759296||2664824831||1210568422||jp||
2664824832||2664890367||1210568422||jp||
2664890368||2664955903||1210568422||jp||
2664955904||2665021439||1210568422||jp||
2665021440||2665086975||1210568422||jp||
2672820224||2672885759||1210568422||jp||
2681405440||2681470975||1210568422||jp||
2682519552||2682585087||1210568422||jp||
2685075456||2685140991||1210568422||jp||
2685140992||2685206527||1210568422||jp||
2685206528||2685272063||1210568422||jp||
2685272064||2685337599||1210568422||jp||
2685337600||2685403135||1210568422||jp||
2685403136||2685468671||1210568422||jp||
2685468672||2685534207||1210568422||jp||
2685534208||2685599743||1210568422||jp||
2685599744||2685665279||1210568422||jp||
2685665280||2685796351||1210568422||jp||
2685796352||2685861887||1210568422||jp||
2685861888||2685927423||1210568422||jp||
2685927424||2685992959||1210568422||jp||
2685992960||2686058495||1210568422||jp||
2686058496||2686124031||1210568422||jp||
2686124032||2686189567||1210568422||jp||
2686189568||2686255103||1210568422||jp||
2686255104||2686320639||1210568422||jp||
2686320640||2686386175||1210568422||jp||
2689204224||2689269759||1210568422||jp||
2696478720||2696544255||1210568422||jp||
2696544256||2696609791||1210568422||jp||
2696609792||2696675327||1210568422||jp||
2696675328||2696740863||1210568422||jp||
2696740864||2696806399||1210568422||jp||
2696806400||2696871935||1210568422||jp||
2696871936||2696937471||1210568422||jp||
2696937472||2697003007||1210568422||jp||
2697003008||2697068543||1210568422||jp||
2697068544||2697134079||1210568422||jp||
2697134080||2697199615||1210568422||jp||
2697199616||2697265151||1210568422||jp||
2697265152||2697330687||1210568422||jp||
2697330688||2697396223||1210568422||jp||
2697396224||2697461759||1210568422||jp||
2697461760||2697527295||1210568422||jp||
2697527296||2697592831||1210568422||jp||
2697592832||2697658367||1210568422||jp||
2697658368||2697723903||1210568422||jp||
2697723904||2697789439||1210568422||jp||
2698444800||2698510335||1210568422||jp||
2699624448||2699689983||1210568422||jp||
2699689984||2699755519||1210568422||jp||
2699755520||2699821055||1210568422||jp||
2699821056||2699886591||1210568422||jp||
2699886592||2699952127||1210568422||jp||
2699952128||2700017663||1210568422||jp||
2700017664||2700083199||1210568422||jp||
2700083200||2700148735||1210568422||jp||
2700148736||2700214271||1210568422||jp||
2700279808||2700345343||1210568422||jp||
2700345344||2700410879||1210568422||jp||
2700410880||2700476415||1210568422||jp||
2700476416||2700541951||1210568422||jp||
2700541952||2700607487||1210568422||jp||
2700607488||2700673023||1210568422||jp||
2700673024||2700738559||1210568422||jp||
2700738560||2700804095||1210568422||jp||
2700804096||2700869631||1210568422||jp||
2700869632||2700935167||1210568422||jp||
2706046976||2706112511||1210568422||jp||
2707226624||2707292159||1210568422||jp||
2707292160||2707357695||1210568422||jp||
2707357696||2707423231||1210568422||jp||
2707423232||2707488767||1210568422||jp||
2708865024||2708930559||1210568422||jp||
2717384704||2717450239||1210568422||jp||
2718171136||2718236671||1210568422||jp||
2737438720||2737504255||1210568422||jp||
2737504256||2737569791||1210568422||jp||
2737569792||2737635327||1210568422||jp||
2737635328||2737700863||1210568422||jp||
2737700864||2737766399||1210568422||jp||
2737766400||2737831935||1210568422||jp||
2737831936||2737897471||1210568422||jp||
2737897472||2737963007||1210568422||jp||
2737963008||2738028543||1210568422||jp||
2738028544||2738094079||1210568422||jp||
2738094080||2738159615||1210568422||jp||
2738159616||2738225151||1210568422||jp||
2738225152||2738290687||1210568422||jp||
2738290688||2738356223||1210568422||jp||
2738356224||2738421759||1210568422||jp||
2738421760||2738487295||1210568422||jp||
2738487296||2738552831||1210568422||jp||
2738552832||2738618367||1210568422||jp||
2738683904||2738749439||1210568422||jp||
2743205888||2743271423||1210568422||jp||
2743271424||2743336959||1210568422||jp||
2743336960||2743599103||1210568422||jp||
2743599104||2743861247||1210568422||jp||
2743861248||2743992319||1210568422||jp||
2744057856||2744123391||1210568422||jp||
2744123392||2744385535||1210568422||jp||
2744385536||2744516607||1210568422||jp||
2748317696||2748383231||1210568422||jp||
2748383232||2748448767||1210568422||jp||
2748448768||2748514303||1210568422||jp||
2748514304||2748579839||1210568422||jp||
2748579840||2748645375||1210568422||jp||
2748710912||2748776447||1210568422||jp||
2748776448||2748841983||1210568422||jp||
2748841984||2748907519||1210568422||jp||
2748907520||2748973055||1210568422||jp||
2748973056||2749038591||1210568422||jp||
2749038592||2749104127||1210568422||jp||
2749104128||2749169663||1210568422||jp||
2749169664||2749235199||1210568422||jp||
2749300736||2749366271||1210568422||jp||
2749366272||2749431807||1210568422||jp||
2749431808||2749497343||1210568422||jp||
2749497344||2749562879||1210568422||jp||
2749562880||2749628415||1210568422||jp||
2754281472||2754347007||1210568422||jp||
2754478080||2754543615||1210568422||jp||
2755985408||2756050943||1210568422||jp||
2756050944||2756182015||1210568422||jp||
2761949184||2762014719||1210568422||jp||
2762014720||2762080255||1210568422||jp||
2762080256||2762145791||1210568422||jp||
2762145792||2762211327||1210568422||jp||
2769158144||2769223679||1210568422||jp||
2769223680||2769289215||1210568422||jp||
2769354752||2769420287||1210568422||jp||
2769420288||2769485823||1210568422||jp||
2773221376||2773286911||1210568422||jp||
2774335488||2774401023||1210568422||jp||
2774532096||2774597631||1210568422||jp||
2774728704||2774794239||1210568422||jp||
2774794240||2774859775||1210568422||jp||
2774859776||2774925311||1210568422||jp||
2774925312||2774990847||1210568422||jp||
2775318528||2775384063||1210568422||jp||
2784034816||2784100351||1210568422||jp||
2784100352||2784165887||1210568422||jp||
2791571456||2791636991||1210568422||jp||
2792751104||2792816639||1210568422||jp||
2792816640||2792882175||1210568422||jp||
2812870656||2812936191||1210568422||jp||
2813263872||2813329407||1210568422||jp||
2823749632||2823815167||1210568422||jp||
2849177600||2849177855||1210568422||jp||
3221608448||3221608703||1210568422||jp||
3222319616||3222319871||1210568422||jp||
3222319872||3222320127||1210568422||jp||
3222952704||3222952959||1210568422||jp||
3222953216||3222953471||1210568422||jp||
3222953472||3222953727||1210568422||jp||
3222953984||3222954239||1210568422||jp||
3223286784||3223287807||1210568422||jp||
3223287808||3223288063||1210568422||jp||
3223288064||3223288319||1210568422||jp||
3223288320||3223288831||1210568422||jp||
3223288832||3223289087||1210568422||jp||
3223307520||3223307775||1210568422||jp||
3223307776||3223308031||1210568422||jp||
3223308032||3223308287||1210568422||jp||
3223308288||3223308543||1210568422||jp||
3223308544||3223308799||1210568422||jp||
3223308800||3223309055||1210568422||jp||
3223309056||3223309311||1210568422||jp||
3223309312||3223309567||1210568422||jp||
3223309568||3223309823||1210568422||jp||
3223309824||3223310079||1210568422||jp||
3223422720||3223422975||1210568422||jp||
3223958016||3223958527||1210568422||jp||
3223958528||3223959551||1210568422||jp||
3223959552||3223961599||1210568422||jp||
3223961600||3223961855||1210568422||jp||
3223961856||3223962111||1210568422||jp||
3223962112||3223962623||1210568422||jp||
3223962624||3223963135||1210568422||jp||
3223999488||3223999743||1210568422||jp||
3223999744||3223999999||1210568422||jp||
3224000000||3224000255||1210568422||jp||
3224004352||3224004607||1210568422||jp||
3224004608||3224005631||1210568422||jp||
3224038656||3224038911||1210568422||jp||
3224088064||3224088319||1210568422||jp||
3224091904||3224092159||1210568422||jp||
3224094976||3224095231||1210568422||jp||
3224095232||3224095487||1210568422||jp||
3224305664||3224305919||1210568422||jp||
3224305920||3224306175||1210568422||jp||
3224306176||3224306687||1210568422||jp||
3224306688||3224307711||1210568422||jp||
3224307712||3224309759||1210568422||jp||
3224309760||3224310783||1210568422||jp||
3224310784||3224311039||1210568422||jp||
3224311040||3224311295||1210568422||jp||
3224311296||3224311551||1210568422||jp||
3224311552||3224311807||1210568422||jp||
3224311808||3224312063||1210568422||jp||
3224312064||3224312319||1210568422||jp||
3224312320||3224312575||1210568422||jp||
3224312576||3224312831||1210568422||jp||
3224312832||3224313087||1210568422||jp||
3224313088||3224313343||1210568422||jp||
3224313344||3224313599||1210568422||jp||
3224313600||3224313855||1210568422||jp||
3224313856||3224314111||1210568422||jp||
3224314112||3224314367||1210568422||jp||
3224314368||3224314623||1210568422||jp||
3224314624||3224314879||1210568422||jp||
3224314880||3224315135||1210568422||jp||
3224315136||3224315391||1210568422||jp||
3224315392||3224315647||1210568422||jp||
3224315648||3224315903||1210568422||jp||
3224315904||3224316159||1210568422||jp||
3224316160||3224316415||1210568422||jp||
3224316416||3224316671||1210568422||jp||
3224316672||3224316927||1210568422||jp||
3224316928||3224317183||1210568422||jp||
3224317184||3224317439||1210568422||jp||
3224317440||3224317695||1210568422||jp||
3224317696||3224317951||1210568422||jp||
3224317952||3224318207||1210568422||jp||
3224318208||3224318463||1210568422||jp||
3224318464||3224318719||1210568422||jp||
3224318720||3224318975||1210568422||jp||
3224318976||3224319231||1210568422||jp||
3224319232||3224319487||1210568422||jp||
3224319488||3224319743||1210568422||jp||
3224319744||3224319999||1210568422||jp||
3224320000||3224320255||1210568422||jp||
3224320256||3224320511||1210568422||jp||
3224320512||3224320767||1210568422||jp||
3224320768||3224321023||1210568422||jp||
3224321024||3224321279||1210568422||jp||
3224321280||3224321535||1210568422||jp||
3224321536||3224321791||1210568422||jp||
3224321792||3224322047||1210568422||jp||
3224322048||3224322303||1210568422||jp||
3224322304||3224322559||1210568422||jp||
3224322560||3224322815||1210568422||jp||
3224322816||3224323071||1210568422||jp||
3224323072||3224323327||1210568422||jp||
3224323328||3224323583||1210568422||jp||
3224323584||3224323839||1210568422||jp||
3224323840||3224324095||1210568422||jp||
3224324096||3224324351||1210568422||jp||
3224324352||3224324607||1210568422||jp||
3224324608||3224324863||1210568422||jp||
3224324864||3224325119||1210568422||jp||
3224325120||3224325375||1210568422||jp||
3224325376||3224325631||1210568422||jp||
3224325632||3224325887||1210568422||jp||
3224325888||3224326143||1210568422||jp||
3224326144||3224326399||1210568422||jp||
3224326400||3224326655||1210568422||jp||
3224326656||3224326911||1210568422||jp||
3224326912||3224327167||1210568422||jp||
3224327168||3224327423||1210568422||jp||
3224327424||3224327679||1210568422||jp||
3224327680||3224327935||1210568422||jp||
3224327936||3224328191||1210568422||jp||
3224328192||3224328447||1210568422||jp||
3224328448||3224328703||1210568422||jp||
3224328704||3224328959||1210568422||jp||
3224328960||3224329215||1210568422||jp||
3224329216||3224329471||1210568422||jp||
3224329472||3224329727||1210568422||jp||
3224329728||3224329983||1210568422||jp||
3224329984||3224330239||1210568422||jp||
3224330240||3224330495||1210568422||jp||
3224330496||3224330751||1210568422||jp||
3224330752||3224331007||1210568422||jp||
3224331008||3224331263||1210568422||jp||
3224331264||3224331519||1210568422||jp||
3224331520||3224331775||1210568422||jp||
3224331776||3224332031||1210568422||jp||
3224332032||3224332287||1210568422||jp||
3224332288||3224332543||1210568422||jp||
3224332544||3224332799||1210568422||jp||
3224332800||3224333055||1210568422||jp||
3224333056||3224333311||1210568422||jp||
3224333312||3224333567||1210568422||jp||
3224333568||3224333823||1210568422||jp||
3224333824||3224334079||1210568422||jp||
3224334080||3224334335||1210568422||jp||
3224334336||3224334591||1210568422||jp||
3224334592||3224334847||1210568422||jp||
3224334848||3224335103||1210568422||jp||
3224335104||3224335359||1210568422||jp||
3224335360||3224335615||1210568422||jp||
3224335616||3224335871||1210568422||jp||
3224335872||3224336127||1210568422||jp||
3224336128||3224336383||1210568422||jp||
3224336384||3224336639||1210568422||jp||
3224336640||3224336895||1210568422||jp||
3224336896||3224337151||1210568422||jp||
3224337152||3224337407||1210568422||jp||
3224337408||3224337663||1210568422||jp||
3224337664||3224337919||1210568422||jp||
3224337920||3224338175||1210568422||jp||
3224338176||3224338431||1210568422||jp||
3224338432||3224338687||1210568422||jp||
3224338688||3224338943||1210568422||jp||
3224338944||3224339199||1210568422||jp||
3224339200||3224339455||1210568422||jp||
3224339456||3224339711||1210568422||jp||
3224339712||3224339967||1210568422||jp||
3224339968||3224340223||1210568422||jp||
3224340224||3224340479||1210568422||jp||
3224340480||3224340735||1210568422||jp||
3224340736||3224340991||1210568422||jp||
3224340992||3224341247||1210568422||jp||
3224341248||3224341503||1210568422||jp||
3224341504||3224341759||1210568422||jp||
3224341760||3224342015||1210568422||jp||
3224342016||3224342271||1210568422||jp||
3224342272||3224342527||1210568422||jp||
3224342528||3224342783||1210568422||jp||
3224342784||3224343039||1210568422||jp||
3224343040||3224343295||1210568422||jp||
3224343296||3224343551||1210568422||jp||
3224343552||3224343807||1210568422||jp||
3224343808||3224344063||1210568422||jp||
3224344064||3224344319||1210568422||jp||
3224344320||3224344575||1210568422||jp||
3224344576||3224344831||1210568422||jp||
3224344832||3224345087||1210568422||jp||
3224345088||3224345343||1210568422||jp||
3224345344||3224345599||1210568422||jp||
3224345600||3224345855||1210568422||jp||
3224345856||3224346111||1210568422||jp||
3224346112||3224346367||1210568422||jp||
3224346368||3224346623||1210568422||jp||
3224346624||3224346879||1210568422||jp||
3224346880||3224347135||1210568422||jp||
3224347136||3224347391||1210568422||jp||
3224347392||3224347647||1210568422||jp||
3224347648||3224347903||1210568422||jp||
3224347904||3224348159||1210568422||jp||
3224348160||3224348415||1210568422||jp||
3224348416||3224348671||1210568422||jp||
3224348672||3224348927||1210568422||jp||
3224348928||3224349183||1210568422||jp||
3224349184||3224349439||1210568422||jp||
3224349440||3224349695||1210568422||jp||
3224349696||3224349951||1210568422||jp||
3224349952||3224350207||1210568422||jp||
3224350208||3224350463||1210568422||jp||
3224350464||3224350719||1210568422||jp||
3224350720||3224350975||1210568422||jp||
3224350976||3224351231||1210568422||jp||
3224351232||3224351487||1210568422||jp||
3224351488||3224351743||1210568422||jp||
3224351744||3224352767||1210568422||jp||
3224352768||3224354815||1210568422||jp||
3224354816||3224355071||1210568422||jp||
3224355072||3224355327||1210568422||jp||
3224355328||3224355583||1210568422||jp||
3224355584||3224355839||1210568422||jp||
3224355840||3224356095||1210568422||jp||
3224356096||3224356351||1210568422||jp||
3224356352||3224356607||1210568422||jp||
3224356608||3224356863||1210568422||jp||
3224356864||3224357119||1210568422||jp||
3224357120||3224357375||1210568422||jp||
3224357376||3224357631||1210568422||jp||
3224357632||3224357887||1210568422||jp||
3224357888||3224358143||1210568422||jp||
3224358144||3224358399||1210568422||jp||
3224358400||3224358655||1210568422||jp||
3224358656||3224358911||1210568422||jp||
3224358912||3224359167||1210568422||jp||
3224359168||3224359423||1210568422||jp||
3224359424||3224359679||1210568422||jp||
3224359680||3224359935||1210568422||jp||
3224359936||3224360959||1210568422||jp||
3224360960||3224361215||1210568422||jp||
3224361216||3224361471||1210568422||jp||
3224361472||3224361727||1210568422||jp||
3224361728||3224361983||1210568422||jp||
3224361984||3224362239||1210568422||jp||
3224362240||3224362495||1210568422||jp||
3224362496||3224362751||1210568422||jp||
3224362752||3224363007||1210568422||jp||
3224363008||3224363263||1210568422||jp||
3224363264||3224363519||1210568422||jp||
3224363520||3224363775||1210568422||jp||
3224363776||3224364031||1210568422||jp||
3224364032||3224364287||1210568422||jp||
3224364288||3224364543||1210568422||jp||
3224364544||3224364799||1210568422||jp||
3224364800||3224365055||1210568422||jp||
3224365056||3224365311||1210568422||jp||
3224365312||3224365567||1210568422||jp||
3224365568||3224365823||1210568422||jp||
3224365824||3224366079||1210568422||jp||
3224366080||3224366335||1210568422||jp||
3224366336||3224366591||1210568422||jp||
3224366592||3224366847||1210568422||jp||
3224366848||3224367103||1210568422||jp||
3224367104||3224367359||1210568422||jp||
3224367360||3224367615||1210568422||jp||
3224502272||3224567807||1210568422||jp||
3224571904||3224575999||1210568422||jp||
3224576000||3224577023||1210568422||jp||
3224577024||3224577279||1210568422||jp||
3224577280||3224577535||1210568422||jp||
3224577536||3224577791||1210568422||jp||
3224577792||3224578047||1210568422||jp||
3224578048||3224579071||1210568422||jp||
3224579072||3224579327||1210568422||jp||
3224579328||3224579583||1210568422||jp||
3224579584||3224579839||1210568422||jp||
3224579840||3224580095||1210568422||jp||
3224580352||3224580607||1210568422||jp||
3224580608||3224580863||1210568422||jp||
3224580864||3224581119||1210568422||jp||
3224581120||3224581631||1210568422||jp||
3224581632||3224581887||1210568422||jp||
3224581888||3224582143||1210568422||jp||
3224582144||3224582399||1210568422||jp||
3224582400||3224582655||1210568422||jp||
3224582656||3224583167||1210568422||jp||
3224583168||3224583679||1210568422||jp||
3224583680||3224583935||1210568422||jp||
3224583936||3224584191||1210568422||jp||
3224584192||3224600575||1210568422||jp||
3224600576||3224600831||1210568422||jp||
3224600832||3224601087||1210568422||jp||
3224601088||3224601343||1210568422||jp||
3224601344||3224601599||1210568422||jp||
3224601600||3224601855||1210568422||jp||
3224601856||3224602111||1210568422||jp||
3224602112||3224602367||1210568422||jp||
3224602368||3224602623||1210568422||jp||
3224602624||3224602879||1210568422||jp||
3224602880||3224603135||1210568422||jp||
3224603136||3224603391||1210568422||jp||
3224603392||3224603647||1210568422||jp||
3224603648||3224603903||1210568422||jp||
3224603904||3224604159||1210568422||jp||
3224604160||3224604415||1210568422||jp||
3224604416||3224604671||1210568422||jp||
3224604672||3224606719||1210568422||jp||
3224606720||3224607743||1210568422||jp||
3224607744||3224608255||1210568422||jp||
3224608256||3224608511||1210568422||jp||
3224608512||3224608767||1210568422||jp||
3224608768||3224610815||1210568422||jp||
3224610816||3224612863||1210568422||jp||
3224612864||3224613119||1210568422||jp||
3224613120||3224613375||1210568422||jp||
3224613376||3224613631||1210568422||jp||
3224613632||3224613887||1210568422||jp||
3224613888||3224614911||1210568422||jp||
3224614912||3224615167||1210568422||jp||
3224615168||3224615423||1210568422||jp||
3224615424||3224615679||1210568422||jp||
3224615680||3224615935||1210568422||jp||
3224615936||3224616191||1210568422||jp||
3224616192||3224616447||1210568422||jp||
3224616448||3224616959||1210568422||jp||
3224617472||3224617727||1210568422||jp||
3224617728||3224617983||1210568422||jp||
3224617984||3224619007||1210568422||jp||
3224619008||3224619263||1210568422||jp||
3224619264||3224619519||1210568422||jp||
3224619520||3224619775||1210568422||jp||
3224619776||3224620031||1210568422||jp||
3224620032||3224620287||1210568422||jp||
3224620288||3224620543||1210568422||jp||
3224620544||3224620799||1210568422||jp||
3224620800||3224621055||1210568422||jp||
3224621056||3224625151||1210568422||jp||
3224625152||3224625407||1210568422||jp||
3224625408||3224625663||1210568422||jp||
3224625664||3224625919||1210568422||jp||
3224625920||3224626175||1210568422||jp||
3224626176||3224626431||1210568422||jp||
3224626432||3224626687||1210568422||jp||
3224626688||3224626943||1210568422||jp||
3224626944||3224627199||1210568422||jp||
3224627200||3224627455||1210568422||jp||
3224627456||3224627711||1210568422||jp||
3224627712||3224627967||1210568422||jp||
3224627968||3224628223||1210568422||jp||
3224628224||3224628479||1210568422||jp||
3224628480||3224628735||1210568422||jp||
3224628736||3224628991||1210568422||jp||
3224628992||3224629247||1210568422||jp||
3224629248||3224629503||1210568422||jp||
3224629504||3224629759||1210568422||jp||
3224629760||3224630015||1210568422||jp||
3224630016||3224630271||1210568422||jp||
3224630272||3224630527||1210568422||jp||
3224630528||3224630783||1210568422||jp||
3224630784||3224631039||1210568422||jp||
3224631040||3224631295||1210568422||jp||
3224631296||3224631551||1210568422||jp||
3224631552||3224631807||1210568422||jp||
3224631808||3224632063||1210568422||jp||
3224632064||3224632319||1210568422||jp||
3224632320||3224632575||1210568422||jp||
3224632576||3224632831||1210568422||jp||
3224632832||3224633087||1210568422||jp||
3224633088||3224633343||1210568422||jp||
3224663808||3224664063||1210568422||jp||
3224664064||3224666111||1210568422||jp||
3224666112||3224670207||1210568422||jp||
3224670208||3224671231||1210568422||jp||
3224671232||3224671743||1210568422||jp||
3224671744||3224671999||1210568422||jp||
3224827648||3224827903||1210568422||jp||
3224858112||3224858367||1210568422||jp||
3224860160||3224860415||1210568422||jp||
3224886272||3224886527||1210568422||jp||
3224890880||3224891135||1210568422||jp||
3225028864||3225029119||1210568422||jp||
3225029120||3225029631||1210568422||jp||
3225029632||3225030655||1210568422||jp||
3225030656||3225031167||1210568422||jp||
3225031168||3225031423||1210568422||jp||
3225051392||3225051647||1210568422||jp||
3225051648||3225051903||1210568422||jp||
3225051904||3225052159||1210568422||jp||
3225052160||3225052415||1210568422||jp||
3225052416||3225052671||1210568422||jp||
3225710080||3225710591||1210568422||jp||
3225742080||3225742335||1210568422||jp||
3225742336||3225742591||1210568422||jp||
3225742592||3225742847||1210568422||jp||
3225742848||3225743103||1210568422||jp||
3225743104||3225743359||1210568422||jp||
3225743360||3225743615||1210568422||jp||
3225743616||3225743871||1210568422||jp||
3225743872||3225744127||1210568422||jp||
3225744128||3225744383||1210568422||jp||
3225744384||3225744639||1210568422||jp||
3225744640||3225744895||1210568422||jp||
3225744896||3225745151||1210568422||jp||
3225745152||3225745407||1210568422||jp||
3225745408||3225745663||1210568422||jp||
3225745664||3225745919||1210568422||jp||
3225858816||3225859071||1210568422||jp||
3225859072||3225859583||1210568422||jp||
3225859584||3225860095||1210568422||jp||
3226270720||3226271231||1210568422||jp||
3226271232||3226271487||1210568422||jp||
3226633216||3226633471||1210568422||jp||
3226691584||3226691839||1210568422||jp||
3226705152||3226705407||1210568422||jp||
3226720512||3226720767||1210568422||jp||
3226720768||3226721023||1210568422||jp||
3226721024||3226721279||1210568422||jp||
3226748672||3226748927||1210568422||jp||
3226748928||3226749183||1210568422||jp||
3226749184||3226749439||1210568422||jp||
3227013120||3227013375||1210568422||jp||
3227018496||3227018751||1210568422||jp||
3227018752||3227019007||1210568422||jp||
3227442176||3227442431||1210568422||jp||
3227446784||3227447039||1210568422||jp||
3227986432||3227986687||1210568422||jp||
3228051456||3228051711||1210568422||jp||
3228061696||3228061951||1210568422||jp||
3228085248||3228085503||1210568422||jp||
3228100608||3228100863||1210568422||jp||
3228100864||3228101119||1210568422||jp||
3228104192||3228104447||1210568422||jp||
3228104448||3228104703||1210568422||jp||
3229884160||3229884415||1210568422||jp||
3230095616||3230095871||1210568422||jp||
3230095872||3230096127||1210568422||jp||
3230096128||3230096383||1210568422||jp||
3230096384||3230096639||1210568422||jp||
3230096896||3230097151||1210568422||jp||
3230097152||3230097407||1210568422||jp||
3230097408||3230097663||1210568422||jp||
3230097664||3230097919||1210568422||jp||
3230097920||3230098175||1210568422||jp||
3230098176||3230098431||1210568422||jp||
3230098432||3230098687||1210568422||jp||
3230098688||3230098943||1210568422||jp||
3230098944||3230099199||1210568422||jp||
3230099200||3230099455||1210568422||jp||
3230099456||3230099711||1210568422||jp||
3230099712||3230099967||1210568422||jp||
3230099968||3230100479||1210568422||jp||
3230100480||3230100735||1210568422||jp||
3230129664||3230129919||1210568422||jp||
3230840832||3230841087||1210568422||jp||
3231043840||3231044095||1210568422||jp||
3231204608||3231204863||1210568422||jp||
3231241216||3231241471||1210568422||jp||
3231276800||3231277055||1210568422||jp||
3231277056||3231279103||1210568422||jp||
3231279104||3231279359||1210568422||jp||
3231279360||3231279615||1210568422||jp||
3231279616||3231280127||1210568422||jp||
3231280128||3231281151||1210568422||jp||
3231281152||3231281407||1210568422||jp||
3231281408||3231281663||1210568422||jp||
3231281664||3231281919||1210568422||jp||
3231484928||3231485183||1210568422||jp||
3231485184||3231485439||1210568422||jp||
3231485440||3231485695||1210568422||jp||
3231485696||3231485951||1210568422||jp||
3231485952||3231486207||1210568422||jp||
3231486208||3231486463||1210568422||jp||
3231486464||3231486975||1210568422||jp||
3231486976||3231487487||1210568422||jp||
3231487488||3231487743||1210568422||jp||
3231487744||3231487999||1210568422||jp||
3231488000||3231488255||1210568422||jp||
3231488256||3231488511||1210568422||jp||
3231488512||3231488767||1210568422||jp||
3231488768||3231489023||1210568422||jp||
3231489024||3231489279||1210568422||jp||
3231489536||3231489791||1210568422||jp||
3231489792||3231490047||1210568422||jp||
3231505408||3231505663||1210568422||jp||
3231752448||3231752703||1210568422||jp||
3232555776||3232556031||1210568422||jp||
3232556032||3232556287||1210568422||jp||
3232556288||3232556543||1210568422||jp||
3232556544||3232557055||1210568422||jp||
3232557056||3232557311||1210568422||jp||
3232557568||3232557823||1210568422||jp||
3232557824||3232558079||1210568422||jp||
3232558080||3232558335||1210568422||jp||
3232558336||3232558591||1210568422||jp||
3232558592||3232558847||1210568422||jp||
3232558848||3232559103||1210568422||jp||
3232559360||3232559615||1210568422||jp||
3232559616||3232559871||1210568422||jp||
3232559872||3232560127||1210568422||jp||
3232560128||3232560383||1210568422||jp||
3232560384||3232560639||1210568422||jp||
3232560640||3232560895||1210568422||jp||
3232661504||3232661759||1210568422||jp||
3232661760||3232662015||1210568422||jp||
3232662016||3232662271||1210568422||jp||
3232662272||3232662527||1210568422||jp||
3232662528||3232662783||1210568422||jp||
3232662784||3232663039||1210568422||jp||
3232663040||3232663295||1210568422||jp||
3232663296||3232663551||1210568422||jp||
3232663552||3232663807||1210568422||jp||
3232663808||3232664063||1210568422||jp||
3232664064||3232664319||1210568422||jp||
3232664320||3232664575||1210568422||jp||
3232664576||3232664831||1210568422||jp||
3232664832||3232665087||1210568422||jp||
3232665088||3232665343||1210568422||jp||
3232665344||3232665599||1210568422||jp||
3232665600||3232669695||1210568422||jp||
3232669696||3232677887||1210568422||jp||
3232677888||3232694271||1210568422||jp||
3233564928||3233565183||1210568422||jp||
3233565184||3233565439||1210568422||jp||
3233565440||3233565695||1210568422||jp||
3233565696||3233565951||1210568422||jp||
3233565952||3233566207||1210568422||jp||
3233566208||3233566463||1210568422||jp||
3233566464||3233566719||1210568422||jp||
3233566720||3233566975||1210568422||jp||
3233566976||3233567231||1210568422||jp||
3233567232||3233567487||1210568422||jp||
3233567488||3233567743||1210568422||jp||
3233568000||3233568255||1210568422||jp||
3233568256||3233568767||1210568422||jp||
3233569024||3233569279||1210568422||jp||
3233569280||3233569535||1210568422||jp||
3233569792||3233570047||1210568422||jp||
3233617920||3233618175||1210568422||jp||
3235512320||3235577855||1210568422||jp||
3236575744||3236575999||1210568422||jp||
3237216256||3237281791||1210568422||jp||
3323003136||3323003391||1210568422||jp||
3323033088||3323033343||1210568422||jp||
3326729216||3326729471||1210568422||jp||
3345442560||3345442815||1210568422||jp||
3389014272||3389014527||1210568422||jp||
3389014528||3389014783||1210568422||jp||
3389016064||3389016319||1210568422||jp||
3389016320||3389016575||1210568422||jp||
3389017088||3389017343||1210568422||jp||
3389021440||3389021695||1210568422||jp||
3389116416||3389120511||1210568422||jp||
3389151232||3389152255||1210568422||jp||
3389229056||3389229311||1210568422||jp||
3389230080||3389231103||1210568422||jp||
3389231104||3389235199||1210568422||jp||
3389322240||3389323263||1210568422||jp||
3389323264||3389323775||1210568422||jp||
3389323776||3389324031||1210568422||jp||
3389341696||3389345791||1210568422||jp||
3389415936||3389416191||1210568422||jp||
3389417216||3389417471||1210568422||jp||
3389421312||3389421567||1210568422||jp||
3389453312||3389454335||1210568422||jp||
3389460480||3389464575||1210568422||jp||
3389480960||3389485055||1210568422||jp||
3389485056||3389489151||1210568422||jp||
3389523456||3389523967||1210568422||jp||
3389528576||3389529087||1210568422||jp||
3389534208||3389538303||1210568422||jp||
3389541632||3389541887||1210568422||jp||
3389542400||3389543423||1210568422||jp||
3389575168||3389579263||1210568422||jp||
3389640704||3389644799||1210568422||jp||
3389677568||3389681663||1210568422||jp||
3389681664||3389685759||1210568422||jp||
3389718528||3389784063||1210568422||jp||
3389786112||3389786367||1210568422||jp||
3389786368||3389786623||1210568422||jp||
3389786624||3389786879||1210568422||jp||
3389786880||3389787135||1210568422||jp||
3389787136||3389787391||1210568422||jp||
3389787392||3389787647||1210568422||jp||
3389787648||3389787903||1210568422||jp||
3389787904||3389788159||1210568422||jp||
3389846272||3389846527||1210568422||jp||
3389846528||3389847551||1210568422||jp||
3389849600||3389915135||1210568422||jp||
3389980672||3390046207||1210568422||jp||
3390046208||3390111743||1210568422||jp||
3390111744||3390177279||1210568422||jp||
3390177280||3390242815||1210568422||jp||
3390242816||3390308351||1210568422||jp||
3390331392||3390331647||1210568422||jp||
3390336512||3390336767||1210568422||jp||
3390339840||3390340095||1210568422||jp||
3390340096||3390340351||1210568422||jp||
3390402560||3390406655||1210568422||jp||
3390412288||3390412799||1210568422||jp||
3390412800||3390413311||1210568422||jp||
3390414848||3390418943||1210568422||jp||
3390455808||3390472191||1210568422||jp||
3390492672||3390496767||1210568422||jp||
3390504960||3390570495||1210568422||jp||
3390570496||3390701567||1210568422||jp||
3390701568||3390767103||1210568422||jp||
3390770688||3390770943||1210568422||jp||
3391094784||3391356927||1210568422||jp||
3391718912||3391719167||1210568422||jp||
3391719168||3391719423||1210568422||jp||
3391734784||3391735807||1210568422||jp||
3391735808||3391736831||1210568422||jp||
3391737856||3391741951||1210568422||jp||
3391819776||3391823871||1210568422||jp||
3391877120||3391879167||1210568422||jp||
3391906048||3391906303||1210568422||jp||
3391949824||3391950079||1210568422||jp||
3391979776||3391980031||1210568422||jp||
3391987712||3391989759||1210568422||jp||
3391989760||3391991807||1210568422||jp||
3392081920||3392086015||1210568422||jp||
3392143360||3392208895||1210568422||jp||
3392340992||3392342015||1210568422||jp||
3392342016||3392344063||1210568422||jp||
3392348160||3392352255||1210568422||jp||
3392352256||3392354303||1210568422||jp||
3392409600||3392413695||1210568422||jp||
3392450560||3392454655||1210568422||jp||
3392475136||3392479231||1210568422||jp||
3392499712||3392503807||1210568422||jp||
3392524288||3392528383||1210568422||jp||
3392630784||3392634879||1210568422||jp||
3392651264||3392659455||1210568422||jp||
3392671744||3392675839||1210568422||jp||
3392684032||3392688127||1210568422||jp||
3392790528||3392794623||1210568422||jp||
3392798976||3392799231||1210568422||jp||
3392799744||3392800767||1210568422||jp||
3392802816||3392806911||1210568422||jp||
3392835584||3392839679||1210568422||jp||
3392892928||3392897023||1210568422||jp||
3392901120||3392903167||1210568422||jp||
3392909312||3392913407||1210568422||jp||
3392933888||3392937983||1210568422||jp||
3392937984||3392942079||1210568422||jp||
3392970752||3392978943||1210568422||jp||
3392995584||3392995839||1210568422||jp||
3392999424||3393003519||1210568422||jp||
3393101824||3393105919||1210568422||jp||
3393105920||3393110015||1210568422||jp||
3393125632||3393125887||1210568422||jp||
3393392640||3393396735||1210568422||jp||
3393400832||3393404927||1210568422||jp||
3393548288||3393552383||1210568422||jp||
3393576960||3393581055||1210568422||jp||
3393630208||3393634303||1210568422||jp||
3393638400||3393642495||1210568422||jp||
3393642496||3393650687||1210568422||jp||
3393662976||3393667071||1210568422||jp||
3393667072||3393675263||1210568422||jp||
3393728512||3393732607||1210568422||jp||
3393732608||3393736703||1210568422||jp||
3393798144||3393802239||1210568422||jp||
3393802240||3393806335||1210568422||jp||
3393816576||3393818623||1210568422||jp||
3393835008||3393839103||1210568422||jp||
3393848320||3393849343||1210568422||jp||
3393851392||3393855487||1210568422||jp||
3393912064||3393912319||1210568422||jp||
3393914880||3393916927||1210568422||jp||
3393941504||3393945599||1210568422||jp||
3393970176||3393974271||1210568422||jp||
3394027520||3394035711||1210568422||jp||
3394154496||3394158591||1210568422||jp||
3394162688||3394166783||1210568422||jp||
3394172928||3394173439||1210568422||jp||
3394173440||3394173695||1210568422||jp||
3394174976||3394179071||1210568422||jp||
3394207744||3394215935||1210568422||jp||
3394236416||3394238463||1210568422||jp||
3394265088||3394267135||1210568422||jp||
3394308096||3394310143||1210568422||jp||
3394326528||3394330623||1210568422||jp||
3394469888||3394478079||1210568422||jp||
3394484224||3394486271||1210568422||jp||
3394494464||3394498559||1210568422||jp||
3394507264||3394507775||1210568422||jp||
3394514944||3394519039||1210568422||jp||
3394523136||3394527231||1210568422||jp||
3394648064||3394650111||1210568422||jp||
3394664448||3394666495||1210568422||jp||
3394691072||3394695167||1210568422||jp||
3394695168||3394697215||1210568422||jp||
3394715648||3394719743||1210568422||jp||
3394756608||3394760703||1210568422||jp||
3394777088||3394781183||1210568422||jp||
3394813952||3394815999||1210568422||jp||
3394850816||3394854911||1210568422||jp||
3394887680||3394891775||1210568422||jp||
3394891776||3394893823||1210568422||jp||
3394897920||3394899967||1210568422||jp||
3394940928||3394945023||1210568422||jp||
3394949120||3394953215||1210568422||jp||
3394973696||3394977791||1210568422||jp||
3394990080||3394994175||1210568422||jp||
3394998272||3395002367||1210568422||jp||
3395014656||3395018751||1210568422||jp||
3395108864||3395117055||1210568422||jp||
3395129344||3395131391||1210568422||jp||
3395170304||3395174399||1210568422||jp||
3395190784||3395198975||1210568422||jp||
3395203072||3395207167||1210568422||jp||
3395207168||3395215359||1210568422||jp||
3395231744||3395239935||1210568422||jp||
3395264512||3395268607||1210568422||jp||
3395268608||3395272703||1210568422||jp||
3395276800||3395280895||1210568422||jp||
3395287040||3395287551||1210568422||jp||
3396999168||3397001215||1210568422||jp||
3397005312||3397009407||1210568422||jp||
3397027840||3397029887||1210568422||jp||
3397038080||3397042175||1210568422||jp||
3397042176||3397058559||1210568422||jp||
3397087232||3397091327||1210568422||jp||
3397105664||3397107711||1210568422||jp||
3397124096||3397128191||1210568422||jp||
3397136384||3397140479||1210568422||jp||
3397177344||3397181439||1210568422||jp||
3397201920||3397206015||1210568422||jp||
3397259264||3397261311||1210568422||jp||
3397261312||3397263359||1210568422||jp||
3397312512||3397316607||1210568422||jp||
3397316608||3397320703||1210568422||jp||
3397341184||3397345279||1210568422||jp||
3397365760||3397369855||1210568422||jp||
3397496832||3397498879||1210568422||jp||
3397584896||3397586943||1210568422||jp||
3397632000||3397636095||1210568422||jp||
3397742592||3397746687||1210568422||jp||
3397832704||3397836799||1210568422||jp||
3397959680||3397963775||1210568422||jp||
3397984256||3397992447||1210568422||jp||
3398023168||3398025215||1210568422||jp||
3398062080||3398066175||1210568422||jp||
3398172672||3398180863||1210568422||jp||
3398221824||3398230015||1210568422||jp||
3398287360||3398291455||1210568422||jp||
3398305792||3398307839||1210568422||jp||
3398361088||3398369279||1210568422||jp||
3398369792||3398370303||1210568422||jp||
3398371328||3398373375||1210568422||jp||
3398385664||3398393855||1210568422||jp||
3398418432||3398426623||1210568422||jp||
3398426624||3398434815||1210568422||jp||
3398504448||3398508543||1210568422||jp||
3398569984||3398572031||1210568422||jp||
3398631424||3398647807||1210568422||jp||
3398684672||3398688767||1210568422||jp||
3398758400||3398762495||1210568422||jp||
3398762496||3398766591||1210568422||jp||
3398766592||3398768639||1210568422||jp||
3398840320||3398842367||1210568422||jp||
3398918144||3398926335||1210568422||jp||
3398983680||3398991871||1210568422||jp||
3399012352||3399016447||1210568422||jp||
3399025664||3399026175||1210568422||jp||
3399286784||3399303167||1210568422||jp||
3399311360||3399315455||1210568422||jp||
3399315456||3399319551||1210568422||jp||
3399344128||3399352319||1210568422||jp||
3399409664||3399413759||1210568422||jp||
3399598080||3399614463||1210568422||jp||
3399634944||3399639039||1210568422||jp||
3399643136||3399647231||1210568422||jp||
3399647232||3399655423||1210568422||jp||
3399720960||3399725055||1210568422||jp||
3399725056||3399729151||1210568422||jp||
3399761920||3399770111||1210568422||jp||
3399802880||3399806975||1210568422||jp||
3399806976||3399811071||1210568422||jp||
3399823360||3399825407||1210568422||jp||
3399839744||3399841791||1210568422||jp||
3399852032||3399856127||1210568422||jp||
3399923968||3399924223||1210568422||jp||
3400062976||3400065023||1210568422||jp||
3400089600||3400093695||1210568422||jp||
3400093696||3400097791||1210568422||jp||
3400105984||3400114175||1210568422||jp||
3400120320||3400122367||1210568422||jp||
3400163328||3400167423||1210568422||jp||
3400183808||3400187903||1210568422||jp||
3400192000||3400194047||1210568422||jp||
3400224768||3400228863||1210568422||jp||
3400232960||3400237055||1210568422||jp||
3400237056||3400245247||1210568422||jp||
3400261632||3400263679||1210568422||jp||
3400275968||3400278015||1210568422||jp||
3400286208||3400294399||1210568422||jp||
3400336640||3400336895||1210568422||jp||
3400359936||3400364031||1210568422||jp||
3400364032||3400368127||1210568422||jp||
3400413184||3400417279||1210568422||jp||
3400450048||3400458239||1210568422||jp||
3400503296||3400507391||1210568422||jp||
3400534016||3400535039||1210568422||jp||
3400536064||3400540159||1210568422||jp||
3400540160||3400548351||1210568422||jp||
3400605696||3400607743||1210568422||jp||
3400609792||3400613887||1210568422||jp||
3400613888||3400630271||1210568422||jp||
3400683520||3400687615||1210568422||jp||
3400687616||3400691711||1210568422||jp||
3400736768||3400744959||1210568422||jp||
3400769536||3400773631||1210568422||jp||
3400777728||3400781823||1210568422||jp||
3400781824||3400785919||1210568422||jp||
3400785920||3400790015||1210568422||jp||
3400802304||3400806399||1210568422||jp||
3400808448||3400810495||1210568422||jp||
3400839168||3400843263||1210568422||jp||
3400843264||3400847359||1210568422||jp||
3400884224||3400888319||1210568422||jp||
3401003008||3401007103||1210568422||jp||
3401011200||3401015295||1210568422||jp||
3401420800||3401424895||1210568422||jp||
3401428992||3401431039||1210568422||jp||
3401433088||3401441279||1210568422||jp||
3401519104||3401523199||1210568422||jp||
3401543680||3401545727||1210568422||jp||
3402629120||3402891263||1210568422||jp||
3402891264||3403153407||1210568422||jp||
3403153408||3403415551||1210568422||jp||
3403415552||3403677695||1210568422||jp||
3403677696||3403808767||1210568422||jp||
3403808768||3403939839||1210568422||jp||
3403939840||3404070911||1210568422||jp||
3404070912||3404201983||1210568422||jp||
3404201984||3404464127||1210568422||jp||
3404464128||3404726271||1210568422||jp||
3404726272||3405774847||1210568422||jp||
3406746624||3406746879||1210568422||jp||
3407057664||3407057919||1210568422||jp||
3407096832||3407097087||1210568422||jp||
3408023808||3408024063||1210568422||jp||
3410771968||3410780159||1210568422||jp||
3410944000||3410952191||1210568422||jp||
3410964480||3410968575||1210568422||jp||
3411019264||3411019775||1210568422||jp||
3411023872||3411025919||1210568422||jp||
3411086336||3411087359||1210568422||jp||
3411111936||3411116031||1210568422||jp||
3411144704||3411146751||1210568422||jp||
3411154944||3411156991||1210568422||jp||
3411177472||3411181567||1210568422||jp||
3411216384||3411218431||1210568422||jp||
3411270656||3411271679||1210568422||jp||
3411275776||3411277823||1210568422||jp||
3411468288||3411470335||1210568422||jp||
3411472384||3411474431||1210568422||jp||
3411474432||3411474943||1210568422||jp||
3411474944||3411475199||1210568422||jp||
3411587072||3411591167||1210568422||jp||
3411615744||3411623935||1210568422||jp||
3411677184||3411679231||1210568422||jp||
3411779584||3411787775||1210568422||jp||
3411805696||3411805951||1210568422||jp||
3411808256||3411810303||1210568422||jp||
3411857408||3411861503||1210568422||jp||
3412004864||3412006911||1210568422||jp||
3412006912||3412008959||1210568422||jp||
3412008960||3412017151||1210568422||jp||
3412262912||3412264959||1210568422||jp||
3412281344||3412283391||1210568422||jp||
3412320256||3412322303||1210568422||jp||
3412324352||3412326399||1210568422||jp||
3412615168||3412619263||1210568422||jp||
3412619264||3412623359||1210568422||jp||
3412623360||3412631551||1210568422||jp||
3412631552||3412639743||1210568422||jp||
3412639744||3412647935||1210568422||jp||
3412647936||3412656127||1210568422||jp||
3412672512||3412680703||1210568422||jp||
3413008384||3413016575||1210568422||jp||
3413041152||3413043199||1210568422||jp||
3413110784||3413112831||1210568422||jp||
3413113856||3413114879||1210568422||jp||
3413114880||3413123071||1210568422||jp||
3413123072||3413131263||1210568422||jp||
3413131264||3413133311||1210568422||jp||
3413295104||3413303295||1210568422||jp||
3413573888||3413574143||1210568422||jp||
3413583872||3413584127||1210568422||jp||
3413850112||3413850623||1210568422||jp||
3413850624||3413850879||1210568422||jp||
3413902848||3413903359||1210568422||jp||
3413917696||3413925887||1210568422||jp||
3414253568||3414257663||1210568422||jp||
3414257664||3414261759||1210568422||jp||
3414269952||3414278143||1210568422||jp||
3414409216||3414413311||1210568422||jp||
3414450176||3414458367||1210568422||jp||
3414523904||3414532095||1210568422||jp||
3414540288||3414548479||1210568422||jp||
3414548480||3414550527||1210568422||jp||
3414550528||3414552575||1210568422||jp||
3414552576||3414554623||1210568422||jp||
3414554624||3414555647||1210568422||jp||
3414671360||3414687743||1210568422||jp||
3414687744||3414949887||1210568422||jp||
3414949888||3415080959||1210568422||jp||
3415130112||3415134207||1210568422||jp||
3415134208||3415136255||1210568422||jp||
3415171072||3415179263||1210568422||jp||
3415308288||3415310335||1210568422||jp||
3415498752||3415506943||1210568422||jp||
3415564288||3415568383||1210568422||jp||
3415785472||3415793663||1210568422||jp||
3416264704||3416268799||1210568422||jp||
3416588288||3416621055||1210568422||jp||
3416621056||3416653823||1210568422||jp||
3416727552||3416735743||1210568422||jp||
3416801280||3416817663||1210568422||jp||
3416852480||3416854527||1210568422||jp||
3416924160||3416928255||1210568422||jp||
3416983552||3416985599||1210568422||jp||
3417128960||3417133055||1210568422||jp||
3417133056||3417135103||1210568422||jp||
3417194496||3417198591||1210568422||jp||
3417200640||3417202687||1210568422||jp||
3417227264||3417235455||1210568422||jp||
3417235456||3417243647||1210568422||jp||
3417247744||3417251839||1210568422||jp||
3417264128||3417268223||1210568422||jp||
3417440256||3417571327||1210568422||jp||
3417571328||3417833471||1210568422||jp||
3417858048||3417866239||1210568422||jp||
3418148864||3418150911||1210568422||jp||
3418169344||3418177535||1210568422||jp||
3418241024||3418243071||1210568422||jp||
3418327040||3418329087||1210568422||jp||
3418345472||3418349567||1210568422||jp||
3418349568||3418353663||1210568422||jp||
3418353664||3418357759||1210568422||jp||
3418382336||3418390527||1210568422||jp||
3418390528||3418398719||1210568422||jp||
3418398720||3418406911||1210568422||jp||
3418505216||3418513407||1210568422||jp||
3418624000||3418626047||1210568422||jp||
3418636288||3418640383||1210568422||jp||
3418640384||3418642431||1210568422||jp||
3418644480||3418648575||1210568422||jp||
3418648576||3418652671||1210568422||jp||
3419062272||3419070463||1210568422||jp||
3419209728||3419226111||1210568422||jp||
3419226112||3419234303||1210568422||jp||
3419234304||3419238399||1210568422||jp||
3419238400||3419242495||1210568422||jp||
3419242496||3419258879||1210568422||jp||
3419258880||3419275263||1210568422||jp||
3419412224||3419412479||1210568422||jp||
3419508736||3419512831||1210568422||jp||
3419611136||3419615231||1210568422||jp||
3419615232||3419617279||1210568422||jp||
3419643904||3419652095||1210568422||jp||
3419652096||3419660287||1210568422||jp||
3419660288||3419668479||1210568422||jp||
3419676672||3419684863||1210568422||jp||
3419774976||3419783167||1210568422||jp||
3419922432||3419924479||1210568422||jp||
3419930624||3419963391||1210568422||jp||
3419963392||3419971583||1210568422||jp||
3419979776||3419996159||1210568422||jp||
3420377088||3420381183||1210568422||jp||
3420381184||3420389375||1210568422||jp||
3420395520||3420397567||1210568422||jp||
3420401664||3420405759||1210568422||jp||
3420405760||3420406271||1210568422||jp||
3420406272||3420406783||1210568422||jp||
3420406784||3420407807||1210568422||jp||
3420407808||3420409855||1210568422||jp||
3420409856||3420411903||1210568422||jp||
3427769600||3427770111||1210568422||jp||
3427785216||3427785471||1210568422||jp||
3437749760||3437750015||1210568422||jp||
3437755136||3437755647||1210568422||jp||
3456303104||3456311295||1210568422||jp||
3465510912||3465543679||1210568422||jp||
3523317760||3523321855||1210568422||jp||
3523321856||3523330047||1210568422||jp||
3523362816||3523379199||1210568422||jp||
3523395584||3523411967||1210568422||jp||
3523518464||3523526655||1210568422||jp||
3523538944||3523543039||1210568422||jp||
3524145152||3524149247||1210568422||jp||
3524526080||3524542463||1210568422||jp||
3524542464||3524558847||1210568422||jp||
3524558848||3524562943||1210568422||jp||
3524562944||3524567039||1210568422||jp||
3524567040||3524575231||1210568422||jp||
3524575232||3524591615||1210568422||jp||
3526393856||3526395903||1210568422||jp||
3526418432||3526426623||1210568422||jp||
3526926336||3526934527||1210568422||jp||
3528392704||3528396799||1210568422||jp||
3528400896||3528404991||1210568422||jp||
3528425472||3528441855||1210568422||jp||
3528441856||3528445951||1210568422||jp||
3528507392||3528523775||1210568422||jp||
3528523776||3528531967||1210568422||jp||
3528531968||3528540159||1210568422||jp||
3528540160||3528556543||1210568422||jp||
3528556544||3528572927||1210568422||jp||
3528572928||3528589311||1210568422||jp||
3528933376||3528949759||1210568422||jp||
3528974336||3528978431||1210568422||jp||
3528982528||3528998911||1210568422||jp||
3528998912||3529007103||1210568422||jp||
3529007104||3529015295||1210568422||jp||
3529015296||3529023487||1210568422||jp||
3529023488||3529031679||1210568422||jp||
3529031680||3529039871||1210568422||jp||
3529039872||3529048063||1210568422||jp||
3529048064||3529056255||1210568422||jp||
3529072640||3529080831||1210568422||jp||
3529097216||3529113599||1210568422||jp||
3531603968||3532128255||1210568422||jp||
3532128256||3532652543||1210568422||jp||
3532652544||3533701119||1210568422||jp||
3533701120||3534749695||1210568422||jp||
3535372288||3535380479||1210568422||jp||
3535536128||3535798271||1210568422||jp||
3535880192||3535896575||1210568422||jp||
3535929344||3535994879||1210568422||jp||
3536060416||3536322559||1210568422||jp||
3536568320||3536584703||1210568422||jp||
3537051648||3537055743||1210568422||jp||
3537055744||3537057791||1210568422||jp||
3537895424||3538026495||1210568422||jp||
3538026496||3538157567||1210568422||jp||
3538157568||3538419711||1210568422||jp||
3538419712||3538681855||1210568422||jp||
3538681856||3538943999||1210568422||jp||
3539402752||3539435519||1210568422||jp||
3539468288||3539992575||1210568422||jp||
3539992576||3540516863||1210568422||jp||
3540516864||3541041151||1210568422||jp||
3541041152||3541303295||1210568422||jp||
3547856896||3548381183||1210568422||jp||
3548381184||3548905471||1210568422||jp||
3640647680||3640651775||1210568422||jp||
3659628544||3659661311||1210568422||jp||
3660054528||3660578815||1210568422||jp||
3663987968||3663988223||1210568422||jp||
3663988224||3663988479||1210568422||jp||
3663988480||3663988735||1210568422||jp||
3663988736||3663988991||1210568422||jp||
3663988992||3663989247||1210568422||jp||
3663990528||3663990783||1210568422||jp||
3663991808||3663992063||1210568422||jp||
3663997440||3663997695||1210568422||jp||
3663998208||3663998463||1210568422||jp||
3664642048||3664707583||1210568422||jp||
3664773120||3665035263||1210568422||jp||
3665035264||3665297407||1210568422||jp||
3665297408||3665821695||1210568422||jp||
3665821696||3666870271||1210568422||jp||
3668967424||3669491711||1210568422||jp||
3669590016||3669606399||1210568422||jp||
3669620736||3669622783||1210568422||jp||
3671588864||3672113151||1210568422||jp||
3672113152||3672637439||1210568422||jp||
3673882624||3673915391||1210568422||jp||
3673915392||3673948159||1210568422||jp||
3674210304||3678404607||1210568422||jp||
3678535680||3678666751||1210568422||jp||
3679027200||3679059967||1210568422||jp||
3679158272||3679191039||1210568422||jp||
3680403456||3680436223||1210568422||jp||
3680501760||3682598911||1210568422||jp||
3684696064||3684958207||1210568422||jp||
3684958208||3685089279||1210568422||jp||
3685089280||3685220351||1210568422||jp||
3685220352||3685744639||1210568422||jp||
3685744640||3686793215||1210568422||jp||
3686793216||3687841791||1210568422||jp||
3687841792||3688366079||1210568422||jp||
3690987520||3695181823||1210568422||jp||
3697278976||3697541119||1210568422||jp||
3697541120||3697573887||1210568422||jp||
3697573888||3697590271||1210568422||jp||
3697590272||3697606655||1210568422||jp||
3697672192||3697737727||1210568422||jp||
3697803264||3698327551||1210568422||jp||
3700424704||3700490239||1210568422||jp||
3700490240||3700555775||1210568422||jp||
3700555776||3700686847||1210568422||jp||
3700686848||3700752383||1210568422||jp||
3700817920||3700883455||1210568422||jp||
3700883456||3700948991||1210568422||jp||
3700948992||3700965375||1210568422||jp||
3700965376||3700973567||1210568422||jp||
3700973568||3700977663||1210568422||jp||
3701014528||3701080063||1210568422||jp||
3701211136||3701227519||1210568422||jp||
3701227520||3701235711||1210568422||jp||
3701235712||3701243903||1210568422||jp||
3701243904||3701252095||1210568422||jp||
3701260288||3701276671||1210568422||jp||
3701276672||3701293055||1210568422||jp||
3701309440||3701342207||1210568422||jp||
3701342208||3701374975||1210568422||jp||
3701374976||3701407743||1210568422||jp||
3701407744||3701440511||1210568422||jp||
3701440512||3701473279||1210568422||jp||
3704619008||3705667583||1210568422||jp||
3707174912||3707191295||1210568422||jp||
3707191296||3707207679||1210568422||jp||
3707222016||3707224063||1210568422||jp||
3707633664||3707666431||1210568422||jp||
3707666432||3707699199||1210568422||jp||
3708600320||3708616703||1210568422||jp||
3708813312||3709861887||1210568422||jp||
3709861888||3711959039||1210568422||jp||
3711959040||3714056191||1210568422||jp||
3714056192||3715104767||1210568422||jp||
3715104768||3715170303||1210568422||jp||
3715170304||3715235839||1210568422||jp||
3715235840||3715366911||1210568422||jp||
3715366912||3715629055||1210568422||jp||
3715735552||3715739647||1210568422||jp||
3715739648||3715741695||1210568422||jp||
3715743744||3715760127||1210568422||jp||
3716440064||3716444159||1210568422||jp||
3716448256||3716464639||1210568422||jp||
3716497408||3716513791||1210568422||jp||
3718905856||3718971391||1210568422||jp||
3718971392||3719036927||1210568422||jp||
3719823360||3720347647||1210568422||jp||
3723493376||3724541951||1210568422||jp||
3724541952||3725066239||1210568422||jp||
3725066240||3725131775||1210568422||jp||
3725131776||3725197311||1210568422||jp||
3725197312||3725328383||1210568422||jp||
3725328384||3725590527||1210568422||jp||
3733979136||3734503423||1210568422||jp||
3734896640||3735027711||1210568422||jp||
3739222016||3739287551||1210568422||jp||
3739287552||3739353087||1210568422||jp||
3739353088||3739484159||1210568422||jp||
3739484160||3739549695||1210568422||jp||
3739549696||3739566079||1210568422||jp||
3739566080||3739570175||1210568422||jp||
3739574272||3739582463||1210568422||jp||
3739582464||3739615231||1210568422||jp||
3739615232||3739680767||1210568422||jp||
3739697152||3739713535||1210568422||jp||
3739713536||3739746303||1210568422||jp||
