--||--||--||kz||Kazakhstan
1045700608||1045708799||1210568422||kz||
1047330816||1047339007||1210568422||kz||
1296711680||1296713727||1210568422||kz||
1307582464||1307586559||1210568422||kz||
1307791360||1307795455||1210568422||kz||
1307926528||1307930623||1210568422||kz||
1310236672||1310238719||1210568422||kz||
1315753984||1315758079||1210568422||kz||
1315803136||1315807231||1210568422||kz||
1334632448||1334636543||1210568422||kz||
1334718464||1334722559||1210568422||kz||
1357971456||1357975551||1210568422||kz||
1357979648||1357983743||1210568422||kz||
1358499840||1358503935||1210568422||kz||
1364738048||1364742143||1210568422||kz||
1364758528||1364762623||1210568422||kz||
1383276544||1383284735||1210568422||kz||
1388871680||1388904447||1210568422||kz||
1425063936||1425080319||1210568422||kz||
1427996672||1428013055||1210568422||kz||
1436489728||1436491775||1210568422||kz||
1475805184||1475821567||1210568422||kz||
1476378624||1476386815||1210568422||kz||
1486336000||1486338047||1210568422||kz||
1489797120||1489829887||1210568422||kz||
1495040000||1495042047||1210568422||kz||
1495209984||1495212031||1210568422||kz||
1500178432||1500180479||1210568422||kz||
1500209152||1500211199||1210568422||kz||
1507459072||1507524607||1210568422||kz||
1509576704||1509580799||1210568422||kz||
1535623168||1535627263||1210568422||kz||
1536376832||1536393215||1210568422||kz||
1538850816||1538859007||1210568422||kz||
1539280896||1539284991||1210568422||kz||
1539564032||1539564543||1210568422||kz||
1539718912||1539719167||1210568422||kz||
1539773440||1539773695||1210568422||kz||
1539950592||1539951615||1210568422||kz||
1540035584||1540036607||1210568422||kz||
1546518528||1546649599||1210568422||kz||
1566568448||1566570495||1210568422||kz||
3244111872||3244112895||1210568422||kz||
3250708480||3250716671||1210568422||kz||
3255377408||3255377919||1210568422||kz||
3261777408||3261777919||1210568422||kz||
3267097600||3267098623||1210568422||kz||
3271747072||3271747583||1210568422||kz||
3272368128||3272376319||1210568422||kz||
3274053120||3274053375||1210568422||kz||
3274702592||3274702847||1210568422||kz||
3274821632||3274823679||1210568422||kz||
3276931072||3276939263||1210568422||kz||
3284683264||3284683775||1210568422||kz||
3286655232||3286655487||1210568422||kz||
3557654528||3557670911||1210568422||kz||
3558047744||3558055935||1210568422||kz||
3561750528||3561758719||1210568422||kz||
3564429312||3564437503||1210568422||kz||
3566895104||3566927871||1210568422||kz||
3582828544||3582836735||1210568422||kz||
3583844352||3583852543||1210568422||kz||
3587391488||3587407871||1210568422||kz||
3641683968||3641688063||1210568422||kz||
3645652992||3645657087||1210568422||kz||
3653505024||3653509119||1210568422||kz||
