--||--||--||kw||Kuwait
1044742144||1044750335||1210568422||kw||
1050017792||1050083327||1210568422||kw||
1054277632||1054343167||1210568422||kw||
1308094464||1308096511||1210568422||kw||
1314455552||1314521087||1210568422||kw||
1318764544||1318772735||1210568422||kw||
1318772736||1318780927||1210568422||kw||
1319084032||1319092223||1210568422||kw||
1347219456||1347223551||1210568422||kw||
1347321856||1347325951||1210568422||kw||
1354235904||1354301439||1210568422||kw||
1385283584||1385291775||1210568422||kw||
1397006336||1397014527||1210568422||kw||
1398800384||1398833151||1210568422||kw||
1425426432||1425428479||1210568422||kw||
1441726464||1441734655||1210568422||kw||
1500186624||1500188671||1210568422||kw||
1506476032||1506508799||1210568422||kw||
1506787328||1506789375||1210568422||kw||
1509642240||1509646335||1210568422||kw||
1533419520||1533421567||1210568422||kw||
1533448192||1533450239||1210568422||kw||
1533470720||1533472767||1210568422||kw||
1533513728||1533515775||1210568422||kw||
1535934464||1535967231||1210568422||kw||
1539227648||1539229695||1210568422||kw||
1539466752||1539467263||1210568422||kw||
1539473920||1539474431||1210568422||kw||
1539737088||1539737343||1210568422||kw||
3239488512||3239488767||1210568422||kw||
3240812288||3240812543||1210568422||kw||
3251120128||3251120639||1210568422||kw||
3258368000||3258376191||1210568422||kw||
3258376192||3258384383||1210568422||kw||
3263045632||3263053823||1210568422||kw||
3266341888||3266342143||1210568422||kw||
3274145792||3274162175||1210568422||kw||
3276687872||3276688383||1210568422||kw||
3276858112||3276858367||1210568422||kw||
3280580096||3280580351||1210568422||kw||
3286425600||3286433791||1210568422||kw||
3559587840||3559596031||1210568422||kw||
3582255104||3582263295||1210568422||kw||
3585949696||3585957887||1210568422||kw||
3641430016||3641434111||1210568422||kw||
3645222912||3645227007||1210568422||kw||
