--||--||--||mo||Macau
1958807552||1958809599||1210568422||mo||
2099183616||2099199999||1210568422||mo||
2705326080||2705391615||1210568422||mo||
3234588672||3234588927||1210568422||mo||
3393976320||3393977343||1210568422||mo||
3394666496||3394682879||1210568422||mo||
3400268800||3400269823||1210568422||mo||
3400269824||3400270847||1210568422||mo||
3400335360||3400336383||1210568422||mo||
3400400896||3400401919||1210568422||mo||
3400466432||3400467455||1210568422||mo||
3400467456||3400468479||1210568422||mo||
3400468480||3400470527||1210568422||mo||
3400470528||3400474623||1210568422||mo||
3400474624||3400482815||1210568422||mo||
3400482816||3400491007||1210568422||mo||
3400491008||3400499199||1210568422||mo||
3400507392||3400515583||1210568422||mo||
