--||--||--||mk||Macedonia
1050804224||1050869759||1210568422||mk||
1054654464||1054662655||1210568422||mk||
1293680640||1293811711||1210568422||mk||
1311244288||1311246335||1210568422||mk||
1318912000||1318920191||1210568422||mk||
1331902464||1331904511||1210568422||mk||
1333624832||1333657599||1210568422||mk||
1333690368||1333723135||1210568422||mk||
1334669312||1334673407||1210568422||mk||
1347260416||1347264511||1210568422||mk||
1428045824||1428062207||1210568422||mk||
1481990144||1481998335||1210568422||mk||
1495242752||1495244799||1210568422||mk||
1505345536||1505353727||1210568422||mk||
1506607104||1506639871||1210568422||mk||
1539717888||1539718143||1210568422||mk||
1539827456||1539827711||1210568422||mk||
1546977280||1546993663||1210568422||mk||
1547124736||1547141119||1210568422||mk||
1566523392||1566525439||1210568422||mk||
3264577536||3264585727||1210568422||mk||
3273293824||3273302015||1210568422||mk||
3283996160||3283996671||1210568422||mk||
3557638144||3557646335||1210568422||mk||
3563995136||3564003327||1210568422||mk||
3564634112||3564642303||1210568422||mk||
3582435328||3582443519||1210568422||mk||
3641720832||3641724927||1210568422||mk||
3641724928||3641729023||1210568422||mk||
