--||--||--||my||Malaysia
974782464||974847999||1210568422||my||
974848000||974880767||1210568422||my||
977764352||977797119||1210568422||my||
982188032||982253567||1210568422||my||
1009778688||1010040831||1210568422||my||
1010040832||1010171903||1210568422||my||
1010171904||1010237439||1210568422||my||
1023696896||1023700991||1210568422||my||
1023700992||1023705087||1210568422||my||
1023803392||1023836159||1210568422||my||
1023836160||1023852543||1210568422||my||
1024184320||1024188415||1210568422||my||
1946159104||1946161151||1210568422||my||
1946181632||1946189823||1210568422||my||
1959067648||1959100415||1210568422||my||
1959657472||1959723007||1210568422||my||
1986265088||1986396159||1210568422||my||
1986772992||1986789375||1210568422||my||
1999138816||1999142911||1210568422||my||
2003697664||2003714047||1210568422||my||
2003722240||2003726335||1210568422||my||
2003730432||2003763199||1210568422||my||
2007064576||2007066623||1210568422||my||
2016555008||2016559103||1210568422||my||
2022330368||2022334463||1210568422||my||
2022375424||2022440959||1210568422||my||
2022440960||2022572031||1210568422||my||
2037907456||2038038527||1210568422||my||
2038038528||2038169599||1210568422||my||
2046824448||2046828543||1210568422||my||
2063556608||2063564799||1210568422||my||
2072535040||2072543231||1210568422||my||
2081226752||2081292287||1210568422||my||
2085748736||2085814271||1210568422||my||
2090786816||2090795007||1210568422||my||
2093187072||2093191167||1210568422||my||
2093342720||2093350911||1210568422||my||
2094653440||2094661631||1210568422||my||
2428960768||2429026303||1210568422||my||
2710241280||2710306815||1210568422||my||
2710437888||2710503423||1210568422||my||
2854617088||2854682623||1210568422||my||
3236200448||3236200703||1210568422||my||
3236200704||3236200959||1210568422||my||
3236200960||3236201215||1210568422||my||
3236201216||3236201471||1210568422||my||
3236201472||3236202495||1210568422||my||
3236202496||3236203519||1210568422||my||
3236203520||3236203775||1210568422||my||
3236203776||3236204031||1210568422||my||
3236204032||3236204287||1210568422||my||
3236204288||3236204543||1210568422||my||
3236204544||3236204799||1210568422||my||
3236204800||3236205055||1210568422||my||
3236205056||3236205311||1210568422||my||
3236205312||3236205567||1210568422||my||
3236205568||3236205823||1210568422||my||
3236205824||3236206079||1210568422||my||
3236206080||3236206335||1210568422||my||
3236206336||3236206591||1210568422||my||
3236206592||3236206847||1210568422||my||
3236206848||3236207103||1210568422||my||
3236207104||3236207359||1210568422||my||
3236207360||3236207615||1210568422||my||
3236207616||3236207871||1210568422||my||
3236207872||3236208127||1210568422||my||
3236208128||3236208383||1210568422||my||
3236208384||3236208639||1210568422||my||
3236208640||3236208895||1210568422||my||
3236208896||3236209151||1210568422||my||
3236209152||3236209407||1210568422||my||
3236209408||3236209663||1210568422||my||
3236209664||3236209919||1210568422||my||
3236209920||3236210175||1210568422||my||
3236210176||3236210431||1210568422||my||
3236210432||3236210687||1210568422||my||
3236210688||3236210943||1210568422||my||
3236210944||3236211199||1210568422||my||
3236211200||3236211711||1210568422||my||
3236211712||3236212223||1210568422||my||
3236212224||3236212479||1210568422||my||
3236212480||3236212735||1210568422||my||
3236212736||3236212991||1210568422||my||
3236212992||3236213247||1210568422||my||
3236213248||3236213503||1210568422||my||
3236213504||3236213759||1210568422||my||
3236213760||3236214783||1210568422||my||
3236214784||3236215807||1210568422||my||
3236215808||3236216831||1210568422||my||
3236216832||3236217087||1210568422||my||
3236217088||3236217343||1210568422||my||
3236217344||3236217599||1210568422||my||
3236217600||3236217855||1210568422||my||
3236217856||3236218111||1210568422||my||
3236218112||3236218367||1210568422||my||
3236218368||3236218623||1210568422||my||
3236218624||3236218879||1210568422||my||
3236218880||3236219903||1210568422||my||
3236219904||3236220415||1210568422||my||
3236220416||3236220671||1210568422||my||
3236220672||3236220927||1210568422||my||
3236220928||3236221439||1210568422||my||
3236221440||3236221695||1210568422||my||
3236221696||3236221951||1210568422||my||
3236221952||3236222207||1210568422||my||
3236222208||3236222463||1210568422||my||
3236222464||3236222719||1210568422||my||
3236222720||3236222975||1210568422||my||
3236222976||3236223487||1210568422||my||
3236223488||3236223743||1210568422||my||
3236223744||3236223999||1210568422||my||
3236224000||3236224255||1210568422||my||
3236224256||3236224511||1210568422||my||
3236224512||3236224767||1210568422||my||
3236224768||3236225023||1210568422||my||
3236225024||3236229119||1210568422||my||
3236229120||3236231167||1210568422||my||
3236231168||3236231423||1210568422||my||
3236231424||3236231679||1210568422||my||
3236231680||3236231935||1210568422||my||
3236231936||3236232191||1210568422||my||
3236232192||3236233215||1210568422||my||
3389021696||3389021951||1210568422||my||
3389612032||3389616127||1210568422||my||
3390411776||3390412031||1210568422||my||
3391981568||3391983615||1210568422||my||
3392040960||3392045055||1210568422||my||
3392118784||3392126975||1210568422||my||
3392688128||3392692223||1210568422||my||
3392819200||3392823295||1210568422||my||
3392944128||3392945151||1210568422||my||
3393675264||3393679359||1210568422||my||
3393783808||3393785855||1210568422||my||
3393913856||3393914879||1210568422||my||
3393921024||3393925119||1210568422||my||
3393925120||3393929215||1210568422||my||
3393945600||3393953791||1210568422||my||
3393953792||3393961983||1210568422||my||
3393974272||3393976319||1210568422||my||
3394035712||3394039807||1210568422||my||
3394467840||3394469887||1210568422||my||
3394754560||3394756607||1210568422||my||
3395198976||3395203071||1210568422||my||
3397029888||3397033983||1210568422||my||
3397492736||3397496831||1210568422||my||
3397738496||3397742591||1210568422||my||
3398040576||3398041599||1210568422||my||
3398483968||3398488063||1210568422||my||
3398582272||3398586367||1210568422||my||
3398586368||3398590463||1210568422||my||
3398942720||3398959103||1210568422||my||
3399614464||3399622655||1210568422||my||
3399811072||3399819263||1210568422||my||
3400024064||3400028159||1210568422||my||
3400079360||3400081407||1210568422||my||
3400151040||3400155135||1210568422||my||
3400212480||3400216575||1210568422||my||
3400216576||3400220671||1210568422||my||
3400253440||3400257535||1210568422||my||
3400535040||3400535295||1210568422||my||
3400535296||3400535551||1210568422||my||
3400663040||3400671231||1210568422||my||
3400671232||3400679423||1210568422||my||
3400679424||3400683519||1210568422||my||
3400753152||3400761343||1210568422||my||
3401056256||3401187327||1210568422||my||
3401187328||3401318399||1210568422||my||
3401318400||3401319423||1210568422||my||
3401319424||3401320447||1210568422||my||
3401320448||3401322495||1210568422||my||
3401322496||3401326591||1210568422||my||
3401326592||3401334783||1210568422||my||
3401334784||3401351167||1210568422||my||
3401351168||3401367551||1210568422||my||
3401367552||3401383935||1210568422||my||
3401383936||3401384959||1210568422||my||
3401384960||3401385983||1210568422||my||
3401385984||3401386495||1210568422||my||
3401386496||3401386751||1210568422||my||
3401386752||3401387007||1210568422||my||
3401387008||3401388031||1210568422||my||
3401388032||3401392127||1210568422||my||
3401392128||3401400319||1210568422||my||
3401449472||3401515007||1210568422||my||
3401515008||3401515263||1210568422||my||
3401547776||3401580543||1210568422||my||
3406434304||3406436351||1210568422||my||
3406617600||3406617855||1210568422||my||
3409838336||3409838591||1210568422||my||
3410935808||3410939903||1210568422||my||
3411021824||3411023871||1210568422||my||
3411165184||3411173375||1210568422||my||
3411836928||3411845119||1210568422||my||
3412721664||3412738047||1210568422||my||
3412738048||3412754431||1210568422||my||
3412754432||3412758527||1210568422||my||
3412758528||3412762623||1210568422||my||
3412762624||3412770815||1210568422||my||
3412770816||3412787199||1210568422||my||
3412926464||3412934655||1210568422||my||
3413172224||3413180415||1210568422||my||
3413360640||3413364735||1210568422||my||
3413364736||3413368831||1210568422||my||
3413368832||3413377023||1210568422||my||
3413704704||3413712895||1210568422||my||
3413712896||3413721087||1210568422||my||
3413721088||3413737471||1210568422||my||
3415089152||3415097343||1210568422||my||
3415805952||3415807999||1210568422||my||
3415822336||3415826431||1210568422||my||
3416135680||3416137727||1210568422||my||
3416334336||3416342527||1210568422||my||
3417346048||3417348095||1210568422||my||
3418155008||3418157055||1210568422||my||
3418165248||3418167295||1210568422||my||
3420422144||3420430335||1210568422||my||
3524460544||3524493311||1210568422||my||
3524493312||3524526079||1210568422||my||
3526397952||3526402047||1210568422||my||
3526410240||3526414335||1210568422||my||
3535405056||3535437823||1210568422||my||
3535437824||3535470591||1210568422||my||
3535470592||3535503359||1210568422||my||
3535503360||3535536127||1210568422||my||
3535994880||3536060415||1210568422||my||
3541565440||3541598207||1210568422||my||
3541598208||3541630975||1210568422||my||
3541630976||3541696511||1210568422||my||
3663991296||3663991551||1210568422||my||
3663992320||3663992575||1210568422||my||
3663997952||3663998207||1210568422||my||
3664707584||3664773119||1210568422||my||
3671064576||3671130111||1210568422||my||
3680239616||3680370687||1210568422||my||
3680370688||3680403455||1210568422||my||
3680436224||3680501759||1210568422||my||
3716489216||3716491263||1210568422||my||
3716491264||3716493311||1210568422||my||
