--||--||--||mt||Malta
1051525120||1051533311||1210568422||mt||
1296531456||1296564223||1210568422||mt||
1307787264||1307791359||1210568422||mt||
1315835904||1315839999||1210568422||mt||
1317339136||1317371903||1210568422||mt||
1346842624||1346846719||1210568422||mt||
1346854912||1346859007||1210568422||mt||
1347272704||1347276799||1210568422||mt||
1347772416||1347776511||1210568422||mt||
1348308992||1348313087||1210568422||mt||
1358286848||1358290943||1210568422||mt||
1358843904||1358847999||1210568422||mt||
1401878528||1401880575||1210568422||mt||
1425997824||1426014207||1210568422||mt||
1433868288||1433870335||1210568422||mt||
1433892864||1433894911||1210568422||mt||
1441316864||1441325055||1210568422||mt||
1475112960||1475115007||1210568422||mt||
1489698816||1489731583||1210568422||mt||
1494319104||1494327295||1210568422||mt||
1533499392||1533501439||1210568422||mt||
1539884032||1539885055||1210568422||mt||
1559953408||1559986175||1210568422||mt||
3240216064||3240216575||1210568422||mt||
3240223744||3240224255||1210568422||mt||
3245251328||3245251583||1210568422||mt||
3261669376||3261673471||1210568422||mt||
3261743104||3261751295||1210568422||mt||
3264828672||3264828927||1210568422||mt||
3265142784||3265150975||1210568422||mt||
3268173824||3268182015||1210568422||mt||
3274055168||3274055423||1210568422||mt||
3281928192||3281944575||1210568422||mt||
3286905600||3286905855||1210568422||mt||
3560472576||3560480767||1210568422||mt||
3584401408||3584409599||1210568422||mt||
3587817472||3587833855||1210568422||mt||
3641663488||3641667583||1210568422||mt||
3642142720||3642146815||1210568422||mt||
3642646528||3642650623||1210568422||mt||
3645353984||3645358079||1210568422||mt||
3645485056||3645489151||1210568422||mt||
3649699840||3649765375||1210568422||mt||
3650158592||3650162687||1210568422||mt||
3651706880||3651710975||1210568422||mt||
