--||--||--||mx||Mexico
2209480704||2209546239||1210568422||mx||
2230779904||2230845439||1210568422||mx||
2230845440||2230910975||1210568422||mx||
2231238656||2231304191||1210568422||mx||
2358509568||2358575103||1210568422||mx||
2417360896||2417426431||1210568422||mx||
2496200704||2496266239||1210568422||mx||
2496266240||2496331775||1210568422||mx||
2496331776||2496397311||1210568422||mx||
2496397312||2496659455||1210568422||mx||
2496659456||2497708031||1210568422||mx||
2497708032||2498756607||1210568422||mx||
2498756608||2499280895||1210568422||mx||
2499280896||2499411967||1210568422||mx||
2499411968||2499477503||1210568422||mx||
2657157120||2657222655||1210568422||mx||
2668625920||2668691455||1210568422||mx||
2829385728||2829451263||1210568422||mx||
2835283968||2835349503||1210568422||mx||
2853765120||2853830655||1210568422||mx||
2856714240||2856779775||1210568422||mx||
2863202304||2863267839||1210568422||mx||
3145728000||3147825151||1210568422||mx||
3179282432||3183476735||1210568422||mx||
3183476736||3184525311||1210568422||mx||
3184525312||3185573887||1210568422||mx||
3185573888||3187671039||1210568422||mx||
3226733568||3226733823||1210568422||mx||
3227818752||3227819007||1210568422||mx||
3227819008||3227819263||1210568422||mx||
3227819264||3227819519||1210568422||mx||
3227819520||3227820031||1210568422||mx||
3227820032||3227828223||1210568422||mx||
3227828224||3227836415||1210568422||mx||
3227836416||3227840511||1210568422||mx||
3227840512||3227842559||1210568422||mx||
3227842560||3227843583||1210568422||mx||
3227843584||3227844095||1210568422||mx||
3227844096||3227844351||1210568422||mx||
3230969600||3230969855||1210568422||mx||
3234019328||3234019583||1210568422||mx||
3234019584||3234019839||1210568422||mx||
3234574592||3234574847||1210568422||mx||
3331818496||3331818751||1210568422||mx||
3355464448||3355464703||1210568422||mx||
3355464704||3355464959||1210568422||mx||
3355465728||3355465983||1210568422||mx||
3355467520||3355467775||1210568422||mx||
3355469568||3355469823||1210568422||mx||
3355469824||3355470335||1210568422||mx||
3355470336||3355470591||1210568422||mx||
3355471104||3355471359||1210568422||mx||
3355471616||3355471871||1210568422||mx||
3355471872||3355472383||1210568422||mx||
3355475200||3355475455||1210568422||mx||
3355475456||3355475967||1210568422||mx||
3355475968||3355476991||1210568422||mx||
3355476992||3355477247||1210568422||mx||
3355477248||3355477503||1210568422||mx||
3355477504||3355478015||1210568422||mx||
3355479808||3355480063||1210568422||mx||
3355705344||3355707391||1210568422||mx||
3355707392||3355707647||1210568422||mx||
3355707648||3355707903||1210568422||mx||
3355707904||3355708159||1210568422||mx||
3355708160||3355708415||1210568422||mx||
3355708416||3355708927||1210568422||mx||
3355708928||3355709439||1210568422||mx||
3355713536||3355717631||1210568422||mx||
3355717632||3355718655||1210568422||mx||
3355718656||3355718911||1210568422||mx||
3355718912||3355719167||1210568422||mx||
3355719168||3355719423||1210568422||mx||
3355719424||3355719679||1210568422||mx||
3355719680||3355720191||1210568422||mx||
3355720192||3355720447||1210568422||mx||
3355720704||3355721727||1210568422||mx||
3355721728||3355722751||1210568422||mx||
3355723264||3355723775||1210568422||mx||
3355723776||3355725823||1210568422||mx||
3355725824||3355729919||1210568422||mx||
3355729920||3355738111||1210568422||mx||
3355738112||3355742207||1210568422||mx||
3355742208||3355746303||1210568422||mx||
3356035072||3356037119||1210568422||mx||
3356135168||3356135423||1210568422||mx||
3356148992||3356149247||1210568422||mx||
3356149248||3356149503||1210568422||mx||
3356149760||3356150015||1210568422||mx||
3356152832||3356153855||1210568422||mx||
3356153856||3356154367||1210568422||mx||
3356154368||3356154623||1210568422||mx||
3356158208||3356158463||1210568422||mx||
3356159744||3356159999||1210568422||mx||
3356160000||3356160255||1210568422||mx||
3356160768||3356161023||1210568422||mx||
3356161024||3356161279||1210568422||mx||
3356161536||3356162047||1210568422||mx||
3356162048||3356162559||1210568422||mx||
3356246016||3356262399||1210568422||mx||
3356262400||3356262655||1210568422||mx||
3356270080||3356270591||1210568422||mx||
3356270592||3356271615||1210568422||mx||
3356271616||3356271871||1210568422||mx||
3356271872||3356272127||1210568422||mx||
3356272128||3356272383||1210568422||mx||
3356299264||3356303359||1210568422||mx||
3356303360||3356303615||1210568422||mx||
3356303616||3356303871||1210568422||mx||
3356303872||3356304127||1210568422||mx||
3356304128||3356304383||1210568422||mx||
3356304384||3356304639||1210568422||mx||
3356304640||3356304895||1210568422||mx||
3356304896||3356305407||1210568422||mx||
3356305408||3356305663||1210568422||mx||
3356307456||3356311551||1210568422||mx||
3356311552||3356315647||1210568422||mx||
3356315648||3356316159||1210568422||mx||
3356316160||3356316415||1210568422||mx||
3356317696||3356319743||1210568422||mx||
3356319744||3356323839||1210568422||mx||
3356323840||3356327935||1210568422||mx||
3356327936||3356328959||1210568422||mx||
3356364800||3356368895||1210568422||mx||
3356499968||3356508159||1210568422||mx||
3356950528||3357016063||1210568422||mx||
3357605888||3357671423||1210568422||mx||
3357671424||3357736959||1210568422||mx||
3357802496||3357868031||1210568422||mx||
3357933568||3358064639||1210568422||mx||
3358851072||3358982143||1210568422||mx||
3359113216||3359244287||1210568422||mx||
3359637504||3359899647||1210568422||mx||
3360423936||3360555007||1210568422||mx||
3360555008||3360620543||1210568422||mx||
3360620544||3360686079||1210568422||mx||
3361472512||3361538047||1210568422||mx||
3361603584||3361734655||1210568422||mx||
3378511872||3380609023||1210568422||mx||
3380609024||3380871167||1210568422||mx||
3380871168||3381133311||1210568422||mx||
3381133312||3381395455||1210568422||mx||
3381395456||3381657599||1210568422||mx||
3381657600||3382181887||1210568422||mx||
3382181888||3382706175||1210568422||mx||
3382706176||3383230463||1210568422||mx||
3383230464||3383754751||1210568422||mx||
3426387968||3426388991||1210568422||mx||
3427831552||3427831807||1210568422||mx||
3428306176||3428306431||1210568422||mx||
3428437504||3428437759||1210568422||mx||
3430705152||3430706175||1210568422||mx||
3430812672||3430813183||1210568422||mx||
3430845440||3430845951||1210568422||mx||
3432106240||3432106495||1210568422||mx||
3432585216||3432585727||1210568422||mx||
3450272512||3450272767||1210568422||mx||
3489136640||3489267711||1210568422||mx||
