--||--||--||nl||Netherlands
411303936||411336703||1210568422||nl||
411336704||411369471||1210568422||nl||
1040973824||1040982015||1210568422||nl||
1041596416||1041629183||1210568422||nl||
1041825792||1041842175||1210568422||nl||
1042292736||1042300927||1210568422||nl||
1042874368||1042939903||1210568422||nl||
1043136512||1043169279||1210568422||nl||
1043169280||1043202047||1210568422||nl||
1043988480||1044119551||1210568422||nl||
1044750336||1044758527||1210568422||nl||
1044955136||1044963327||1210568422||nl||
1046740992||1046749183||1210568422||nl||
1046749184||1046757375||1210568422||nl||
1047117824||1047134207||1210568422||nl||
1047265280||1047273471||1210568422||nl||
1047379968||1047396351||1210568422||nl||
1047568384||1047576575||1210568422||nl||
1047584768||1047592959||1210568422||nl||
1048674304||1048682495||1210568422||nl||
1048772608||1048838143||1210568422||nl||
1048838144||1048903679||1210568422||nl||
1048920064||1048936447||1210568422||nl||
1048952832||1048969215||1210568422||nl||
1049395200||1049403391||1210568422||nl||
1049403392||1049411583||1210568422||nl||
1049698304||1049706495||1210568422||nl||
1049706496||1049722879||1210568422||nl||
1049739264||1049755647||1210568422||nl||
1049927680||1049935871||1210568422||nl||
1050869760||1050935295||1210568422||nl||
1051017216||1051033599||1210568422||nl||
1051066368||1051131903||1210568422||nl||
1051820032||1051828223||1210568422||nl||
1051828224||1051836415||1210568422||nl||
1051836416||1051852799||1210568422||nl||
1052786688||1052794879||1210568422||nl||
1052794880||1052803071||1210568422||nl||
1052901376||1053032447||1210568422||nl||
1053130752||1053138943||1210568422||nl||
1053573120||1053581311||1210568422||nl||
1054097408||1054105599||1210568422||nl||
1054113792||1054121983||1210568422||nl||
1054343168||1054351359||1210568422||nl||
1054720000||1054736383||1210568422||nl||
1055522816||1055588351||1210568422||nl||
1055784960||1055850495||1210568422||nl||
1056571392||1056636927||1210568422||nl||
1056636928||1056669695||1210568422||nl||
1295777792||1296039935||1210568422||nl||
1296592896||1296594943||1210568422||nl||
1296603136||1296605183||1210568422||nl||
1296607232||1296609279||1210568422||nl||
1296633856||1296635903||1210568422||nl||
1296687104||1296689151||1210568422||nl||
1296707584||1296709631||1210568422||nl||
1296791552||1296793599||1210568422||nl||
1297561600||1297563647||1210568422||nl||
1297588224||1297590271||1210568422||nl||
1297956864||1297965055||1210568422||nl||
1298067456||1298069503||1210568422||nl||
1298069504||1298071551||1210568422||nl||
1298096128||1298098175||1210568422||nl||
1298135040||1298137087||1210568422||nl||
1302331392||1303379967||1210568422||nl||
1306411008||1306419199||1210568422||nl||
1307123712||1307131903||1210568422||nl||
1307697152||1307701247||1210568422||nl||
1307734016||1307738111||1210568422||nl||
1307811840||1307815935||1210568422||nl||
1307828224||1307832319||1210568422||nl||
1307914240||1307918335||1210568422||nl||
1307922432||1307926527||1210568422||nl||
1308078080||1308080127||1210568422||nl||
1308098560||1308360703||1210568422||nl||
1310220288||1310222335||1210568422||nl||
1310392320||1310408703||1210568422||nl||
1310666752||1310668799||1210568422||nl||
1310683136||1310685183||1210568422||nl||
1311293440||1311295487||1210568422||nl||
1311328256||1311330303||1210568422||nl||
1311361024||1311363071||1210568422||nl||
1315733504||1315737599||1210568422||nl||
1315766272||1315770367||1210568422||nl||
1317830656||1317847039||1210568422||nl||
1318961152||1318969343||1210568422||nl||
1331867648||1331869695||1210568422||nl||
1331894272||1331896319||1210568422||nl||
1331920896||1331922943||1210568422||nl||
1334824960||1334829055||1210568422||nl||
1336563712||1336565759||1210568422||nl||
1336565760||1336567807||1210568422||nl||
1336655872||1336657919||1210568422||nl||
1345847296||1345978367||1210568422||nl||
1346109440||1346240511||1210568422||nl||
1346433024||1346437119||1210568422||nl||
1346461696||1346465791||1210568422||nl||
1346465792||1346469887||1210568422||nl||
1346715648||1346719743||1210568422||nl||
1346719744||1346723839||1210568422||nl||
1346740224||1346744319||1210568422||nl||
1346764800||1346768895||1210568422||nl||
1346994176||1346998271||1210568422||nl||
1347362816||1347366911||1210568422||nl||
1347379200||1347383295||1210568422||nl||
1347403776||1347407871||1210568422||nl||
1347407872||1347411967||1210568422||nl||
1347739648||1347743743||1210568422||nl||
1347743744||1347747839||1210568422||nl||
1347756032||1347760127||1210568422||nl||
1347780608||1347784703||1210568422||nl||
1347788800||1347792895||1210568422||nl||
1348067328||1348071423||1210568422||nl||
1348444160||1348448255||1210568422||nl||
1348730880||1348861951||1210568422||nl||
1349517312||1349550079||1210568422||nl||
1349550080||1349566463||1210568422||nl||
1349566464||1349582847||1210568422||nl||
1349582848||1349648383||1210568422||nl||
1349648384||1349681151||1210568422||nl||
1349681152||1349697535||1210568422||nl||
1349697536||1349713919||1210568422||nl||
1349713920||1349746687||1210568422||nl||
1349746688||1349763071||1210568422||nl||
1349771264||1349779455||1210568422||nl||
1350434816||1350565887||1210568422||nl||
1358061568||1358065663||1210568422||nl||
1358094336||1358098431||1210568422||nl||
1358098432||1358102527||1210568422||nl||
1358397440||1358401535||1210568422||nl||
1358401536||1358405631||1210568422||nl||
1358405632||1358409727||1210568422||nl||
1358413824||1358417919||1210568422||nl||
1358417920||1358422015||1210568422||nl||
1358438400||1358442495||1210568422||nl||
1358516224||1358520319||1210568422||nl||
1358712832||1358716927||1210568422||nl||
1358950400||1358954495||1210568422||nl||
1359233024||1359249407||1210568422||nl||
1360076800||1360080895||1210568422||nl||
1360080896||1360084991||1210568422||nl||
1360134144||1360138239||1210568422||nl||
1360175104||1360179199||1210568422||nl||
1360195584||1360199679||1210568422||nl||
1360281600||1360285695||1210568422||nl||
1360375808||1360379903||1210568422||nl||
1360519168||1360523263||1210568422||nl||
1360523264||1360527359||1210568422||nl||
1360527360||1360531455||1210568422||nl||
1360539648||1360543743||1210568422||nl||
1360711680||1360715775||1210568422||nl||
1360809984||1360814079||1210568422||nl||
1360855040||1360859135||1210568422||nl||
1361035264||1361039359||1210568422||nl||
1362755584||1362886655||1210568422||nl||
1363410944||1363673087||1210568422||nl||
1364525056||1364590591||1210568422||nl||
1364918272||1364922367||1210568422||nl||
1365028864||1365032959||1210568422||nl||
1365061632||1365065727||1210568422||nl||
1365155840||1365159935||1210568422||nl||
1370161152||1370169343||1210568422||nl||
1370169344||1370177535||1210568422||nl||
1370177536||1370193919||1210568422||nl||
1370292224||1370324991||1210568422||nl||
1370439680||1370456063||1210568422||nl||
1372078080||1372082175||1210568422||nl||
1372323840||1372585983||1210568422||nl||
1380450304||1380712447||1210568422||nl||
1381761024||1382023167||1210568422||nl||
1382400000||1382416383||1210568422||nl||
1383079936||1383088127||1210568422||nl||
1383456768||1383464959||1210568422||nl||
1384546304||1384579071||1210568422||nl||
1384693760||1384710143||1210568422||nl||
1384857600||1384873983||1210568422||nl||
1385480192||1385488383||1210568422||nl||
1385594880||1385603071||1210568422||nl||
1385635840||1385644031||1210568422||nl||
1385668608||1385676799||1210568422||nl||
1385955328||1386086399||1210568422||nl||
1386283008||1386348543||1210568422||nl||
1386741760||1387003903||1210568422||nl||
1387003904||1387266047||1210568422||nl||
1387266048||1387331583||1210568422||nl||
1388331008||1388339199||1210568422||nl||
1388519424||1388527615||1210568422||nl||
1388691456||1388699647||1210568422||nl||
1388789760||1388797951||1210568422||nl||
1388806144||1388814335||1210568422||nl||
1388904448||1388937215||1210568422||nl||
1389101056||1389133823||1210568422||nl||
1389510656||1389527039||1210568422||nl||
1389821952||1389838335||1210568422||nl||
1389953024||1390018559||1210568422||nl||
1396965376||1396973567||1210568422||nl||
1397751808||1398276095||1210568422||nl||
1398833152||1398865919||1210568422||nl||
1398867968||1398870015||1210568422||nl||
1398964224||1398980607||1210568422||nl||
1398980608||1398988799||1210568422||nl||
1398988800||1398996991||1210568422||nl||
1400111104||1400373247||1210568422||nl||
1400897536||1400963071||1210568422||nl||
1401425920||1401427967||1210568422||nl||
1401470976||1401473023||1210568422||nl||
1401491456||1401493503||1210568422||nl||
1401522176||1401524223||1210568422||nl||
1401524224||1401526271||1210568422||nl||
1401536512||1401538559||1210568422||nl||
1401552896||1401554943||1210568422||nl||
1401927680||1401929727||1210568422||nl||
1402290176||1402306559||1210568422||nl||
1402994688||1403256831||1210568422||nl||
1403420672||1403428863||1210568422||nl||
1403502592||1403510783||1210568422||nl||
1403813888||1403830271||1210568422||nl||
1406877696||1406885887||1210568422||nl||
1407131648||1407139839||1210568422||nl||
1407713280||1407778815||1210568422||nl||
1408696320||1408729087||1210568422||nl||
1410752512||1410760703||1210568422||nl||
1410859008||1411383295||1210568422||nl||
1411579904||1411645439||1210568422||nl||
1411833856||1411837951||1210568422||nl||
1412005888||1412038655||1210568422||nl||
1412775936||1412792319||1210568422||nl||
1414529024||1415053311||1210568422||nl||
1416101888||1416364031||1210568422||nl||
1425113088||1425129471||1210568422||nl||
1425129472||1425145855||1210568422||nl||
1425260544||1425276927||1210568422||nl||
1425309696||1425326079||1210568422||nl||
1425342464||1425358847||1210568422||nl||
1425408000||1425424383||1210568422||nl||
1425448960||1425451007||1210568422||nl||
1426849792||1426866175||1210568422||nl||
1427177472||1427243007||1210568422||nl||
1431855104||1431863295||1210568422||nl||
1431977984||1431986175||1210568422||nl||
1432125440||1432133631||1210568422||nl||
1433526272||1433534463||1210568422||nl||
1433843712||1433845759||1210568422||nl||
1433866240||1433868287||1210568422||nl||
1433874432||1433876479||1210568422||nl||
1435500544||1436024831||1210568422||nl||
1436459008||1436461055||1210568422||nl||
1436469248||1436471295||1210568422||nl||
1436481536||1436483583||1210568422||nl||
1436508160||1436510207||1210568422||nl||
1436512256||1436514303||1210568422||nl||
1438121984||1438187519||1210568422||nl||
1438580736||1438646271||1210568422||nl||
1439367168||1439432703||1210568422||nl||
1440677888||1440710655||1210568422||nl||
1441456128||1441464319||1210568422||nl||
1442783232||1442787327||1210568422||nl||
1442828288||1442832383||1210568422||nl||
1448083456||1449132031||1210568422||nl||
1449984000||1449992191||1210568422||nl||
1466236928||1466241023||1210568422||nl||
1472397312||1472462847||1210568422||nl||
1473249280||1473773567||1210568422||nl||
1474887680||1474953215||1210568422||nl||
1475084288||1475086335||1210568422||nl||
1475149824||1475151871||1210568422||nl||
1475155968||1475158015||1210568422||nl||
1475174400||1475176447||1210568422||nl||
1475258368||1475260415||1210568422||nl||
1475282944||1475284991||1210568422||nl||
1475305472||1475307519||1210568422||nl||
1475960832||1475969023||1210568422||nl||
1476034560||1476042751||1210568422||nl||
1476075520||1476083711||1210568422||nl||
1476231168||1476239359||1210568422||nl||
1476304896||1476313087||1210568422||nl||
1476337664||1476345855||1210568422||nl||
1481981952||1481990143||1210568422||nl||
1486299136||1486301183||1210568422||nl||
1486815232||1486880767||1210568422||nl||
1490255872||1490272255||1210568422||nl||
1494392832||1494401023||1210568422||nl||
1494499328||1494507519||1210568422||nl||
1494523904||1494532095||1210568422||nl||
1494589440||1494597631||1210568422||nl||
1495171072||1495203839||1210568422||nl||
1499594752||1499725823||1210568422||nl||
1500028928||1500037119||1210568422||nl||
1500102656||1500110847||1210568422||nl||
1502740480||1502756863||1210568422||nl||
1505271808||1505279999||1210568422||nl||
1505492992||1505501183||1210568422||nl||
1506279424||1506312191||1210568422||nl||
1506330624||1506332671||1210568422||nl||
1506639872||1506672639||1210568422||nl||
1506744320||1506746367||1210568422||nl||
1507590144||1507655679||1210568422||nl||
1507700736||1507704831||1210568422||nl||
1509466112||1509470207||1210568422||nl||
1509572608||1509576703||1210568422||nl||
1509601280||1509605375||1210568422||nl||
1509621760||1509625855||1210568422||nl||
1509883904||1509900287||1210568422||nl||
1519452160||1519517695||1210568422||nl||
1532641280||1532643327||1210568422||nl||
1533460480||1533462527||1210568422||nl||
1533464576||1533466623||1210568422||nl||
1533480960||1533483007||1210568422||nl||
1534849024||1534853119||1210568422||nl||
1536000000||1536032767||1210568422||nl||
1536049152||1536053247||1210568422||nl||
1536094208||1536098303||1210568422||nl||
1536475136||1536491519||1210568422||nl||
1538785280||1538793471||1210568422||nl||
1539137536||1539139583||1210568422||nl||
1539170304||1539172351||1210568422||nl||
1539203072||1539207167||1210568422||nl||
1539311616||1539312639||1210568422||nl||
1539318784||1539319807||1210568422||nl||
1539442176||1539442687||1210568422||nl||
1539442688||1539443199||1210568422||nl||
1539450880||1539451391||1210568422||nl||
1539475456||1539475967||1210568422||nl||
1539492864||1539493375||1210568422||nl||
1539496448||1539496959||1210568422||nl||
1539497984||1539498495||1210568422||nl||
1539526656||1539527167||1210568422||nl||
1539536384||1539536895||1210568422||nl||
1539547136||1539547647||1210568422||nl||
1539557376||1539557887||1210568422||nl||
1539566080||1539566591||1210568422||nl||
1539598336||1539599359||1210568422||nl||
1539614720||1539615743||1210568422||nl||
1539655680||1539656703||1210568422||nl||
1539709696||1539709951||1210568422||nl||
1539712256||1539712511||1210568422||nl||
1539713536||1539713791||1210568422||nl||
1539725056||1539725311||1210568422||nl||
1539729152||1539729407||1210568422||nl||
1539729920||1539730175||1210568422||nl||
1539738880||1539739135||1210568422||nl||
1539741440||1539741695||1210568422||nl||
1539747328||1539747583||1210568422||nl||
1539748352||1539748607||1210568422||nl||
1539758592||1539758847||1210568422||nl||
1539779840||1539780095||1210568422||nl||
1539781120||1539781375||1210568422||nl||
1539789824||1539790079||1210568422||nl||
1539795968||1539796223||1210568422||nl||
1539803392||1539803647||1210568422||nl||
1539811072||1539811327||1210568422||nl||
1539813632||1539813887||1210568422||nl||
1539814144||1539814399||1210568422||nl||
1539824384||1539824639||1210568422||nl||
1539828736||1539828991||1210568422||nl||
1539837952||1539838975||1210568422||nl||
1539846144||1539847167||1210568422||nl||
1539941376||1539942399||1210568422||nl||
1540016128||1540017151||1210568422||nl||
1540056064||1540057087||1210568422||nl||
1546307584||1546309631||1210568422||nl||
1546315776||1546317823||1210568422||nl||
1546698752||1546715135||1210568422||nl||
1547026432||1547042815||1210568422||nl||
1547563008||1547567103||1210568422||nl||
1547698176||1548222463||1210568422||nl||
1550581760||1550843903||1210568422||nl||
1551368192||1551499263||1210568422||nl||
1560150016||1560182783||1210568422||nl||
1566085120||1566089215||1210568422||nl||
1566334976||1566337023||1210568422||nl||
1566406656||1566408703||1210568422||nl||
1566492672||1566494719||1210568422||nl||
1566498816||1566500863||1210568422||nl||
1566507008||1566509055||1210568422||nl||
1566519296||1566521343||1210568422||nl||
1566535680||1566537727||1210568422||nl||
1566543872||1566545919||1210568422||nl||
1566570496||1566572543||1210568422||nl||
1568505856||1568538623||1210568422||nl||
1572665344||1572667391||1210568422||nl||
1572700160||1572702207||1210568422||nl||
2213347328||2213412863||1210568422||nl||
2249916416||2249981951||1210568422||nl||
2434727936||2434793471||1210568422||nl||
2435645440||2435710975||1210568422||nl||
2435973120||2436038655||1210568422||nl||
2440429568||2440495103||1210568422||nl||
2573139968||2573205503||1210568422||nl||
2775711744||2775777279||1210568422||nl||
3229687808||3229695487||1210568422||nl||
3239076864||3239077119||1210568422||nl||
3239090688||3239090943||1210568422||nl||
3239111168||3239111423||1210568422||nl||
3239164160||3239164415||1210568422||nl||
3239164416||3239164671||1210568422||nl||
3239305216||3239306239||1210568422||nl||
3239538944||3239539199||1210568422||nl||
3239665664||3239666175||1210568422||nl||
3239697408||3239697663||1210568422||nl||
3239760128||3239760383||1210568422||nl||
3239794176||3239794687||1210568422||nl||
3239841024||3239841279||1210568422||nl||
3239849728||3239849983||1210568422||nl||
3239876608||3239876863||1210568422||nl||
3239884288||3239884543||1210568422||nl||
3239938816||3239939071||1210568422||nl||
3240005376||3240005631||1210568422||nl||
3240104704||3240104959||1210568422||nl||
3240178176||3240178687||1210568422||nl||
3240180736||3240181247||1210568422||nl||
3240199680||3240200191||1210568422||nl||
3240211456||3240211967||1210568422||nl||
3240218624||3240219135||1210568422||nl||
3240220160||3240220671||1210568422||nl||
3240221696||3240222207||1210568422||nl||
3240231936||3240232959||1210568422||nl||
3240269312||3240269823||1210568422||nl||
3240273408||3240273919||1210568422||nl||
3240407296||3240407551||1210568422||nl||
3240409600||3240409855||1210568422||nl||
3240467200||3240467455||1210568422||nl||
3240488704||3240488959||1210568422||nl||
3240587264||3240587519||1210568422||nl||
3240809472||3240809727||1210568422||nl||
3240843264||3240843519||1210568422||nl||
3240844032||3240844287||1210568422||nl||
3240844288||3240844543||1210568422||nl||
3240859136||3240859391||1210568422||nl||
3241033472||3241033727||1210568422||nl||
3241037312||3241037567||1210568422||nl||
3241102848||3241103103||1210568422||nl||
3241131008||3241131263||1210568422||nl||
3241481984||3241482239||1210568422||nl||
3241508096||3241508351||1210568422||nl||
3241803824||3241803831||1210568422||nl||
3241856000||3241857279||1210568422||nl||
3242393600||3242459135||1210568422||nl||
3243114496||3243245567||1210568422||nl||
3243510016||3243510271||1210568422||nl||
3243524864||3243525119||1210568422||nl||
3243552768||3243553023||1210568422||nl||
3243978752||3243982847||1210568422||nl||
3244130304||3244131327||1210568422||nl||
3245087488||3245087743||1210568422||nl||
3245105664||3245106175||1210568422||nl||
3245116928||3245117439||1210568422||nl||
3245134336||3245134591||1210568422||nl||
3245177344||3245177599||1210568422||nl||
3245178112||3245178367||1210568422||nl||
3245180928||3245181439||1210568422||nl||
3245206016||3245206271||1210568422||nl||
3245223936||3245225983||1210568422||nl||
3245235200||3245235455||1210568422||nl||
3245271040||3245272063||1210568422||nl||
3245285376||3245285631||1210568422||nl||
3245321216||3245321471||1210568422||nl||
3247077632||3247077887||1210568422||nl||
3247086592||3247087615||1210568422||nl||
3247098880||3247099903||1210568422||nl||
3247102976||3247106047||1210568422||nl||
3247110144||3247111167||1210568422||nl||
3247243264||3247308799||1210568422||nl||
3247363840||3247364095||1210568422||nl||
3247872000||3247875327||1210568422||nl||
3247917056||3247918079||1210568422||nl||
3248787456||3248787711||1210568422||nl||
3249274880||3249340415||1210568422||nl||
3249340416||3249405951||1210568422||nl||
3249537280||3249537535||1210568422||nl||
3249537536||3249537791||1210568422||nl||
3249537792||3249538047||1210568422||nl||
3249538048||3249538303||1210568422||nl||
3249538304||3249538559||1210568422||nl||
3249538560||3249541119||1210568422||nl||
3249541120||3249545215||1210568422||nl||
3249545216||3249547263||1210568422||nl||
3249547264||3249547519||1210568422||nl||
3249547520||3249547775||1210568422||nl||
3249547776||3249548031||1210568422||nl||
3249548032||3249548287||1210568422||nl||
3249548288||3249548543||1210568422||nl||
3249548544||3249548799||1210568422||nl||
3249548800||3249549055||1210568422||nl||
3249549056||3249549311||1210568422||nl||
3249549312||3249550847||1210568422||nl||
3249550848||3249551359||1210568422||nl||
3249551360||3249552639||1210568422||nl||
3249552640||3249552895||1210568422||nl||
3249552896||3249553151||1210568422||nl||
3249553152||3249553407||1210568422||nl||
3249553408||3249561599||1210568422||nl||
3249561600||3249563647||1210568422||nl||
3249563648||3249565695||1210568422||nl||
3249565696||3249569791||1210568422||nl||
3249569792||3249570047||1210568422||nl||
3249570048||3249570303||1210568422||nl||
3249570304||3249570559||1210568422||nl||
3249570560||3249570815||1210568422||nl||
3249570816||3249571071||1210568422||nl||
3249571072||3249571327||1210568422||nl||
3249571328||3249571583||1210568422||nl||
3249571584||3249571839||1210568422||nl||
3249571840||3249573887||1210568422||nl||
3249573888||3249574911||1210568422||nl||
3249574912||3249576191||1210568422||nl||
3249576192||3249577727||1210568422||nl||
3249577728||3249582847||1210568422||nl||
3249582848||3249583103||1210568422||nl||
3249583104||3249583359||1210568422||nl||
3249583360||3249583615||1210568422||nl||
3249583616||3249583871||1210568422||nl||
3249583872||3249584383||1210568422||nl||
3249584384||3249585151||1210568422||nl||
3249585152||3249585663||1210568422||nl||
3249585664||3249585919||1210568422||nl||
3249585920||3249586175||1210568422||nl||
3249586176||3249589503||1210568422||nl||
3249589504||3249590271||1210568422||nl||
3249590272||3249590527||1210568422||nl||
3249590528||3249590783||1210568422||nl||
3249590784||3249591295||1210568422||nl||
3249591296||3249591551||1210568422||nl||
3249591552||3249591807||1210568422||nl||
3249591808||3249592319||1210568422||nl||
3249592320||3249592831||1210568422||nl||
3249592832||3249593343||1210568422||nl||
3249593344||3249593599||1210568422||nl||
3249593600||3249593855||1210568422||nl||
3249593856||3249594111||1210568422||nl||
3249594112||3249594367||1210568422||nl||
3249594368||3249594623||1210568422||nl||
3249594624||3249594879||1210568422||nl||
3249594880||3249595135||1210568422||nl||
3249595136||3249595391||1210568422||nl||
3249595392||3249595903||1210568422||nl||
3249595904||3249596159||1210568422||nl||
3249596160||3249596415||1210568422||nl||
3249596416||3249596671||1210568422||nl||
3249596672||3249596927||1210568422||nl||
3249596928||3249597183||1210568422||nl||
3249597184||3249597439||1210568422||nl||
3249597440||3249597695||1210568422||nl||
3249597696||3249597951||1210568422||nl||
3249597952||3249598207||1210568422||nl||
3249598208||3249598463||1210568422||nl||
3249598464||3249598975||1210568422||nl||
3249598976||3249599743||1210568422||nl||
3249599744||3249599999||1210568422||nl||
3249600000||3249600255||1210568422||nl||
3249600256||3249601791||1210568422||nl||
3249601792||3249602047||1210568422||nl||
3249602048||3249602303||1210568422||nl||
3249602304||3249602559||1210568422||nl||
3249602560||3249602815||1210568422||nl||
3249602816||3249618943||1210568422||nl||
3249618944||3249635327||1210568422||nl||
3249635328||3249637375||1210568422||nl||
3249637376||3249638399||1210568422||nl||
3249638400||3249640447||1210568422||nl||
3249640448||3249641471||1210568422||nl||
3249641472||3249643519||1210568422||nl||
3249643520||3249644031||1210568422||nl||
3249644032||3249644287||1210568422||nl||
3249644288||3249644543||1210568422||nl||
3249644544||3249645055||1210568422||nl||
3249645056||3249645311||1210568422||nl||
3249645312||3249645567||1210568422||nl||
3249645568||3249647615||1210568422||nl||
3249647616||3249648639||1210568422||nl||
3249648640||3249649151||1210568422||nl||
3249649152||3249649407||1210568422||nl||
3249649408||3249649663||1210568422||nl||
3249649664||3249650687||1210568422||nl||
3249650688||3249651711||1210568422||nl||
3249651712||3249655807||1210568422||nl||
3249655808||3249659903||1210568422||nl||
3249659904||3249661951||1210568422||nl||
3249661952||3249662975||1210568422||nl||
3249662976||3249663999||1210568422||nl||
3249664000||3249666047||1210568422||nl||
3249666048||3249668095||1210568422||nl||
3249716480||3249716735||1210568422||nl||
3250415104||3250415615||1210568422||nl||
3250423296||3250423551||1210568422||nl||
3250424320||3250424575||1210568422||nl||
3250424576||3250424831||1210568422||nl||
3250425088||3250425343||1210568422||nl||
3250427136||3250427391||1210568422||nl||
3250585600||3250585855||1210568422||nl||
3250589472||3250589503||1210568422||nl||
3250692352||3250692607||1210568422||nl||
3250694912||3250695167||1210568422||nl||
3250751488||3250751743||1210568422||nl||
3251124224||3251124735||1210568422||nl||
3251127808||3251128319||1210568422||nl||
3251143680||3251143935||1210568422||nl||
3251145728||3251145983||1210568422||nl||
3251147520||3251147775||1210568422||nl||
3251149056||3251149311||1210568422||nl||
3251151872||3251152127||1210568422||nl||
3251154432||3251154687||1210568422||nl||
3251155456||3251155711||1210568422||nl||
3251160576||3251160831||1210568422||nl||
3251164672||3251164927||1210568422||nl||
3251202048||3251202303||1210568422||nl||
3251213120||3251213151||1210568422||nl||
3251246336||3251246591||1210568422||nl||
3251246848||3251247103||1210568422||nl||
3251268352||3251268607||1210568422||nl||
3251268864||3251269119||1210568422||nl||
3251270400||3251270655||1210568422||nl||
3251272192||3251272447||1210568422||nl||
3251362816||3251363327||1210568422||nl||
3251364096||3251364607||1210568422||nl||
3252384768||3252385023||1210568422||nl||
3252518144||3252518399||1210568422||nl||
3252585472||3252585727||1210568422||nl||
3252586752||3252587007||1210568422||nl||
3252642816||3252643071||1210568422||nl||
3252910336||3252910591||1210568422||nl||
3253606400||3253607423||1210568422||nl||
3253663744||3253664767||1210568422||nl||
3253688320||3253689343||1210568422||nl||
3253689344||3253690367||1210568422||nl||
3253695488||3253696511||1210568422||nl||
3253713408||3253713919||1210568422||nl||
3253717504||3253718015||1210568422||nl||
3253722624||3253723135||1210568422||nl||
3253887232||3253887487||1210568422||nl||
3253890048||3253890303||1210568422||nl||
3253892352||3253892607||1210568422||nl||
3253892864||3253893119||1210568422||nl||
3253894400||3253894655||1210568422||nl||
3253969920||3253970431||1210568422||nl||
3254653440||3254653695||1210568422||nl||
3254703616||3254704127||1210568422||nl||
3254713856||3254714367||1210568422||nl||
3254823424||3254823679||1210568422||nl||
3254829568||3254829823||1210568422||nl||
3254830336||3254830591||1210568422||nl||
3254843904||3254844159||1210568422||nl||
3254897664||3254897919||1210568422||nl||
3255238400||3255238655||1210568422||nl||
3255311360||3255311615||1210568422||nl||
3255382016||3255382527||1210568422||nl||
3255391232||3255391743||1210568422||nl||
3255402240||3255402495||1210568422||nl||
3255631872||3255632127||1210568422||nl||
3255632128||3255632383||1210568422||nl||
3255632384||3255632895||1210568422||nl||
3255632896||3255633663||1210568422||nl||
3255633664||3255633919||1210568422||nl||
3255633920||3255635711||1210568422||nl||
3255635712||3255635967||1210568422||nl||
3255635968||3255640063||1210568422||nl||
3255640064||3255648255||1210568422||nl||
3255648256||3255648511||1210568422||nl||
3255648512||3255648767||1210568422||nl||
3255648768||3255649023||1210568422||nl||
3255649024||3255649279||1210568422||nl||
3255649280||3255650303||1210568422||nl||
3255650304||3255652351||1210568422||nl||
3255652352||3255654399||1210568422||nl||
3255654400||3255658495||1210568422||nl||
3255658496||3255659519||1210568422||nl||
3255659520||3255659775||1210568422||nl||
3255659776||3255660031||1210568422||nl||
3255660032||3255660287||1210568422||nl||
3255660544||3255661567||1210568422||nl||
3255661568||3255662591||1210568422||nl||
3255662592||3255663615||1210568422||nl||
3255663616||3255664639||1210568422||nl||
3255664640||3255665919||1210568422||nl||
3255665920||3255666175||1210568422||nl||
3255666176||3255666431||1210568422||nl||
3255666688||3255667199||1210568422||nl||
3255667200||3255667455||1210568422||nl||
3255667456||3255667711||1210568422||nl||
3255667712||3255667967||1210568422||nl||
3255667968||3255668223||1210568422||nl||
3255668224||3255668735||1210568422||nl||
3255668736||3255672831||1210568422||nl||
3255672832||3255676927||1210568422||nl||
3255676928||3255681023||1210568422||nl||
3255681024||3255685119||1210568422||nl||
3255685120||3255689215||1210568422||nl||
3255689216||3255691263||1210568422||nl||
3255691264||3255692799||1210568422||nl||
3255692800||3255693311||1210568422||nl||
3255693312||3255697407||1210568422||nl||
3256483840||3256484095||1210568422||nl||
3256484096||3256485375||1210568422||nl||
3256485376||3256485887||1210568422||nl||
3256485888||3256487935||1210568422||nl||
3256487936||3256488191||1210568422||nl||
3256488192||3256489471||1210568422||nl||
3256490496||3256490751||1210568422||nl||
3256490752||3256491007||1210568422||nl||
3256491008||3256491263||1210568422||nl||
3256491264||3256491519||1210568422||nl||
3256491520||3256492031||1210568422||nl||
3256492032||3256500223||1210568422||nl||
3256500224||3256501247||1210568422||nl||
3256501248||3256501503||1210568422||nl||
3256501504||3256501759||1210568422||nl||
3256501760||3256502015||1210568422||nl||
3256502016||3256502271||1210568422||nl||
3256502272||3256503295||1210568422||nl||
3256503296||3256503551||1210568422||nl||
3256503552||3256504319||1210568422||nl||
3256504320||3256508415||1210568422||nl||
3256508416||3256509439||1210568422||nl||
3256509440||3256509695||1210568422||nl||
3256509696||3256510463||1210568422||nl||
3256510464||3256511487||1210568422||nl||
3256511488||3256511743||1210568422||nl||
3256511744||3256511999||1210568422||nl||
3256512000||3256512255||1210568422||nl||
3256512256||3256512511||1210568422||nl||
3256512512||3256512767||1210568422||nl||
3256512768||3256513023||1210568422||nl||
3256513280||3256513535||1210568422||nl||
3256513536||3256513791||1210568422||nl||
3256514048||3256514559||1210568422||nl||
3256514560||3256516607||1210568422||nl||
3256516608||3256520703||1210568422||nl||
3256520704||3256521727||1210568422||nl||
3256521728||3256521983||1210568422||nl||
3256521984||3256522239||1210568422||nl||
3256522240||3256522751||1210568422||nl||
3256522752||3256524287||1210568422||nl||
3256524800||3256525823||1210568422||nl||
3256525824||3256526079||1210568422||nl||
3256526080||3256526335||1210568422||nl||
3256526336||3256526591||1210568422||nl||
3256526592||3256526847||1210568422||nl||
3256526848||3256527871||1210568422||nl||
3256527872||3256528895||1210568422||nl||
3256528896||3256530943||1210568422||nl||
3256530944||3256531967||1210568422||nl||
3256531968||3256532991||1210568422||nl||
3256532992||3256545279||1210568422||nl||
3256545280||3256547327||1210568422||nl||
3256547328||3256549375||1210568422||nl||
3256790784||3256791039||1210568422||nl||
3256792576||3256792831||1210568422||nl||
3256794112||3256794367||1210568422||nl||
3257139200||3257139455||1210568422||nl||
3257467392||3257467903||1210568422||nl||
3257585664||3257585919||1210568422||nl||
3257585920||3257586175||1210568422||nl||
3257586176||3257586431||1210568422||nl||
3257586432||3257586687||1210568422||nl||
3257586688||3257586943||1210568422||nl||
3257586944||3257587199||1210568422||nl||
3257587200||3257587455||1210568422||nl||
3257587456||3257587711||1210568422||nl||
3257587712||3257587967||1210568422||nl||
3257587968||3257588223||1210568422||nl||
3257588224||3257588479||1210568422||nl||
3257588480||3257588735||1210568422||nl||
3257588736||3257588991||1210568422||nl||
3257588992||3257589247||1210568422||nl||
3257589248||3257589503||1210568422||nl||
3257589504||3257589759||1210568422||nl||
3257729024||3257794559||1210568422||nl||
3258068992||3258069247||1210568422||nl||
3258077696||3258077951||1210568422||nl||
3258080000||3258080255||1210568422||nl||
3258081280||3258081535||1210568422||nl||
3258082048||3258082303||1210568422||nl||
3258085376||3258085631||1210568422||nl||
3258098432||3258098687||1210568422||nl||
3258253312||3258253567||1210568422||nl||
3258253568||3258253823||1210568422||nl||
3258253824||3258254079||1210568422||nl||
3258254080||3258254335||1210568422||nl||
3258254336||3258255359||1210568422||nl||
3258255360||3258256383||1210568422||nl||
3258256384||3258257407||1210568422||nl||
3258257408||3258261503||1210568422||nl||
3258261504||3258265599||1210568422||nl||
3258265600||3258267647||1210568422||nl||
3258267648||3258268671||1210568422||nl||
3258268672||3258268927||1210568422||nl||
3258268928||3258269183||1210568422||nl||
3258269184||3258269695||1210568422||nl||
3258269696||3258270207||1210568422||nl||
3258270208||3258270463||1210568422||nl||
3258270464||3258270719||1210568422||nl||
3258270720||3258271743||1210568422||nl||
3258271744||3258272767||1210568422||nl||
3258273792||3258274815||1210568422||nl||
3258274816||3258275071||1210568422||nl||
3258275072||3258275327||1210568422||nl||
3258275328||3258275583||1210568422||nl||
3258275584||3258275839||1210568422||nl||
3258275840||3258277887||1210568422||nl||
3258277888||3258279935||1210568422||nl||
3258279936||3258281983||1210568422||nl||
3258281984||3258282239||1210568422||nl||
3258282240||3258282495||1210568422||nl||
3258282496||3258282751||1210568422||nl||
3258282752||3258283007||1210568422||nl||
3258283008||3258283519||1210568422||nl||
3258283520||3258284031||1210568422||nl||
3258284032||3258284287||1210568422||nl||
3258284288||3258284543||1210568422||nl||
3258284544||3258286591||1210568422||nl||
3258286592||3258287871||1210568422||nl||
3258287872||3258288127||1210568422||nl||
3258288128||3258290175||1210568422||nl||
3258290176||3258294271||1210568422||nl||
3258294272||3258297343||1210568422||nl||
3258297600||3258297855||1210568422||nl||
3258297856||3258298111||1210568422||nl||
3258298368||3258302463||1210568422||nl||
3258302464||3258306559||1210568422||nl||
3258306560||3258307583||1210568422||nl||
3258307584||3258308095||1210568422||nl||
3258308096||3258308351||1210568422||nl||
3258308352||3258308607||1210568422||nl||
3258308608||3258310655||1210568422||nl||
3258310656||3258318847||1210568422||nl||
3258355712||3258356735||1210568422||nl||
3258730240||3258730495||1210568422||nl||
3258765056||3258765311||1210568422||nl||
3259305984||3259310079||1210568422||nl||
3259354112||3259354367||1210568422||nl||
3259355136||3259359231||1210568422||nl||
3260014592||3260018687||1210568422||nl||
3260022272||3260022783||1210568422||nl||
3260547584||3260547839||1210568422||nl||
3260607488||3260607999||1210568422||nl||
3261595648||3261595903||1210568422||nl||
3261595904||3261599743||1210568422||nl||
3261599744||3261600767||1210568422||nl||
3261600768||3261601791||1210568422||nl||
3261601792||3261602815||1210568422||nl||
3261602816||3261603839||1210568422||nl||
3261603840||3261612031||1210568422||nl||
3261612032||3261616127||1210568422||nl||
3261616128||3261617407||1210568422||nl||
3261617408||3261618175||1210568422||nl||
3261618176||3261618687||1210568422||nl||
3261618688||3261618943||1210568422||nl||
3261618944||3261619199||1210568422||nl||
3261619200||3261619455||1210568422||nl||
3261619456||3261619711||1210568422||nl||
3261619712||3261620223||1210568422||nl||
3261620224||3261620479||1210568422||nl||
3261620480||3261620735||1210568422||nl||
3261620736||3261620991||1210568422||nl||
3261620992||3261621247||1210568422||nl||
3261621248||3261622271||1210568422||nl||
3261622272||3261623807||1210568422||nl||
3261623808||3261624575||1210568422||nl||
3261624576||3261624831||1210568422||nl||
3261624832||3261625087||1210568422||nl||
3261625088||3261625343||1210568422||nl||
3261625344||3261625855||1210568422||nl||
3261625856||3261626111||1210568422||nl||
3261626112||3261626367||1210568422||nl||
3261626368||3261627391||1210568422||nl||
3261627392||3261627903||1210568422||nl||
3261627904||3261628159||1210568422||nl||
3261628160||3261628415||1210568422||nl||
3261628416||3261632511||1210568422||nl||
3261632512||3261633535||1210568422||nl||
3261633536||3261634047||1210568422||nl||
3261634048||3261634559||1210568422||nl||
3261634560||3261635071||1210568422||nl||
3261635072||3261635839||1210568422||nl||
3261635840||3261636095||1210568422||nl||
3261636096||3261636351||1210568422||nl||
3261636352||3261636607||1210568422||nl||
3261636608||3261643007||1210568422||nl||
3261643008||3261643775||1210568422||nl||
3261643776||3261644799||1210568422||nl||
3261644800||3261648895||1210568422||nl||
3261648896||3261652991||1210568422||nl||
3261652992||3261657087||1210568422||nl||
3261657088||3261661183||1210568422||nl||
3261691904||3261693951||1210568422||nl||
3261693952||3261694463||1210568422||nl||
3261696512||3261697023||1210568422||nl||
3261699072||3261699583||1210568422||nl||
3261797120||3261797375||1210568422||nl||
3261821440||3261821695||1210568422||nl||
3261823232||3261823487||1210568422||nl||
3261823744||3261823999||1210568422||nl||
3261923328||3261988863||1210568422||nl||
3261996032||3261996287||1210568422||nl||
3262006016||3262006271||1210568422||nl||
3262042880||3262043135||1210568422||nl||
3262043648||3262043903||1210568422||nl||
3262045440||3262045695||1210568422||nl||
3262419456||3262419967||1210568422||nl||
3262420480||3262420991||1210568422||nl||
3262644224||3262709759||1210568422||nl||
3262709760||3262775295||1210568422||nl||
3262775296||3262840831||1210568422||nl||
3262840832||3262906367||1210568422||nl||
3263070720||3263070975||1210568422||nl||
3263071488||3263072255||1210568422||nl||
3263081472||3263082495||1210568422||nl||
3263086848||3263087103||1210568422||nl||
3263096832||3263097087||1210568422||nl||
3263097600||3263097855||1210568422||nl||
3263099136||3263099391||1210568422||nl||
3263561728||3263569919||1210568422||nl||
3263569920||3263578111||1210568422||nl||
3263578112||3263594495||1210568422||nl||
3263594496||3263627263||1210568422||nl||
3264013824||3264014079||1210568422||nl||
3264017920||3264018175||1210568422||nl||
3264184832||3264185343||1210568422||nl||
3264332288||3264332799||1210568422||nl||
3264347136||3264348159||1210568422||nl||
3264380672||3264380927||1210568422||nl||
3264607488||3264607743||1210568422||nl||
3264663552||3264664063||1210568422||nl||
3264675840||3264741375||1210568422||nl||
3264826880||3264827135||1210568422||nl||
3264836864||3264837119||1210568422||nl||
3264840192||3264840447||1210568422||nl||
3264847168||3264847199||1210568422||nl||
3264847232||3264847263||1210568422||nl||
3265175552||3265183743||1210568422||nl||
3265602048||3265602303||1210568422||nl||
3265603328||3265603583||1210568422||nl||
3265604096||3265604351||1210568422||nl||
3265609728||3265617919||1210568422||nl||
3265908736||3265908991||1210568422||nl||
3265910784||3265911039||1210568422||nl||
3265918976||3265919231||1210568422||nl||
3265986560||3266052095||1210568422||nl||
3266445312||3266510847||1210568422||nl||
3267046400||3267047423||1210568422||nl||
3267054592||3267055615||1210568422||nl||
3268742912||3268743167||1210568422||nl||
3269787648||3269853183||1210568422||nl||
3270653440||3270653695||1210568422||nl||
3270654464||3270654719||1210568422||nl||
3270911968||3270911999||1210568422||nl||
3270930944||3270931455||1210568422||nl||
3270991872||3271000063||1210568422||nl||
3271751680||3271752191||1210568422||nl||
3271795712||3271796735||1210568422||nl||
3271798784||3271799807||1210568422||nl||
3271926528||3271926783||1210568422||nl||
3272048640||3272056831||1210568422||nl||
3272134656||3272135167||1210568422||nl||
3272264192||3272264447||1210568422||nl||
3272358912||3272359935||1210568422||nl||
3272474880||3272475135||1210568422||nl||
3272482048||3272482303||1210568422||nl||
3272482560||3272482815||1210568422||nl||
3272627200||3272628223||1210568422||nl||
3272753152||3272769535||1210568422||nl||
3272869888||3272870911||1210568422||nl||
3272876032||3272884223||1210568422||nl||
3272920064||3272920575||1210568422||nl||
3272921600||3272922111||1210568422||nl||
3273024512||3273025535||1210568422||nl||
3273883392||3273883647||1210568422||nl||
3273883648||3273900031||1210568422||nl||
3273900032||3273916415||1210568422||nl||
3274096640||3274113023||1210568422||nl||
3274169856||3274170367||1210568422||nl||
3274178048||3274178559||1210568422||nl||
3274343936||3274344447||1210568422||nl||
3274366976||3274367999||1210568422||nl||
3274368000||3274368511||1210568422||nl||
3274371072||3274373375||1210568422||nl||
3274693632||3274693887||1210568422||nl||
3275511552||3275511679||1210568422||nl||
3275543552||3275544575||1210568422||nl||
3275630080||3275630591||1210568422||nl||
3275759616||3275767807||1210568422||nl||
3275767808||3275771903||1210568422||nl||
3275771904||3275775999||1210568422||nl||
3275911936||3275912191||1210568422||nl||
3275916288||3275916799||1210568422||nl||
3275916800||3275917311||1210568422||nl||
3276097536||3276098559||1210568422||nl||
3276115968||3276116991||1210568422||nl||
3276138496||3276139519||1210568422||nl||
3276341248||3276406783||1210568422||nl||
3276423424||3276423679||1210568422||nl||
3276690432||3276690943||1210568422||nl||
3276857856||3276858111||1210568422||nl||
3277160448||3277168639||1210568422||nl||
3277168640||3277176831||1210568422||nl||
3277185280||3277185535||1210568422||nl||
3277190656||3277190911||1210568422||nl||
3277193216||3277258751||1210568422||nl||
3277709312||3277709823||1210568422||nl||
3277821440||3277821695||1210568422||nl||
3277827584||3277827839||1210568422||nl||
3277827840||3277828095||1210568422||nl||
3277828352||3277828607||1210568422||nl||
3277833728||3277834239||1210568422||nl||
3277845504||3277847039||1210568422||nl||
3277873152||3277881343||1210568422||nl||
3278635008||3278700543||1210568422||nl||
3278700544||3278766079||1210568422||nl||
3278771712||3278772223||1210568422||nl||
3279031296||3279031807||1210568422||nl||
3279053824||3279054335||1210568422||nl||
3279085568||3279093759||1210568422||nl||
3279486976||3279552511||1210568422||nl||
3279993344||3279993855||1210568422||nl||
3280458752||3280459775||1210568422||nl||
3280577792||3280578047||1210568422||nl||
3280578816||3280579071||1210568422||nl||
3280590336||3280590847||1210568422||nl||
3280594432||3280594943||1210568422||nl||
3280790528||3280791551||1210568422||nl||
3280793600||3280794623||1210568422||nl||
3280994816||3280995071||1210568422||nl||
3280996864||3280997119||1210568422||nl||
3281349376||3281349631||1210568422||nl||
3282632704||3282698239||1210568422||nl||
3283211776||3283212287||1210568422||nl||
3283218944||3283219455||1210568422||nl||
3283484928||3283485183||1210568422||nl||
3283632128||3283632639||1210568422||nl||
3283948544||3283949567||1210568422||nl||
3283973120||3283974143||1210568422||nl||
3283975168||3283976191||1210568422||nl||
3284005376||3284005887||1210568422||nl||
3284008960||3284009215||1210568422||nl||
3284047616||3284047871||1210568422||nl||
3284066304||3284074495||1210568422||nl||
3284205568||3284271103||1210568422||nl||
3284685312||3284685823||1210568422||nl||
3284685824||3284686335||1210568422||nl||
3284721408||3284721663||1210568422||nl||
3285334016||3285334527||1210568422||nl||
3286135808||3286136831||1210568422||nl||
3286328320||3286329343||1210568422||nl||
3286344704||3286345727||1210568422||nl||
3286658560||3286658815||1210568422||nl||
3286931456||3286931711||1210568422||nl||
3286936832||3286937087||1210568422||nl||
3287173632||3287174143||1210568422||nl||
3287176704||3287177215||1210568422||nl||
3287217152||3287217407||1210568422||nl||
3287285760||3287293951||1210568422||nl||
3287293952||3287302143||1210568422||nl||
3287302144||3287318527||1210568422||nl||
3287318528||3287351295||1210568422||nl||
3287351296||3287416831||1210568422||nl||
3287435264||3287435775||1210568422||nl||
3287441920||3287442431||1210568422||nl||
3287455744||3287456255||1210568422||nl||
3287642624||3287643135||1210568422||nl||
3287664384||3287664639||1210568422||nl||
3287704064||3287704575||1210568422||nl||
3287739392||3287739903||1210568422||nl||
3287829760||3287830015||1210568422||nl||
3287870976||3287871487||1210568422||nl||
3339142656||3339142911||1210568422||nl||
3339145728||3339145983||1210568422||nl||
3345437696||3345437951||1210568422||nl||
3427777024||3427777279||1210568422||nl||
3427792384||3427793919||1210568422||nl||
3427794176||3427794943||1210568422||nl||
3437748480||3437748991||1210568422||nl||
3556827136||3556835327||1210568422||nl||
3556835328||3556843519||1210568422||nl||
3556876288||3556884479||1210568422||nl||
3558064128||3558072319||1210568422||nl||
3558072320||3558080511||1210568422||nl||
3558522880||3558531071||1210568422||nl||
3558711296||3558719487||1210568422||nl||
3558924288||3558932479||1210568422||nl||
3559727104||3559735295||1210568422||nl||
3560177664||3560185855||1210568422||nl||
3560243200||3560251391||1210568422||nl||
3560316928||3560325119||1210568422||nl||
3560767488||3560775679||1210568422||nl||
3560775680||3560783871||1210568422||nl||
3560783872||3560800255||1210568422||nl||
3560800256||3560833023||1210568422||nl||
3560964096||3560996863||1210568422||nl||
3561201664||3561209855||1210568422||nl||
3561545728||3561553919||1210568422||nl||
3562004480||3562012671||1210568422||nl||
3562225664||3562233855||1210568422||nl||
3562258432||3562266623||1210568422||nl||
3562266624||3562274815||1210568422||nl||
3562274816||3562283007||1210568422||nl||
3562307584||3562315775||1210568422||nl||
3562815488||3562823679||1210568422||nl||
3563634688||3563651071||1210568422||nl||
3564355584||3564363775||1210568422||nl||
3564650496||3564666879||1210568422||nl||
3564863488||3564871679||1210568422||nl||
3564871680||3564879871||1210568422||nl||
3564994560||3565002751||1210568422||nl||
3565125632||3565158399||1210568422||nl||
3565256704||3565289471||1210568422||nl||
3565682688||3565748223||1210568422||nl||
3566075904||3566092287||1210568422||nl||
3566796800||3566862335||1210568422||nl||
3567599616||3567615999||1210568422||nl||
3567616000||3567648767||1210568422||nl||
3568443392||3568451583||1210568422||nl||
3568451584||3568467967||1210568422||nl||
3568467968||3568476159||1210568422||nl||
3568476160||3568484351||1210568422||nl||
3568484352||3568492543||1210568422||nl||
3568492544||3568500735||1210568422||nl||
3568730112||3568738303||1210568422||nl||
3568738304||3568746495||1210568422||nl||
3569025024||3569057791||1210568422||nl||
3569156096||3569188863||1210568422||nl||
3570073600||3570081791||1210568422||nl||
3570171904||3570188287||1210568422||nl||
3570188288||3570196479||1210568422||nl||
3570196480||3570204671||1210568422||nl||
3570270208||3570335743||1210568422||nl||
3572367360||3572432895||1210568422||nl||
3572572160||3572580351||1210568422||nl||
3574202368||3574267903||1210568422||nl||
3574661120||3574693887||1210568422||nl||
3575775232||3575783423||1210568422||nl||
3575783424||3575791615||1210568422||nl||
3575791616||3575799807||1210568422||nl||
3575799808||3575807999||1210568422||nl||
3575808000||3575816191||1210568422||nl||
3575816192||3575824383||1210568422||nl||
3575832576||3575840767||1210568422||nl||
3575840768||3575873535||1210568422||nl||
3576561664||3576627199||1210568422||nl||
3576889344||3576954879||1210568422||nl||
3577020416||3577085951||1210568422||nl||
3578363904||3578396671||1210568422||nl||
3578462208||3578527743||1210568422||nl||
3579052032||3579117567||1210568422||nl||
3579641856||3579707391||1210568422||nl||
3581673472||3581689855||1210568422||nl||
3581689856||3581706239||1210568422||nl||
3581706240||3581714431||1210568422||nl||
3581714432||3581722623||1210568422||nl||
3581722624||3581739007||1210568422||nl||
3581739008||3581771775||1210568422||nl||
3581771776||3581788159||1210568422||nl||
3581788160||3581804543||1210568422||nl||
3581804544||3581820927||1210568422||nl||
3581820928||3581829119||1210568422||nl||
3581829120||3581837311||1210568422||nl||
3581837312||3581870079||1210568422||nl||
3581870080||3581935615||1210568422||nl||
3582050304||3582058495||1210568422||nl||
3582107648||3582115839||1210568422||nl||
3582238720||3582246911||1210568422||nl||
3582246912||3582255103||1210568422||nl||
3582271488||3582279679||1210568422||nl||
3582386176||3582394367||1210568422||nl||
3582459904||3582468095||1210568422||nl||
3583041536||3583049727||1210568422||nl||
3583270912||3583279103||1210568422||nl||
3583303680||3583311871||1210568422||nl||
3583696896||3583705087||1210568422||nl||
3583770624||3583778815||1210568422||nl||
3583967232||3583975423||1210568422||nl||
3584081920||3584090111||1210568422||nl||
3584090112||3584098303||1210568422||nl||
3584204800||3584212991||1210568422||nl||
3584671744||3584679935||1210568422||nl||
3584679936||3584688127||1210568422||nl||
3584770048||3584778239||1210568422||nl||
3584786432||3584794623||1210568422||nl||
3585441792||3585449983||1210568422||nl||
3585835008||3585843199||1210568422||nl||
3585933312||3585941503||1210568422||nl||
3586244608||3586260991||1210568422||nl||
3586392064||3586408447||1210568422||nl||
3586457600||3586473983||1210568422||nl||
3586506752||3586523135||1210568422||nl||
3586752512||3586760703||1210568422||nl||
3586760704||3586768895||1210568422||nl||
3586768896||3586785279||1210568422||nl||
3586965504||3586981887||1210568422||nl||
3587063808||3587080191||1210568422||nl||
3587096576||3587112959||1210568422||nl||
3587112960||3587121151||1210568422||nl||
3587129344||3587145727||1210568422||nl||
3587407872||3587424255||1210568422||nl||
3587596288||3587604479||1210568422||nl||
3588096000||3588104191||1210568422||nl||
3588456448||3588464639||1210568422||nl||
3588571136||3588587519||1210568422||nl||
3588866048||3588882431||1210568422||nl||
3589242880||3589259263||1210568422||nl||
3589742592||3589750783||1210568422||nl||
3589881856||3589890047||1210568422||nl||
3641204736||3641208831||1210568422||nl||
3641712640||3641716735||1210568422||nl||
3641802752||3641806847||1210568422||nl||
3641851904||3641855999||1210568422||nl||
3641905152||3641909247||1210568422||nl||
3642068992||3642073087||1210568422||nl||
3642093568||3642097663||1210568422||nl||
3642114048||3642118143||1210568422||nl||
3642388480||3642392575||1210568422||nl||
3642552320||3642556415||1210568422||nl||
3644719104||3644735487||1210568422||nl||
3644735488||3644751871||1210568422||nl||
3644751872||3644784639||1210568422||nl||
3644784640||3644801023||1210568422||nl||
3644801024||3644809215||1210568422||nl||
3644817408||3644833791||1210568422||nl||
3644833792||3644850175||1210568422||nl||
3645104128||3645108223||1210568422||nl||
3645108224||3645112319||1210568422||nl||
3645124608||3645128703||1210568422||nl||
3645214720||3645218815||1210568422||nl||
3645296640||3645300735||1210568422||nl||
3645579264||3645583359||1210568422||nl||
3645640704||3645644799||1210568422||nl||
3645734912||3645739007||1210568422||nl||
3645739008||3645743103||1210568422||nl||
3645829120||3645833215||1210568422||nl||
3647209472||3647242239||1210568422||nl||
3647242240||3647258623||1210568422||nl||
3647258624||3647275007||1210568422||nl||
3647275008||3647340543||1210568422||nl||
3647340544||3647373311||1210568422||nl||
3647373312||3647389695||1210568422||nl||
3647389696||3647397887||1210568422||nl||
3647397888||3647401983||1210568422||nl||
3647401984||3647406079||1210568422||nl||
3647406080||3647471615||1210568422||nl||
3647471616||3647504383||1210568422||nl||
3647504384||3647537151||1210568422||nl||
3647537152||3647553535||1210568422||nl||
3647553536||3647569919||1210568422||nl||
3647569920||3647586303||1210568422||nl||
3647586304||3647594495||1210568422||nl||
3647594496||3647602687||1210568422||nl||
3648024576||3648028671||1210568422||nl||
3648151552||3648155647||1210568422||nl||
3648241664||3648245759||1210568422||nl||
3648249856||3648253951||1210568422||nl||
3648380928||3648385023||1210568422||nl||
3648430080||3648434175||1210568422||nl||
3648454656||3648458751||1210568422||nl||
3648512000||3648516095||1210568422||nl||
3648520192||3648782335||1210568422||nl||
3649830912||3649835007||1210568422||nl||
3650359296||3650363391||1210568422||nl||
3650375680||3650379775||1210568422||nl||
3650396160||3650400255||1210568422||nl||
3650400256||3650404351||1210568422||nl||
3650428928||3650433023||1210568422||nl||
3650437120||3650441215||1210568422||nl||
3650469888||3650473983||1210568422||nl||
3650473984||3650478079||1210568422||nl||
3651534848||3651600383||1210568422||nl||
3651788800||3651792895||1210568422||nl||
3651796992||3651801087||1210568422||nl||
3651801088||3651805183||1210568422||nl||
3651805184||3651809279||1210568422||nl||
3651809280||3651813375||1210568422||nl||
3652141056||3652145151||1210568422||nl||
3653373952||3653378047||1210568422||nl||
3653394432||3653398527||1210568422||nl||
3653398528||3653402623||1210568422||nl||
3653464064||3653468159||1210568422||nl||
3653472256||3653476351||1210568422||nl||
3653492736||3653496831||1210568422||nl||
3653496832||3653500927||1210568422||nl||
3653509120||3653513215||1210568422||nl||
3653636096||3653640191||1210568422||nl||
3653681152||3653685247||1210568422||nl||
