--||--||--||nz||New Zealand
974913536||974979071||1210568422||nz||
978640896||978644991||1210568422||nz||
1021968384||1022033919||1210568422||nz||
1950543872||1950545919||1210568422||nz||
1952047104||1952051199||1210568422||nz||
1952088064||1952090111||1210568422||nz||
1952284672||1952288767||1210568422||nz||
1958842368||1958844415||1210568422||nz||
1959251968||1959254015||1210568422||nz||
1964134400||1964136447||1210568422||nz||
1966444544||1966446591||1210568422||nz||
1969795072||1969797119||1210568422||nz||
1970806784||1970808831||1210568422||nz||
1985118208||1985134591||1210568422||nz||
1985609728||1985675263||1210568422||nz||
1985740800||1985871871||1210568422||nz||
1989410816||1989541887||1210568422||nz||
1997471744||1997479935||1210568422||nz||
1999597568||1999599615||1210568422||nz||
2011168768||2011201535||1210568422||nz||
2011201536||2011205631||1210568422||nz||
2011897856||2011899903||1210568422||nz||
2019119104||2019121151||1210568422||nz||
2022178816||2022180863||1210568422||nz||
2022191104||2022193151||1210568422||nz||
2022313984||2022316031||1210568422||nz||
2033627136||2033629183||1210568422||nz||
2034761728||2034892799||1210568422||nz||
2034892800||2034958335||1210568422||nz||
2035269632||2035277823||1210568422||nz||
2036465664||2036531199||1210568422||nz||
2050490368||2050621439||1210568422||nz||
2070167552||2070183935||1210568422||nz||
2070712320||2070714367||1210568422||nz||
2080309248||2080325631||1210568422||nz||
2080817152||2080825343||1210568422||nz||
2090590208||2090594303||1210568422||nz||
2090680320||2090688511||1210568422||nz||
2093285376||2093301759||1210568422||nz||
2093383680||2093400063||1210568422||nz||
2096660480||2096664575||1210568422||nz||
2112618496||2112749567||1210568422||nz||
2112749568||2112880639||1210568422||nz||
2189099008||2189164543||1210568422||nz||
2193817600||2193883135||1210568422||nz||
2195193856||2195259391||1210568422||nz||
2195259392||2195324927||1210568422||nz||
2211119104||2211184639||1210568422||nz||
2226454528||2226520063||1210568422||nz||
2320171008||2320236543||1210568422||nz||
2329083904||2329149439||1210568422||nz||
2330656768||2330722303||1210568422||nz||
2337275904||2337341439||1210568422||nz||
2361917440||2361982975||1210568422||nz||
2405433344||2405498879||1210568422||nz||
2420244480||2420310015||1210568422||nz||
2460680192||2460745727||1210568422||nz||
2476605440||2476670975||1210568422||nz||
2530082816||2530148351||1210568422||nz||
2560163840||2560229375||1210568422||nz||
2574188544||2574254079||1210568422||nz||
2602565632||2602631167||1210568422||nz||
2604335104||2604400639||1210568422||nz||
2618097664||2618163199||1210568422||nz||
2621112320||2621177855||1210568422||nz||
2621308928||2621374463||1210568422||nz||
2621767680||2621833215||1210568422||nz||
2627010560||2627076095||1210568422||nz||
2675245056||2675310591||1210568422||nz||
2684616704||2684682239||1210568422||nz||
2703032320||2703097855||1210568422||nz||
2705391616||2705399807||1210568422||nz||
2705399808||2705407999||1210568422||nz||
2705408000||2705424383||1210568422||nz||
2705424384||2705457151||1210568422||nz||
2705457152||2705522687||1210568422||nz||
2725249024||2725314559||1210568422||nz||
2735144960||2735210495||1210568422||nz||
2773745664||2773811199||1210568422||nz||
2781675520||2781741055||1210568422||nz||
2789277696||2789343231||1210568422||nz||
2790457344||2790522879||1210568422||nz||
2791964672||2792030207||1210568422||nz||
2813526016||2813591551||1210568422||nz||
3224797696||3224797951||1210568422||nz||
3225548800||3225549055||1210568422||nz||
3225659392||3225659647||1210568422||nz||
3226014976||3226015231||1210568422||nz||
3226795264||3226795519||1210568422||nz||
3226864640||3226864895||1210568422||nz||
3227014400||3227014655||1210568422||nz||
3227023104||3227023359||1210568422||nz||
3227041280||3227041535||1210568422||nz||
3227258624||3227258879||1210568422||nz||
3227429120||3227429375||1210568422||nz||
3227792640||3227792895||1210568422||nz||
3227848704||3227848959||1210568422||nz||
3227933696||3227933951||1210568422||nz||
3228105728||3228105983||1210568422||nz||
3228109312||3228109567||1210568422||nz||
3228240384||3228240639||1210568422||nz||
3228266496||3228266751||1210568422||nz||
3228266752||3228267007||1210568422||nz||
3228281600||3228281855||1210568422||nz||
3228281856||3228282111||1210568422||nz||
3228526080||3228526335||1210568422||nz||
3229264640||3229264895||1210568422||nz||
3229266944||3229267199||1210568422||nz||
3229358080||3229358335||1210568422||nz||
3229949696||3229949951||1210568422||nz||
3229958656||3229958911||1210568422||nz||
3230333696||3230333951||1210568422||nz||
3230827776||3230828031||1210568422||nz||
3230832128||3230832383||1210568422||nz||
3230849536||3230849791||1210568422||nz||
3230849792||3230850047||1210568422||nz||
3230897920||3230898175||1210568422||nz||
3230898176||3230898431||1210568422||nz||
3230898432||3230898687||1210568422||nz||
3230981376||3230981631||1210568422||nz||
3231092736||3231092991||1210568422||nz||
3231111680||3231111935||1210568422||nz||
3231111936||3231112191||1210568422||nz||
3231112192||3231112447||1210568422||nz||
3231316736||3231316991||1210568422||nz||
3231491328||3231491583||1210568422||nz||
3231506688||3231506943||1210568422||nz||
3231769088||3231769343||1210568422||nz||
3231809536||3231809791||1210568422||nz||
3231809792||3231810047||1210568422||nz||
3232567296||3232569343||1210568422||nz||
3232569344||3232569599||1210568422||nz||
3233557248||3233557503||1210568422||nz||
3233564416||3233564671||1210568422||nz||
3233593600||3233593855||1210568422||nz||
3233607936||3233608191||1210568422||nz||
3233620480||3233620735||1210568422||nz||
3233704960||3233705215||1210568422||nz||
3234008064||3234008319||1210568422||nz||
3234008320||3234008575||1210568422||nz||
3234008576||3234008831||1210568422||nz||
3234052608||3234052863||1210568422||nz||
3234061056||3234061311||1210568422||nz||
3234349056||3234353151||1210568422||nz||
3234550016||3234550271||1210568422||nz||
3234550272||3234550783||1210568422||nz||
3234550784||3234551807||1210568422||nz||
3234551808||3234553855||1210568422||nz||
3234554624||3234554879||1210568422||nz||
3234568704||3234568959||1210568422||nz||
3234582528||3234582783||1210568422||nz||
3234582784||3234583039||1210568422||nz||
3234584576||3234584831||1210568422||nz||
3234764800||3234765055||1210568422||nz||
3234765056||3234765311||1210568422||nz||
3234765312||3234765567||1210568422||nz||
3234765568||3234765823||1210568422||nz||
3234765824||3234766079||1210568422||nz||
3234766080||3234766335||1210568422||nz||
3234828032||3234828287||1210568422||nz||
3236302848||3236306943||1210568422||nz||
3236368128||3236368383||1210568422||nz||
3236411136||3236411391||1210568422||nz||
3236427776||3236428031||1210568422||nz||
3237291008||3237291263||1210568422||nz||
3237300480||3237300735||1210568422||nz||
3237300736||3237300991||1210568422||nz||
3237300992||3237301247||1210568422||nz||
3237301248||3237301503||1210568422||nz||
3237301504||3237301759||1210568422||nz||
3237301760||3237302015||1210568422||nz||
3237302016||3237302271||1210568422||nz||
3237302272||3237302527||1210568422||nz||
3237305856||3237306111||1210568422||nz||
3237329152||3237329407||1210568422||nz||
3237338112||3237338367||1210568422||nz||
3237733888||3237734143||1210568422||nz||
3323340032||3323340287||1210568422||nz||
3323659264||3323660287||1210568422||nz||
3323660288||3323660543||1210568422||nz||
3324579840||3324580095||1210568422||nz||
3324580096||3324580351||1210568422||nz||
3324580352||3324580607||1210568422||nz||
3324580608||3324580863||1210568422||nz||
3324580864||3324581119||1210568422||nz||
3324581120||3324581375||1210568422||nz||
3324581376||3324581631||1210568422||nz||
3324581632||3324581887||1210568422||nz||
3324581888||3324582143||1210568422||nz||
3324582144||3324582399||1210568422||nz||
3324582400||3324582655||1210568422||nz||
3324582656||3324582911||1210568422||nz||
3325034496||3325035519||1210568422||nz||
3325100800||3325101055||1210568422||nz||
3325281024||3325281279||1210568422||nz||
3325886720||3325886975||1210568422||nz||
3325886976||3325887231||1210568422||nz||
3325887232||3325887487||1210568422||nz||
3389005824||3389014015||1210568422||nz||
3389019136||3389019391||1210568422||nz||
3389022464||3389022719||1210568422||nz||
3389028608||3389028863||1210568422||nz||
3389029376||3389029631||1210568422||nz||
3389029632||3389029887||1210568422||nz||
3389036288||3389036543||1210568422||nz||
3389036800||3389037055||1210568422||nz||
3389065216||3389067263||1210568422||nz||
3389129728||3389130751||1210568422||nz||
3389130752||3389132799||1210568422||nz||
3389198336||3389202431||1210568422||nz||
3389263872||3389265919||1210568422||nz||
3389265920||3389266175||1210568422||nz||
3389392128||3389392383||1210568422||nz||
3389392384||3389392639||1210568422||nz||
3389392640||3389392895||1210568422||nz||
3389412352||3389412607||1210568422||nz||
3389412608||3389412863||1210568422||nz||
3389413120||3389413375||1210568422||nz||
3389414656||3389414911||1210568422||nz||
3389418752||3389419007||1210568422||nz||
3389419008||3389419263||1210568422||nz||
3389420544||3389421055||1210568422||nz||
3389456384||3389456895||1210568422||nz||
3389457408||3389458431||1210568422||nz||
3389464576||3389464831||1210568422||nz||
3389464832||3389465087||1210568422||nz||
3389465088||3389465343||1210568422||nz||
3389465344||3389465599||1210568422||nz||
3389465600||3389465855||1210568422||nz||
3389465856||3389466111||1210568422||nz||
3389466112||3389466367||1210568422||nz||
3389466368||3389466623||1210568422||nz||
3389466624||3389466879||1210568422||nz||
3389466880||3389467135||1210568422||nz||
3389467136||3389467391||1210568422||nz||
3389467392||3389467647||1210568422||nz||
3389467648||3389467903||1210568422||nz||
3389467904||3389468159||1210568422||nz||
3389468160||3389468415||1210568422||nz||
3389468416||3389468671||1210568422||nz||
3389468672||3389469695||1210568422||nz||
3389471744||3389472767||1210568422||nz||
3389523968||3389524223||1210568422||nz||
3389524224||3389524479||1210568422||nz||
3389524480||3389524735||1210568422||nz||
3389524736||3389524991||1210568422||nz||
3389524992||3389525247||1210568422||nz||
3389525248||3389525503||1210568422||nz||
3389533184||3389534207||1210568422||nz||
3389644800||3389652991||1210568422||nz||
3389784064||3389784319||1210568422||nz||
3389784832||3389785087||1210568422||nz||
3389801984||3389802239||1210568422||nz||
3389803520||3389804543||1210568422||nz||
3389804544||3389805567||1210568422||nz||
3389805568||3389806079||1210568422||nz||
3389807360||3389807615||1210568422||nz||
3389808640||3389808895||1210568422||nz||
3389810688||3389810943||1210568422||nz||
3389810944||3389811199||1210568422||nz||
3389811712||3389811967||1210568422||nz||
3389815296||3389815551||1210568422||nz||
3389815552||3389815807||1210568422||nz||
3389815808||3389816063||1210568422||nz||
3389847552||3389849599||1210568422||nz||
3389919232||3389923327||1210568422||nz||
3389923328||3389931519||1210568422||nz||
3389933824||3389934079||1210568422||nz||
3389934080||3389934335||1210568422||nz||
3389934336||3389934591||1210568422||nz||
3389936128||3389936383||1210568422||nz||
3389936384||3389936639||1210568422||nz||
3389936640||3389936895||1210568422||nz||
3389939712||3389939967||1210568422||nz||
3389939968||3389940223||1210568422||nz||
3389940480||3389940735||1210568422||nz||
3389940736||3389940991||1210568422||nz||
3389941248||3389941503||1210568422||nz||
3389942272||3389942527||1210568422||nz||
3389942528||3389942783||1210568422||nz||
3389942784||3389943039||1210568422||nz||
3389943040||3389943295||1210568422||nz||
3389944320||3389944575||1210568422||nz||
3389944576||3389944831||1210568422||nz||
3389947648||3389947903||1210568422||nz||
3389949696||3389949951||1210568422||nz||
3389949952||3389950207||1210568422||nz||
3389950976||3389951231||1210568422||nz||
3389951232||3389951487||1210568422||nz||
3389951488||3389951743||1210568422||nz||
3389953280||3389953535||1210568422||nz||
3389957888||3389958143||1210568422||nz||
3389958144||3389958399||1210568422||nz||
3389970432||3389970687||1210568422||nz||
3389970688||3389970943||1210568422||nz||
3389970944||3389971199||1210568422||nz||
3389972736||3389972991||1210568422||nz||
3389972992||3389973503||1210568422||nz||
3389973504||3389973759||1210568422||nz||
3389979648||3389979903||1210568422||nz||
3389979904||3389980159||1210568422||nz||
3389980160||3389980415||1210568422||nz||
3390308352||3390310399||1210568422||nz||
3390316544||3390324735||1210568422||nz||
3390324736||3390324991||1210568422||nz||
3390324992||3390325247||1210568422||nz||
3390327808||3390328063||1210568422||nz||
3390328064||3390328319||1210568422||nz||
3390328320||3390328575||1210568422||nz||
3390328576||3390328831||1210568422||nz||
3390328832||3390329087||1210568422||nz||
3390331648||3390331903||1210568422||nz||
3390331904||3390332159||1210568422||nz||
3390332160||3390332415||1210568422||nz||
3390332928||3390333183||1210568422||nz||
3390333184||3390333439||1210568422||nz||
3390334464||3390334719||1210568422||nz||
3390334720||3390334975||1210568422||nz||
3390334976||3390335231||1210568422||nz||
3390337280||3390337535||1210568422||nz||
3390339328||3390339583||1210568422||nz||
3390339584||3390339839||1210568422||nz||
3390377984||3390382079||1210568422||nz||
3390390272||3390398463||1210568422||nz||
3390398464||3390402559||1210568422||nz||
3390406656||3390406911||1210568422||nz||
3390407168||3390407423||1210568422||nz||
3390407424||3390407679||1210568422||nz||
3390407680||3390407935||1210568422||nz||
3390407936||3390408191||1210568422||nz||
3390408704||3390409215||1210568422||nz||
3390409216||3390409727||1210568422||nz||
3390409984||3390410239||1210568422||nz||
3390410240||3390410495||1210568422||nz||
3390410496||3390410751||1210568422||nz||
3390413568||3390413823||1210568422||nz||
3390413824||3390414079||1210568422||nz||
3390414080||3390414335||1210568422||nz||
3390439424||3390441471||1210568422||nz||
3390443520||3390445567||1210568422||nz||
3390445568||3390446591||1210568422||nz||
3390446592||3390447103||1210568422||nz||
3390447104||3390447359||1210568422||nz||
3390767104||3390769151||1210568422||nz||
3390769152||3390769407||1210568422||nz||
3390771200||3390775295||1210568422||nz||
3390775296||3390775807||1210568422||nz||
3390775808||3390776063||1210568422||nz||
3390776064||3390776319||1210568422||nz||
3390776320||3390776575||1210568422||nz||
3390776576||3390776831||1210568422||nz||
3390776832||3390777343||1210568422||nz||
3390777344||3390779391||1210568422||nz||
3390779392||3390781439||1210568422||nz||
3390781440||3390782463||1210568422||nz||
3390782464||3390783487||1210568422||nz||
3390783488||3390783999||1210568422||nz||
3390784000||3390784255||1210568422||nz||
3390784256||3390784511||1210568422||nz||
3390784512||3390784767||1210568422||nz||
3390784768||3390785023||1210568422||nz||
3390785024||3390785279||1210568422||nz||
3390785280||3390785535||1210568422||nz||
3390785536||3390786559||1210568422||nz||
3390786560||3390787071||1210568422||nz||
3390787072||3390787583||1210568422||nz||
3390787584||3390787839||1210568422||nz||
3390787840||3390788095||1210568422||nz||
3390788096||3390788351||1210568422||nz||
3390788352||3390788607||1210568422||nz||
3390788608||3390788863||1210568422||nz||
3390788864||3390789119||1210568422||nz||
3390789120||3390789631||1210568422||nz||
3390789632||3390790143||1210568422||nz||
3390790144||3390790399||1210568422||nz||
3390790400||3390790655||1210568422||nz||
3390790656||3390790911||1210568422||nz||
3390790912||3390791167||1210568422||nz||
3390791168||3390791423||1210568422||nz||
3390791424||3390791679||1210568422||nz||
3390791680||3390791935||1210568422||nz||
3390791936||3390792191||1210568422||nz||
3390792192||3390792447||1210568422||nz||
3390792448||3390792703||1210568422||nz||
3390792704||3390793727||1210568422||nz||
3390793728||3390794751||1210568422||nz||
3390794752||3390795007||1210568422||nz||
3390795008||3390795263||1210568422||nz||
3390795264||3390795519||1210568422||nz||
3390795520||3390795775||1210568422||nz||
3390795776||3390796031||1210568422||nz||
3390796032||3390796287||1210568422||nz||
3390796288||3390796543||1210568422||nz||
3390796544||3390796799||1210568422||nz||
3390796800||3390797311||1210568422||nz||
3390797312||3390797567||1210568422||nz||
3390797568||3390797823||1210568422||nz||
3390797824||3390798847||1210568422||nz||
3390798848||3390799871||1210568422||nz||
3390799872||3390800383||1210568422||nz||
3390800384||3390800895||1210568422||nz||
3390800896||3390801151||1210568422||nz||
3390801152||3390801407||1210568422||nz||
3390801408||3390801919||1210568422||nz||
3390801920||3390802431||1210568422||nz||
3390802432||3390802687||1210568422||nz||
3390802688||3390802943||1210568422||nz||
3390802944||3390803967||1210568422||nz||
3390803968||3390804223||1210568422||nz||
3390804224||3390804479||1210568422||nz||
3390804480||3390804991||1210568422||nz||
3390804992||3390805503||1210568422||nz||
3390805504||3390806015||1210568422||nz||
3390806016||3390807039||1210568422||nz||
3390807040||3390808063||1210568422||nz||
3390808064||3390808319||1210568422||nz||
3390808320||3390808575||1210568422||nz||
3390808576||3390809087||1210568422||nz||
3390809088||3390810111||1210568422||nz||
3390810112||3390810367||1210568422||nz||
3390810368||3390810623||1210568422||nz||
3390810624||3390811135||1210568422||nz||
3390811136||3390812159||1210568422||nz||
3390812160||3390814207||1210568422||nz||
3390814208||3390814719||1210568422||nz||
3390814720||3390815231||1210568422||nz||
3390815232||3390815487||1210568422||nz||
3390815488||3390815743||1210568422||nz||
3390815744||3390815999||1210568422||nz||
3390816000||3390816255||1210568422||nz||
3390816256||3390816511||1210568422||nz||
3390816512||3390816767||1210568422||nz||
3390816768||3390817279||1210568422||nz||
3390817280||3390818303||1210568422||nz||
3390818304||3390819327||1210568422||nz||
3390819328||3390819583||1210568422||nz||
3390819584||3390819839||1210568422||nz||
3390819840||3390820351||1210568422||nz||
3390820352||3390820607||1210568422||nz||
3390820608||3390820863||1210568422||nz||
3390820864||3390821375||1210568422||nz||
3390821376||3390821887||1210568422||nz||
3390821888||3390822143||1210568422||nz||
3390822144||3390822399||1210568422||nz||
3390822400||3390823423||1210568422||nz||
3390823424||3390823679||1210568422||nz||
3390823680||3390823935||1210568422||nz||
3390823936||3390824191||1210568422||nz||
3390824192||3390824447||1210568422||nz||
3390824448||3390824703||1210568422||nz||
3390824704||3390824959||1210568422||nz||
3390824960||3390825471||1210568422||nz||
3390825472||3390825727||1210568422||nz||
3390825728||3390825983||1210568422||nz||
3390825984||3390826495||1210568422||nz||
3390826496||3390827007||1210568422||nz||
3390827008||3390827263||1210568422||nz||
3390827264||3390827519||1210568422||nz||
3390827520||3390827775||1210568422||nz||
3390827776||3390828031||1210568422||nz||
3390828032||3390828287||1210568422||nz||
3390828288||3390828543||1210568422||nz||
3390828544||3390829567||1210568422||nz||
3390829568||3390830079||1210568422||nz||
3390830080||3390830335||1210568422||nz||
3390830336||3390830591||1210568422||nz||
3390830592||3390830847||1210568422||nz||
3390830848||3390831103||1210568422||nz||
3390831104||3390831359||1210568422||nz||
3390831360||3390831615||1210568422||nz||
3390831616||3390831871||1210568422||nz||
3390831872||3390832127||1210568422||nz||
3390832128||3390832639||1210568422||nz||
3391356928||3391358975||1210568422||nz||
3391358976||3391361023||1210568422||nz||
3391361024||3391363071||1210568422||nz||
3391363072||3391364095||1210568422||nz||
3391364096||3391364351||1210568422||nz||
3391364352||3391364607||1210568422||nz||
3391364608||3391365119||1210568422||nz||
3391365120||3391365375||1210568422||nz||
3391365376||3391365631||1210568422||nz||
3391365632||3391365887||1210568422||nz||
3391365888||3391366143||1210568422||nz||
3391366144||3391367167||1210568422||nz||
3391367168||3391367423||1210568422||nz||
3391367424||3391367679||1210568422||nz||
3391367680||3391367935||1210568422||nz||
3391367936||3391368191||1210568422||nz||
3391368192||3391368447||1210568422||nz||
3391368448||3391368703||1210568422||nz||
3391368704||3391368959||1210568422||nz||
3391368960||3391369215||1210568422||nz||
3391369216||3391373311||1210568422||nz||
3391373312||3391374335||1210568422||nz||
3391374336||3391374847||1210568422||nz||
3391374848||3391375103||1210568422||nz||
3391375104||3391375359||1210568422||nz||
3391375360||3391375615||1210568422||nz||
3391375616||3391375871||1210568422||nz||
3391375872||3391376127||1210568422||nz||
3391376128||3391376383||1210568422||nz||
3391376384||3391376895||1210568422||nz||
3391376896||3391377407||1210568422||nz||
3391377408||3391377663||1210568422||nz||
3391377664||3391377919||1210568422||nz||
3391377920||3391378175||1210568422||nz||
3391378176||3391378431||1210568422||nz||
3391378432||3391378687||1210568422||nz||
3391378688||3391378943||1210568422||nz||
3391378944||3391379199||1210568422||nz||
3391379200||3391379455||1210568422||nz||
3391379456||3391379711||1210568422||nz||
3391379712||3391379967||1210568422||nz||
3391379968||3391380223||1210568422||nz||
3391380224||3391380479||1210568422||nz||
3391380480||3391380735||1210568422||nz||
3391380736||3391380991||1210568422||nz||
3391380992||3391381503||1210568422||nz||
3391381504||3391383551||1210568422||nz||
3391383552||3391384063||1210568422||nz||
3391384064||3391384319||1210568422||nz||
3391384320||3391384575||1210568422||nz||
3391384576||3391384831||1210568422||nz||
3391384832||3391385087||1210568422||nz||
3391385088||3391385343||1210568422||nz||
3391385344||3391385599||1210568422||nz||
3391385600||3391385855||1210568422||nz||
3391385856||3391386111||1210568422||nz||
3391386112||3391386367||1210568422||nz||
3391386368||3391386623||1210568422||nz||
3391386624||3391387135||1210568422||nz||
3391387136||3391387391||1210568422||nz||
3391387392||3391387647||1210568422||nz||
3391387648||3391387903||1210568422||nz||
3391387904||3391388159||1210568422||nz||
3391388160||3391388671||1210568422||nz||
3391388672||3391388927||1210568422||nz||
3391388928||3391389183||1210568422||nz||
3391389184||3391389695||1210568422||nz||
3391389696||3391389951||1210568422||nz||
3391389952||3391390207||1210568422||nz||
3391390208||3391390463||1210568422||nz||
3391390464||3391390719||1210568422||nz||
3391390720||3391390975||1210568422||nz||
3391390976||3391391231||1210568422||nz||
3391391232||3391391743||1210568422||nz||
3391391744||3391391999||1210568422||nz||
3391392000||3391392255||1210568422||nz||
3391392256||3391392767||1210568422||nz||
3391392768||3391393023||1210568422||nz||
3391393024||3391393279||1210568422||nz||
3391393280||3391393791||1210568422||nz||
3391393792||3391394303||1210568422||nz||
3391394304||3391394559||1210568422||nz||
3391394560||3391394815||1210568422||nz||
3391394816||3391395071||1210568422||nz||
3391395072||3391395327||1210568422||nz||
3391395328||3391395839||1210568422||nz||
3391395840||3391396351||1210568422||nz||
3391396352||3391396607||1210568422||nz||
3391396608||3391396863||1210568422||nz||
3391396864||3391397119||1210568422||nz||
3391397120||3391397375||1210568422||nz||
3391397376||3391397887||1210568422||nz||
3391397888||3391398399||1210568422||nz||
3391398400||3391398655||1210568422||nz||
3391398656||3391398911||1210568422||nz||
3391398912||3391399167||1210568422||nz||
3391399168||3391399423||1210568422||nz||
3391399424||3391399935||1210568422||nz||
3391399936||3391400447||1210568422||nz||
3391400448||3391400703||1210568422||nz||
3391400704||3391400959||1210568422||nz||
3391400960||3391401471||1210568422||nz||
3391401472||3391401727||1210568422||nz||
3391401728||3391401983||1210568422||nz||
3391401984||3391402495||1210568422||nz||
3391402496||3391403007||1210568422||nz||
3391403008||3391403263||1210568422||nz||
3391403264||3391403519||1210568422||nz||
3391403520||3391403775||1210568422||nz||
3391403776||3391404031||1210568422||nz||
3391404032||3391404287||1210568422||nz||
3391404288||3391404543||1210568422||nz||
3391404544||3391405055||1210568422||nz||
3391405056||3391406079||1210568422||nz||
3391406080||3391407103||1210568422||nz||
3391407104||3391407359||1210568422||nz||
3391407360||3391407615||1210568422||nz||
3391407616||3391407871||1210568422||nz||
3391407872||3391408127||1210568422||nz||
3391408128||3391408383||1210568422||nz||
3391408384||3391408639||1210568422||nz||
3391408640||3391408895||1210568422||nz||
3391408896||3391409151||1210568422||nz||
3391409152||3391409663||1210568422||nz||
3391409664||3391410175||1210568422||nz||
3391410176||3391410431||1210568422||nz||
3391410432||3391410687||1210568422||nz||
3391410688||3391410943||1210568422||nz||
3391410944||3391411199||1210568422||nz||
3391411200||3391411455||1210568422||nz||
3391411456||3391411711||1210568422||nz||
3391411712||3391412223||1210568422||nz||
3391412224||3391412735||1210568422||nz||
3391412736||3391412991||1210568422||nz||
3391412992||3391413247||1210568422||nz||
3391413248||3391413759||1210568422||nz||
3391413760||3391414271||1210568422||nz||
3391414272||3391414783||1210568422||nz||
3391414784||3391415039||1210568422||nz||
3391415040||3391415295||1210568422||nz||
3391415296||3391415551||1210568422||nz||
3391415552||3391415807||1210568422||nz||
3391415808||3391416319||1210568422||nz||
3391416320||3391416575||1210568422||nz||
3391416576||3391416831||1210568422||nz||
3391416832||3391417087||1210568422||nz||
3391417088||3391417343||1210568422||nz||
3391417344||3391417855||1210568422||nz||
3391417856||3391418111||1210568422||nz||
3391418112||3391418367||1210568422||nz||
3391418368||3391418623||1210568422||nz||
3391418624||3391418879||1210568422||nz||
3391418880||3391419135||1210568422||nz||
3391419136||3391419391||1210568422||nz||
3391419392||3391419903||1210568422||nz||
3391419904||3391420159||1210568422||nz||
3391420160||3391420415||1210568422||nz||
3391420416||3391422463||1210568422||nz||
3391422464||3391426559||1210568422||nz||
3391426560||3391426815||1210568422||nz||
3391426816||3391427071||1210568422||nz||
3391427072||3391427327||1210568422||nz||
3391427328||3391427583||1210568422||nz||
3391427584||3391428095||1210568422||nz||
3391428096||3391428351||1210568422||nz||
3391428352||3391428607||1210568422||nz||
3391428608||3391428863||1210568422||nz||
3391428864||3391429119||1210568422||nz||
3391429120||3391429375||1210568422||nz||
3391429376||3391429631||1210568422||nz||
3391429632||3391430655||1210568422||nz||
3391430656||3391432703||1210568422||nz||
3391432704||3391433215||1210568422||nz||
3391433216||3391433727||1210568422||nz||
3391433728||3391433983||1210568422||nz||
3391433984||3391434239||1210568422||nz||
3391434240||3391434751||1210568422||nz||
3391434752||3391435775||1210568422||nz||
3391435776||3391436287||1210568422||nz||
3391436288||3391436543||1210568422||nz||
3391436544||3391436799||1210568422||nz||
3391436800||3391437055||1210568422||nz||
3391437056||3391437311||1210568422||nz||
3391437312||3391437567||1210568422||nz||
3391437568||3391437823||1210568422||nz||
3391437824||3391438079||1210568422||nz||
3391438080||3391438335||1210568422||nz||
3391438336||3391438591||1210568422||nz||
3391438592||3391438847||1210568422||nz||
3391438848||3391439359||1210568422||nz||
3391439360||3391439871||1210568422||nz||
3391439872||3391440127||1210568422||nz||
3391440128||3391440383||1210568422||nz||
3391440384||3391440895||1210568422||nz||
3391440896||3391441151||1210568422||nz||
3391441152||3391441407||1210568422||nz||
3391441408||3391441663||1210568422||nz||
3391441664||3391441919||1210568422||nz||
3391441920||3391442175||1210568422||nz||
3391442176||3391442431||1210568422||nz||
3391442432||3391442687||1210568422||nz||
3391442688||3391442943||1210568422||nz||
3391442944||3391443967||1210568422||nz||
3391443968||3391444223||1210568422||nz||
3391444224||3391444479||1210568422||nz||
3391444480||3391444991||1210568422||nz||
3391444992||3391445247||1210568422||nz||
3391445248||3391445503||1210568422||nz||
3391445504||3391446015||1210568422||nz||
3391446016||3391446271||1210568422||nz||
3391446272||3391446527||1210568422||nz||
3391446528||3391446783||1210568422||nz||
3391446784||3391447039||1210568422||nz||
3391447040||3391447551||1210568422||nz||
3391447552||3391447807||1210568422||nz||
3391447808||3391448063||1210568422||nz||
3391448064||3391448319||1210568422||nz||
3391448320||3391448575||1210568422||nz||
3391448576||3391448831||1210568422||nz||
3391448832||3391449087||1210568422||nz||
3391449088||3391449599||1210568422||nz||
3391449600||3391450111||1210568422||nz||
3391450112||3391451135||1210568422||nz||
3391451136||3391451391||1210568422||nz||
3391451392||3391451647||1210568422||nz||
3391451648||3391451903||1210568422||nz||
3391451904||3391452159||1210568422||nz||
3391452160||3391452415||1210568422||nz||
3391452416||3391452671||1210568422||nz||
3391452672||3391452927||1210568422||nz||
3391452928||3391453183||1210568422||nz||
3391453184||3391453439||1210568422||nz||
3391453440||3391453695||1210568422||nz||
3391453696||3391454207||1210568422||nz||
3391454208||3391454719||1210568422||nz||
3391454720||3391454975||1210568422||nz||
3391454976||3391455231||1210568422||nz||
3391455232||3391455487||1210568422||nz||
3391455488||3391455743||1210568422||nz||
3391455744||3391456255||1210568422||nz||
3391456256||3391456511||1210568422||nz||
3391456512||3391456767||1210568422||nz||
3391456768||3391457023||1210568422||nz||
3391457024||3391457279||1210568422||nz||
3391457280||3391457535||1210568422||nz||
3391457536||3391457791||1210568422||nz||
3391457792||3391458047||1210568422||nz||
3391458048||3391458303||1210568422||nz||
3391458304||3391459327||1210568422||nz||
3391459328||3391461375||1210568422||nz||
3391461376||3391461631||1210568422||nz||
3391461632||3391461887||1210568422||nz||
3391461888||3391462143||1210568422||nz||
3391462144||3391462399||1210568422||nz||
3391462400||3391463423||1210568422||nz||
3391463424||3391463679||1210568422||nz||
3391463680||3391463935||1210568422||nz||
3391463936||3391464191||1210568422||nz||
3391464192||3391464447||1210568422||nz||
3391464448||3391464703||1210568422||nz||
3391464704||3391464959||1210568422||nz||
3391464960||3391465215||1210568422||nz||
3391465216||3391465471||1210568422||nz||
3391465472||3391465727||1210568422||nz||
3391465728||3391465983||1210568422||nz||
3391465984||3391466239||1210568422||nz||
3391466240||3391466495||1210568422||nz||
3391466496||3391466751||1210568422||nz||
3391466752||3391467007||1210568422||nz||
3391467008||3391467519||1210568422||nz||
3391467520||3391467775||1210568422||nz||
3391467776||3391468031||1210568422||nz||
3391468032||3391468287||1210568422||nz||
3391468288||3391468543||1210568422||nz||
3391468544||3391468799||1210568422||nz||
3391468800||3391469055||1210568422||nz||
3391469056||3391469311||1210568422||nz||
3391469312||3391469567||1210568422||nz||
3391469568||3391469823||1210568422||nz||
3391469824||3391470079||1210568422||nz||
3391470080||3391470335||1210568422||nz||
3391470336||3391470591||1210568422||nz||
3391470592||3391471615||1210568422||nz||
3391471616||3391472127||1210568422||nz||
3391472128||3391472383||1210568422||nz||
3391472384||3391472639||1210568422||nz||
3391472640||3391472895||1210568422||nz||
3391472896||3391473151||1210568422||nz||
3391473152||3391473407||1210568422||nz||
3391473408||3391473663||1210568422||nz||
3391473664||3391474687||1210568422||nz||
3391474688||3391475711||1210568422||nz||
3391475712||3391477759||1210568422||nz||
3391477760||3391478271||1210568422||nz||
3391478272||3391478783||1210568422||nz||
3391478784||3391479039||1210568422||nz||
3391479040||3391479295||1210568422||nz||
3391479296||3391479551||1210568422||nz||
3391479552||3391479807||1210568422||nz||
3391479808||3391481855||1210568422||nz||
3391481856||3391482111||1210568422||nz||
3391482112||3391482367||1210568422||nz||
3391482368||3391482623||1210568422||nz||
3391482624||3391482879||1210568422||nz||
3391482880||3391483903||1210568422||nz||
3391483904||3391484415||1210568422||nz||
3391484416||3391484927||1210568422||nz||
3391484928||3391485951||1210568422||nz||
3391485952||3391486207||1210568422||nz||
3391486208||3391486463||1210568422||nz||
3391486464||3391486719||1210568422||nz||
3391486720||3391486975||1210568422||nz||
3391486976||3391487231||1210568422||nz||
3391487232||3391487487||1210568422||nz||
3391487488||3391487743||1210568422||nz||
3391487744||3391487999||1210568422||nz||
3391719424||3391720447||1210568422||nz||
3392053248||3392057343||1210568422||nz||
3392057344||3392061439||1210568422||nz||
3392208896||3392210943||1210568422||nz||
3392210944||3392211967||1210568422||nz||
3392211968||3392212479||1210568422||nz||
3392212480||3392212735||1210568422||nz||
3392212736||3392212991||1210568422||nz||
3392212992||3392217087||1210568422||nz||
3392217088||3392217343||1210568422||nz||
3392217344||3392217599||1210568422||nz||
3392217600||3392218111||1210568422||nz||
3392218112||3392218367||1210568422||nz||
3392218368||3392218623||1210568422||nz||
3392218624||3392218879||1210568422||nz||
3392218880||3392219135||1210568422||nz||
3392219136||3392219391||1210568422||nz||
3392219392||3392219647||1210568422||nz||
3392219648||3392220159||1210568422||nz||
3392220160||3392220671||1210568422||nz||
3392220672||3392221183||1210568422||nz||
3392221184||3392221439||1210568422||nz||
3392221440||3392221695||1210568422||nz||
3392221696||3392221951||1210568422||nz||
3392221952||3392222207||1210568422||nz||
3392222208||3392222463||1210568422||nz||
3392222464||3392222719||1210568422||nz||
3392222720||3392222975||1210568422||nz||
3392222976||3392223231||1210568422||nz||
3392223232||3392223743||1210568422||nz||
3392223744||3392223999||1210568422||nz||
3392224000||3392224255||1210568422||nz||
3392224256||3392224767||1210568422||nz||
3392224768||3392225023||1210568422||nz||
3392225024||3392225279||1210568422||nz||
3392225280||3392227327||1210568422||nz||
3392227328||3392228351||1210568422||nz||
3392228352||3392228607||1210568422||nz||
3392228608||3392228863||1210568422||nz||
3392228864||3392229119||1210568422||nz||
3392229120||3392229375||1210568422||nz||
3392229376||3392229887||1210568422||nz||
3392229888||3392230143||1210568422||nz||
3392230144||3392230399||1210568422||nz||
3392230400||3392230655||1210568422||nz||
3392230656||3392230911||1210568422||nz||
3392230912||3392231167||1210568422||nz||
3392231168||3392231423||1210568422||nz||
3392231424||3392231935||1210568422||nz||
3392231936||3392232191||1210568422||nz||
3392232192||3392232447||1210568422||nz||
3392232448||3392233471||1210568422||nz||
3392233472||3392235519||1210568422||nz||
3392235520||3392235775||1210568422||nz||
3392235776||3392236031||1210568422||nz||
3392236032||3392236287||1210568422||nz||
3392236288||3392236543||1210568422||nz||
3392236544||3392237055||1210568422||nz||
3392237056||3392237311||1210568422||nz||
3392237312||3392237567||1210568422||nz||
3392237568||3392238079||1210568422||nz||
3392238080||3392238335||1210568422||nz||
3392238336||3392238591||1210568422||nz||
3392238592||3392239615||1210568422||nz||
3392239616||3392239871||1210568422||nz||
3392239872||3392240127||1210568422||nz||
3392240128||3392240383||1210568422||nz||
3392240384||3392240639||1210568422||nz||
3392240640||3392240895||1210568422||nz||
3392240896||3392241151||1210568422||nz||
3392241152||3392241663||1210568422||nz||
3392241664||3392243711||1210568422||nz||
3392243712||3392244223||1210568422||nz||
3392244224||3392244735||1210568422||nz||
3392244736||3392244991||1210568422||nz||
3392244992||3392245247||1210568422||nz||
3392245248||3392245503||1210568422||nz||
3392245504||3392245759||1210568422||nz||
3392245760||3392246015||1210568422||nz||
3392246016||3392246271||1210568422||nz||
3392246272||3392246783||1210568422||nz||
3392246784||3392247295||1210568422||nz||
3392247296||3392247551||1210568422||nz||
3392247552||3392247807||1210568422||nz||
3392247808||3392249855||1210568422||nz||
3392249856||3392250879||1210568422||nz||
3392250880||3392251135||1210568422||nz||
3392251136||3392251391||1210568422||nz||
3392251392||3392251903||1210568422||nz||
3392251904||3392252159||1210568422||nz||
3392252160||3392252415||1210568422||nz||
3392252416||3392252671||1210568422||nz||
3392252672||3392252927||1210568422||nz||
3392252928||3392253951||1210568422||nz||
3392253952||3392254463||1210568422||nz||
3392254464||3392254719||1210568422||nz||
3392254720||3392254975||1210568422||nz||
3392254976||3392255487||1210568422||nz||
3392255488||3392255743||1210568422||nz||
3392255744||3392255999||1210568422||nz||
3392256000||3392256255||1210568422||nz||
3392256256||3392256511||1210568422||nz||
3392256512||3392256767||1210568422||nz||
3392256768||3392257023||1210568422||nz||
3392257024||3392257279||1210568422||nz||
3392257280||3392257535||1210568422||nz||
3392257536||3392257791||1210568422||nz||
3392257792||3392258047||1210568422||nz||
3392258048||3392259071||1210568422||nz||
3392259072||3392259327||1210568422||nz||
3392259328||3392259583||1210568422||nz||
3392259584||3392260095||1210568422||nz||
3392260096||3392261119||1210568422||nz||
3392261120||3392261631||1210568422||nz||
3392261632||3392261887||1210568422||nz||
3392261888||3392262143||1210568422||nz||
3392262144||3392264191||1210568422||nz||
3392264192||3392266239||1210568422||nz||
3392266240||3392267263||1210568422||nz||
3392267264||3392268287||1210568422||nz||
3392268288||3392268543||1210568422||nz||
3392268544||3392268799||1210568422||nz||
3392268800||3392269311||1210568422||nz||
3392269312||3392269823||1210568422||nz||
3392269824||3392270079||1210568422||nz||
3392270080||3392270335||1210568422||nz||
3392270336||3392271359||1210568422||nz||
3392271360||3392272383||1210568422||nz||
3392272384||3392272639||1210568422||nz||
3392272640||3392272895||1210568422||nz||
3392272896||3392273151||1210568422||nz||
3392273152||3392273407||1210568422||nz||
3392273408||3392274431||1210568422||nz||
3392274432||3392278527||1210568422||nz||
3392278528||3392282623||1210568422||nz||
3392282624||3392286719||1210568422||nz||
3392286720||3392286975||1210568422||nz||
3392286976||3392287231||1210568422||nz||
3392287232||3392287743||1210568422||nz||
3392287744||3392288767||1210568422||nz||
3392288768||3392289023||1210568422||nz||
3392289024||3392289279||1210568422||nz||
3392289280||3392289535||1210568422||nz||
3392289536||3392289791||1210568422||nz||
3392289792||3392290815||1210568422||nz||
3392290816||3392292863||1210568422||nz||
3392292864||3392293119||1210568422||nz||
3392293120||3392293375||1210568422||nz||
3392293376||3392293631||1210568422||nz||
3392293632||3392293887||1210568422||nz||
3392293888||3392294399||1210568422||nz||
3392294400||3392294911||1210568422||nz||
3392294912||3392295935||1210568422||nz||
3392295936||3392296191||1210568422||nz||
3392296192||3392296447||1210568422||nz||
3392296448||3392296703||1210568422||nz||
3392296704||3392296959||1210568422||nz||
3392296960||3392297471||1210568422||nz||
3392297472||3392297727||1210568422||nz||
3392297728||3392297983||1210568422||nz||
3392297984||3392298239||1210568422||nz||
3392298240||3392298495||1210568422||nz||
3392298496||3392298751||1210568422||nz||
3392298752||3392299007||1210568422||nz||
3392299008||3392299519||1210568422||nz||
3392299520||3392300031||1210568422||nz||
3392300032||3392300287||1210568422||nz||
3392300288||3392300543||1210568422||nz||
3392300544||3392300799||1210568422||nz||
3392300800||3392301055||1210568422||nz||
3392301056||3392302079||1210568422||nz||
3392302080||3392302335||1210568422||nz||
3392302336||3392302591||1210568422||nz||
3392302592||3392302847||1210568422||nz||
3392302848||3392303103||1210568422||nz||
3392303104||3392303359||1210568422||nz||
3392303360||3392303615||1210568422||nz||
3392303616||3392303871||1210568422||nz||
3392303872||3392304127||1210568422||nz||
3392304128||3392304383||1210568422||nz||
3392304384||3392304639||1210568422||nz||
3392304640||3392304895||1210568422||nz||
3392304896||3392305151||1210568422||nz||
3392305152||3392305407||1210568422||nz||
3392305408||3392305663||1210568422||nz||
3392305664||3392305919||1210568422||nz||
3392305920||3392306175||1210568422||nz||
3392306176||3392307199||1210568422||nz||
3392307200||3392307455||1210568422||nz||
3392307456||3392307711||1210568422||nz||
3392307712||3392308223||1210568422||nz||
3392308224||3392309247||1210568422||nz||
3392309248||3392309503||1210568422||nz||
3392309504||3392309759||1210568422||nz||
3392309760||3392310015||1210568422||nz||
3392310016||3392310271||1210568422||nz||
3392310272||3392311295||1210568422||nz||
3392311296||3392313343||1210568422||nz||
3392313344||3392313855||1210568422||nz||
3392313856||3392314367||1210568422||nz||
3392314368||3392314879||1210568422||nz||
3392314880||3392315135||1210568422||nz||
3392315136||3392315391||1210568422||nz||
3392315392||3392316415||1210568422||nz||
3392316416||3392316671||1210568422||nz||
3392316672||3392316927||1210568422||nz||
3392316928||3392317183||1210568422||nz||
3392317184||3392317439||1210568422||nz||
3392317440||3392317695||1210568422||nz||
3392317696||3392317951||1210568422||nz||
3392317952||3392318207||1210568422||nz||
3392318208||3392318463||1210568422||nz||
3392318464||3392318975||1210568422||nz||
3392318976||3392319231||1210568422||nz||
3392319232||3392319487||1210568422||nz||
3392319488||3392319743||1210568422||nz||
3392319744||3392319999||1210568422||nz||
3392320000||3392320511||1210568422||nz||
3392320512||3392321535||1210568422||nz||
3392321536||3392322559||1210568422||nz||
3392322560||3392323583||1210568422||nz||
3392323584||3392324607||1210568422||nz||
3392324608||3392325119||1210568422||nz||
3392325120||3392325375||1210568422||nz||
3392325376||3392325631||1210568422||nz||
3392325632||3392326655||1210568422||nz||
3392326656||3392326911||1210568422||nz||
3392326912||3392327167||1210568422||nz||
3392327168||3392327423||1210568422||nz||
3392327424||3392327679||1210568422||nz||
3392327680||3392329727||1210568422||nz||
3392329728||3392330751||1210568422||nz||
3392330752||3392331007||1210568422||nz||
3392331008||3392331263||1210568422||nz||
3392331264||3392331519||1210568422||nz||
3392331520||3392331775||1210568422||nz||
3392331776||3392332799||1210568422||nz||
3392332800||3392333311||1210568422||nz||
3392333312||3392333567||1210568422||nz||
3392333568||3392333823||1210568422||nz||
3392333824||3392334847||1210568422||nz||
3392334848||3392335871||1210568422||nz||
3392335872||3392336127||1210568422||nz||
3392336128||3392336383||1210568422||nz||
3392336384||3392336639||1210568422||nz||
3392336640||3392336895||1210568422||nz||
3392336896||3392337151||1210568422||nz||
3392337152||3392337407||1210568422||nz||
3392337408||3392337663||1210568422||nz||
3392337664||3392337919||1210568422||nz||
3392337920||3392338943||1210568422||nz||
3392338944||3392339199||1210568422||nz||
3392339200||3392339455||1210568422||nz||
3392339456||3392339711||1210568422||nz||
3392339712||3392339967||1210568422||nz||
3392516096||3392520191||1210568422||nz||
3392626688||3392630783||1210568422||nz||
3392675840||3392679935||1210568422||nz||
3392679936||3392681983||1210568422||nz||
3392995840||3392996351||1210568422||nz||
3393298432||3393300479||1210568422||nz||
3393474560||3393478655||1210568422||nz||
3393830912||3393835007||1210568422||nz||
3393896448||3393900543||1210568422||nz||
3393900544||3393904639||1210568422||nz||
3393904640||3393906687||1210568422||nz||
3394142208||3394150399||1210568422||nz||
3394170880||3394172927||1210568422||nz||
3394658304||3394662399||1210568422||nz||
3394831360||3394832383||1210568422||nz||
3394838528||3394846719||1210568422||nz||
3394863104||3394871295||1210568422||nz||
3395287552||3395287807||1210568422||nz||
3397148672||3397152767||1210568422||nz||
3397152768||3397156863||1210568422||nz||
3397275648||3397277695||1210568422||nz||
3397304320||3397308415||1210568422||nz||
3397322752||3397323775||1210568422||nz||
3398037504||3398039551||1210568422||nz||
3398613504||3398613759||1210568422||nz||
3398852608||3398856703||1210568422||nz||
3398856704||3398860799||1210568422||nz||
3399122944||3399131135||1210568422||nz||
3399495680||3399499775||1210568422||nz||
3399512064||3399514111||1210568422||nz||
3399659520||3399661567||1210568422||nz||
3399752704||3399753727||1210568422||nz||
3400122368||3400130559||1210568422||nz||
3400179712||3400181759||1210568422||nz||
3400181760||3400183807||1210568422||nz||
3400402432||3400402943||1210568422||nz||
3400429568||3400431615||1210568422||nz||
3400441856||3400445951||1210568422||nz||
3400445952||3400450047||1210568422||nz||
3400499200||3400503295||1210568422||nz||
3400810496||3400818687||1210568422||nz||
3400818688||3400826879||1210568422||nz||
3401424896||3401428991||1210568422||nz||
3401523200||3401527295||1210568422||nz||
3407785472||3407785727||1210568422||nz||
3409547520||3409547775||1210568422||nz||
3410968576||3410976767||1210568422||nz||
3410976768||3410980863||1210568422||nz||
3410980864||3410984959||1210568422||nz||
3411033088||3411034111||1210568422||nz||
3411270144||3411270399||1210568422||nz||
3411314176||3411314687||1210568422||nz||
3411460096||3411464191||1210568422||nz||
3411648512||3411656703||1210568422||nz||
3411810560||3411810815||1210568422||nz||
3412066304||3412082687||1210568422||nz||
3412082688||3412099071||1210568422||nz||
3412099072||3412103167||1210568422||nz||
3412103168||3412107263||1210568422||nz||
3412107264||3412115455||1210568422||nz||
3412115456||3412123647||1210568422||nz||
3412123648||3412131839||1210568422||nz||
3412131840||3412197375||1210568422||nz||
3412197376||3412198399||1210568422||nz||
3412198400||3412199423||1210568422||nz||
3412199424||3412200447||1210568422||nz||
3412200448||3412201471||1210568422||nz||
3412201472||3412205567||1210568422||nz||
3412205568||3412213759||1210568422||nz||
3412271104||3412273151||1210568422||nz||
3412279296||3412281343||1210568422||nz||
3412381696||3412385791||1210568422||nz||
3412951040||3412967423||1210568422||nz||
3412967424||3412975615||1210568422||nz||
3412975616||3412983807||1210568422||nz||
3412983808||3412991999||1210568422||nz||
3412992000||3413000191||1210568422||nz||
3413278720||3413286911||1210568422||nz||
3413286912||3413295103||1210568422||nz||
3413540864||3413557247||1210568422||nz||
3413587968||3413588223||1210568422||nz||
3415220224||3415224319||1210568422||nz||
3415760896||3415769087||1210568422||nz||
3416289280||3416293375||1210568422||nz||
3416752128||3416768511||1210568422||nz||
3416768512||3416776703||1210568422||nz||
3416776704||3416784895||1210568422||nz||
3416938496||3416938751||1210568422||nz||
3416982528||3416982783||1210568422||nz||
3416989696||3416993791||1210568422||nz||
3417145344||3417161727||1210568422||nz||
3417161728||3417178111||1210568422||nz||
3417184768||3417185023||1210568422||nz||
3417185792||3417186303||1210568422||nz||
3417272320||3417274367||1210568422||nz||
3417357312||3417357567||1210568422||nz||
3417833472||3417849855||1210568422||nz||
3418279936||3418281983||1210568422||nz||
3419619328||3419623423||1210568422||nz||
3419623424||3419627519||1210568422||nz||
3419627520||3419635711||1210568422||nz||
3523530752||3523532799||1210568422||nz||
3523555328||3523557375||1210568422||nz||
3523682304||3523686399||1210568422||nz||
3526361088||3526393855||1210568422||nz||
3526402048||3526410239||1210568422||nz||
3526754304||3526787071||1210568422||nz||
3526787072||3526819839||1210568422||nz||
3526819840||3526836223||1210568422||nz||
3526836224||3526840319||1210568422||nz||
3526840320||3526844415||1210568422||nz||
3526844416||3526852607||1210568422||nz||
3526852608||3526860799||1210568422||nz||
3526860800||3526868991||1210568422||nz||
3526868992||3526877183||1210568422||nz||
3526877184||3526885375||1210568422||nz||
3526893568||3526897663||1210568422||nz||
3528404992||3528407039||1210568422||nz||
3528851456||3528884223||1210568422||nz||
3535339520||3535355903||1210568422||nz||
3539337216||3539353599||1210568422||nz||
3663992064||3663992319||1210568422||nz||
3663992576||3663992831||1210568422||nz||
3663992832||3663993087||1210568422||nz||
3663993088||3663993343||1210568422||nz||
3663993344||3663993599||1210568422||nz||
3664052224||3664068607||1210568422||nz||
3664068608||3664084991||1210568422||nz||
3669614592||3669616639||1210568422||nz||
3679977472||3680043007||1210568422||nz||
3680043008||3680108543||1210568422||nz||
3734503424||3734568959||1210568422||nz||
3734568960||3734634495||1210568422||nz||
3734634496||3734700031||1210568422||nz||
3734700032||3734765567||1210568422||nz||
