--||--||--||no||Norway
1041268736||1041301503||1210568422||no||
1043505152||1043513343||1210568422||no||
1044316160||1044332543||1210568422||no||
1044774912||1044840447||1210568422||no||
1045020672||1045037055||1210568422||no||
1046028288||1046036479||1210568422||no||
1046216704||1046282239||1210568422||no||
1046585344||1046593535||1210568422||no||
1046593536||1046609919||1210568422||no||
1046855680||1046872063||1210568422||no||
1047625728||1047633919||1210568422||no||
1048633344||1048641535||1210568422||no||
1049460736||1049468927||1210568422||no||
1049894912||1049903103||1210568422||no||
1051770880||1051779071||1210568422||no||
1053900800||1053917183||1210568422||no||
1056546816||1056555007||1210568422||no||
1075576832||1075585023||1210568422||no||
1292894208||1293156351||1210568422||no||
1294499840||1294532607||1210568422||no||
1296629760||1296631807||1210568422||no||
1296736256||1296738303||1210568422||no||
1296750592||1296752639||1210568422||no||
1296814080||1296816127||1210568422||no||
1297629184||1297645567||1210568422||no||
1298065408||1298067455||1210568422||no||
1298089984||1298092031||1210568422||no||
1298825216||1298841599||1210568422||no||
1299103744||1299120127||1210568422||no||
1306435584||1306443775||1210568422||no||
1306443776||1306451967||1210568422||no||
1306501120||1306509311||1210568422||no||
1307664384||1307668479||1210568422||no||
1308069888||1308073983||1210568422||no||
1310218240||1310220287||1210568422||no||
1310232576||1310234623||1210568422||no||
1310326784||1310343167||1210568422||no||
1310674944||1310676991||1210568422||no||
1311344640||1311346687||1210568422||no||
1314586624||1314652159||1210568422||no||
1315926016||1315930111||1210568422||no||
1318846464||1318854655||1210568422||no||
1319034880||1319043071||1210568422||no||
1334247424||1334255615||1210568422||no||
1334665216||1334669311||1210568422||no||
1335885824||1336016895||1210568422||no||
1336561664||1336563711||1210568422||no||
1336627200||1336629247||1210568422||no||
1346420736||1346424831||1210568422||no||
1346449408||1346453503||1210568422||no||
1347846144||1347850239||1210568422||no||
1347866624||1347870719||1210568422||no||
1348018176||1348022271||1210568422||no||
1348022272||1348026367||1210568422||no||
1348136960||1348141055||1210568422||no||
1348149248||1348153343||1210568422||no||
1348198400||1348202495||1210568422||no||
1355415552||1355546623||1210568422||no||
1356070912||1356201983||1210568422||no||
1357381632||1357414399||1210568422||no||
1357840384||1357873151||1210568422||no||
1357991936||1357996031||1210568422||no||
1358831616||1358835711||1210568422||no||
1358987264||1359003647||1210568422||no||
1360666624||1360670719||1210568422||no||
1360670720||1360674815||1210568422||no||
1360732160||1360736255||1210568422||no||
1360863232||1360867327||1210568422||no||
1361043456||1361047551||1210568422||no||
1361047552||1361051647||1210568422||no||
1365073920||1365078015||1210568422||no||
1365090304||1365094399||1210568422||no||
1365159936||1365164031||1210568422||no||
1369833472||1369964543||1210568422||no||
1370423296||1370439679||1210568422||no||
1371471872||1371537407||1210568422||no||
1383350272||1383358463||1210568422||no||
1383407616||1383415807||1210568422||no||
1384513536||1384546303||1210568422||no||
1385316352||1385324543||1210568422||no||
1385373696||1385381887||1210568422||no||
1385463808||1385471999||1210568422||no||
1385472000||1385480191||1210568422||no||
1386479616||1386545151||1210568422||no||
1388494848||1388503039||1210568422||no||
1388625920||1388634111||1210568422||no||
1388773376||1388781567||1210568422||no||
1399586816||1399717887||1210568422||no||
1401538560||1401540607||1210568422||no||
1401839616||1401841663||1210568422||no||
1401901056||1401903103||1210568422||no||
1401909248||1401911295||1210568422||no||
1408368640||1408376831||1210568422||no||
1408466944||1408499711||1210568422||no||
1410383872||1410392063||1210568422||no||
1410621440||1410629631||1210568422||no||
1411813376||1411817471||1210568422||no||
1412431872||1412562943||1210568422||no||
1412743168||1412759551||1210568422||no||
1412759552||1412775935||1210568422||no||
1422524416||1422589951||1210568422||no||
1422729216||1422737407||1210568422||no||
1422917632||1423441919||1210568422||no||
1424654336||1424687103||1210568422||no||
1424785408||1424818175||1210568422||no||
1425244160||1425260543||1210568422||no||
1425506304||1425522687||1210568422||no||
1427308544||1427374079||1210568422||no||
1431846912||1431855103||1210568422||no||
1431896064||1431904255||1210568422||no||
1431945216||1431953407||1210568422||no||
1432215552||1432223743||1210568422||no||
1432297472||1432305663||1210568422||no||
1433436160||1433444351||1210568422||no||
1433509888||1433518079||1210568422||no||
1433896960||1433899007||1210568422||no||
1436811264||1437073407||1210568422||no||
1438416896||1438433279||1210568422||no||
1438924800||1438941183||1210568422||no||
1439170560||1439236095||1210568422||no||
1440546816||1440579583||1210568422||no||
1442578432||1442643967||1210568422||no||
1446936576||1446952959||1210568422||no||
1467351040||1467367423||1210568422||no||
1475125248||1475127295||1210568422||no||
1475223552||1475231743||1210568422||no||
1475231744||1475233791||1210568422||no||
1475870720||1475878911||1210568422||no||
1476149248||1476157439||1210568422||no||
1476272128||1476280319||1210568422||no||
1481908224||1481916415||1210568422||no||
1481940992||1481949183||1210568422||no||
1482104832||1482113023||1210568422||no||
1482162176||1482686463||1210568422||no||
1486305280||1486307327||1210568422||no||
1486331904||1486333951||1210568422||no||
1486344192||1486346239||1210568422||no||
1493696512||1493827583||1210568422||no||
1493827584||1493958655||1210568422||no||
1494540288||1494548479||1210568422||no||
1500061696||1500069887||1210568422||no||
1503117312||1503133695||1210568422||no||
1503789056||1503821823||1210568422||no||
1505689600||1505697791||1210568422||no||
1506766848||1506768895||1210568422||no||
1507680256||1507684351||1210568422||no||
1509425152||1509429247||1210568422||no||
1509584896||1509588991||1210568422||no||
1509675008||1509679103||1210568422||no||
1509818368||1509834751||1210568422||no||
1509834752||1509851135||1210568422||no||
1519714304||1519779839||1210568422||no||
1532635136||1532637183||1210568422||no||
1532651520||1532653567||1210568422||no||
1533413376||1533415423||1210568422||no||
1533417472||1533419519||1210568422||no||
1534795776||1534799871||1210568422||no||
1534799872||1534803967||1210568422||no||
1535582208||1535586303||1210568422||no||
1535586304||1535590399||1210568422||no||
1538818048||1538826239||1210568422||no||
1538932736||1538940927||1210568422||no||
1539143680||1539145727||1210568422||no||
1539155968||1539158015||1210568422||no||
1539158016||1539160063||1210568422||no||
1539365888||1539366911||1210568422||no||
1539375104||1539376127||1210568422||no||
1539508224||1539508735||1210568422||no||
1539734272||1539734527||1210568422||no||
1539747840||1539748095||1210568422||no||
1539754240||1539754495||1210568422||no||
1539755776||1539756031||1210568422||no||
1539784448||1539784703||1210568422||no||
1539818240||1539818495||1210568422||no||
1540055040||1540056063||1210568422||no||
1540060160||1540061183||1210568422||no||
1546272768||1546274815||1210568422||no||
1546323968||1546326015||1210568422||no||
1547575296||1547579391||1210568422||no||
1566121984||1566126079||1210568422||no||
1566142464||1566146559||1210568422||no||
1566316544||1566318591||1210568422||no||
1566394368||1566396415||1210568422||no||
1566400512||1566402559||1210568422||no||
1566443520||1566445567||1210568422||no||
1568440320||1568473087||1210568422||no||
1571897344||1571913727||1210568422||no||
1572624384||1572626431||1210568422||no||
1572661248||1572663295||1210568422||no||
2301558784||2301624319||1210568422||no||
2341535744||2341601279||1210568422||no||
2405498880||2405564415||1210568422||no||
2460745728||2460811263||1210568422||no||
2491023360||2491088895||1210568422||no||
2569797632||2569863167||1210568422||no||
3239264256||3239264767||1210568422||no||
3239451648||3239451903||1210568422||no||
3239468544||3239468799||1210568422||no||
3239508480||3239508735||1210568422||no||
3239550720||3239550975||1210568422||no||
3239568640||3239568895||1210568422||no||
3239796224||3239796735||1210568422||no||
3239898112||3239898367||1210568422||no||
3239968768||3239969023||1210568422||no||
3240407552||3240407807||1210568422||no||
3240410880||3240411135||1210568422||no||
3241865472||3241865727||1210568422||no||
3242524672||3242590207||1210568422||no||
3242655744||3242721279||1210568422||no||
3242917888||3242950655||1210568422||no||
3243900928||3243966463||1210568422||no||
3243999232||3244031999||1210568422||no||
3244153856||3244154879||1210568422||no||
3244161024||3244162047||1210568422||no||
3244162048||3244163071||1210568422||no||
3245133824||3245134079||1210568422||no||
3245199872||3245200127||1210568422||no||
3245201664||3245201919||1210568422||no||
3247316480||3247316735||1210568422||no||
3247334400||3247334655||1210568422||no||
3247336448||3247337215||1210568422||no||
3248226304||3248357375||1210568422||no||
3248488448||3248619519||1210568422||no||
3250419200||3250419711||1210568422||no||
3250426112||3250426367||1210568422||no||
3250589632||3250589695||1210568422||no||
3250692096||3250692351||1210568422||no||
3251133440||3251133951||1210568422||no||
3251170048||3251170303||1210568422||no||
3251183616||3251183871||1210568422||no||
3251194368||3251194879||1210568422||no||
3251231744||3251232767||1210568422||no||
3251896320||3251961855||1210568422||no||
3251961856||3252027391||1210568422||no||
3252027392||3252092927||1210568422||no||
3252092928||3252158463||1210568422||no||
3252158464||3252223999||1210568422||no||
3252224000||3252289535||1210568422||no||
3252322304||3252323327||1210568422||no||
3252913920||3252914175||1210568422||no||
3252931584||3252932095||1210568422||no||
3253660672||3253661695||1210568422||no||
3253705216||3253705727||1210568422||no||
3253974784||3253974847||1210568422||no||
3254823168||3254823423||1210568422||no||
3254829056||3254829311||1210568422||no||
3254834944||3254835199||1210568422||no||
3255234048||3255234303||1210568422||no||
3256025088||3256057855||1210568422||no||
3256417280||3256417791||1210568422||no||
3256731648||3256732671||1210568422||no||
3258336256||3258337279||1210568422||no||
3258343424||3258351615||1210568422||no||
3258353664||3258354687||1210568422||no||
3258731264||3258731519||1210568422||no||
3259353088||3259353855||1210568422||no||
3260583936||3260584447||1210568422||no||
3262038784||3262039039||1210568422||no||
3262461312||3262461439||1210568422||no||
3264151552||3264184319||1210568422||no||
3264410624||3264411647||1210568422||no||
3264664576||3264665087||1210568422||no||
3264825344||3264825599||1210568422||no||
3264847200||3264847231||1210568422||no||
3267035136||3267039231||1210568422||no||
3268771840||3268780031||1210568422||no||
3268780032||3268788223||1210568422||no||
3271032832||3271098367||1210568422||no||
3271589888||3271622655||1210568422||no||
3271622656||3271655423||1210568422||no||
3271655424||3271688191||1210568422||no||
3271913472||3271913983||1210568422||no||
3271927296||3271927551||1210568422||no||
3271929344||3271929599||1210568422||no||
3271931648||3271931903||1210568422||no||
3272262656||3272262911||1210568422||no||
3272769536||3272802303||1210568422||no||
3273261056||3273261567||1210568422||no||
3273436160||3273436671||1210568422||no||
3274390528||3274391551||1210568422||no||
3276079104||3276095487||1210568422||no||
3276185600||3276193791||1210568422||no||
3277711360||3277711871||1210568422||no||
3278773248||3278773759||1210568422||no||
3280347136||3280355327||1210568422||no||
3280652032||3280652287||1210568422||no||
3280666624||3280732159||1210568422||no||
3281977344||3282010111||1210568422||no||
3282010112||3282042879||1210568422||no||
3283181568||3283182591||1210568422||no||
3283208704||3283209215||1210568422||no||
3283979776||3283980287||1210568422||no||
3284008448||3284008959||1210568422||no||
3284926464||3284991999||1210568422||no||
3285633024||3285635071||1210568422||no||
3286302720||3286310911||1210568422||no||
3287665152||3287665407||1210568422||no||
3287830016||3287830271||1210568422||no||
3288252416||3288260607||1210568422||no||
3427770112||3427770367||1210568422||no||
3427778560||3427779071||1210568422||no||
3427785472||3427785727||1210568422||no||
3427788800||3427789567||1210568422||no||
3557040128||3557048319||1210568422||no||
3557916672||3557924863||1210568422||no||
3557982208||3557990399||1210568422||no||
3558129664||3558137855||1210568422||no||
3558965248||3558973439||1210568422||no||
3559251968||3559260159||1210568422||no||
3559759872||3559768063||1210568422||no||
3560890368||3560898559||1210568422||no||
3561439232||3561447423||1210568422||no||
3562610688||3562618879||1210568422||no||
3565002752||3565010943||1210568422||no||
3565010944||3565027327||1210568422||no||
3567861760||3567878143||1210568422||no||
3573252096||3573284863||1210568422||no||
3576954880||3576987647||1210568422||no||
3582869504||3582877695||1210568422||no||
3583090688||3583098879||1210568422||no||
3583475712||3583483903||1210568422||no||
3583574016||3583582207||1210568422||no||
3583959040||3583967231||1210568422||no||
3584139264||3584147455||1210568422||no||
3584155648||3584163839||1210568422||no||
3584221184||3584229375||1210568422||no||
3584516096||3584524287||1210568422||no||
3584868352||3584876543||1210568422||no||
3585286144||3585294335||1210568422||no||
3585654784||3585662975||1210568422||no||
3585843200||3585851391||1210568422||no||
3585867776||3585875967||1210568422||no||
3585900544||3585908735||1210568422||no||
3586850816||3586867199||1210568422||no||
3588308992||3588317183||1210568422||no||
3588317184||3588325375||1210568422||no||
3588661248||3588669439||1210568422||no||
3588898816||3588915199||1210568422||no||
3589046272||3589062655||1210568422||no||
3589062656||3589079039||1210568422||no||
3589226496||3589242879||1210568422||no||
3641212928||3641217023||1210568422||no||
3641217024||3641221119||1210568422||no||
3641507840||3641511935||1210568422||no||
3641511936||3641516031||1210568422||no||
3641573376||3641577471||1210568422||no||
3641769984||3641774079||1210568422||no||
3641786368||3641790463||1210568422||no||
3641823232||3641827327||1210568422||no||
3641884672||3641888767||1210568422||no||
3642101760||3642105855||1210568422||no||
3642384384||3642388479||1210568422||no||
3642712064||3642716159||1210568422||no||
3644973056||3644977151||1210568422||no||
3645136896||3645140991||1210568422||no||
3645140992||3645145087||1210568422||no||
3645710336||3645714431||1210568422||no||
3645792256||3645796351||1210568422||no||
3648278528||3648282623||1210568422||no||
3648397312||3648401407||1210568422||no||
3648401408||3648405503||1210568422||no||
3650125824||3650129919||1210568422||no||
3650150400||3650154495||1210568422||no||
3650154496||3650158591||1210568422||no||
3650392064||3650396159||1210568422||no||
3650449408||3650453503||1210568422||no||
3651686400||3651690495||1210568422||no||
3651829760||3651833855||1210568422||no||
3652055040||3652059135||1210568422||no||
3653513216||3653517311||1210568422||no||
3653570560||3653574655||1210568422||no||
3653705728||3653709823||1210568422||no||
3653709824||3653713919||1210568422||no||
