--||--||--||ps||Palestine
1382465536||1382481919||1210568422||ps||
1389166592||1389199359||1210568422||ps||
1389690880||1389707263||1210568422||ps||
1408499712||1408532479||1210568422||ps||
1433493504||1433501695||1210568422||ps||
1433559040||1433567231||1210568422||ps||
3255230720||3255230975||1210568422||ps||
3267055616||3267056639||1210568422||ps||
3271801856||3271802879||1210568422||ps||
3276066816||3276067327||1210568422||ps||
3279035392||3279035903||1210568422||ps||
3280583680||3280583935||1210568422||ps||
3283997184||3283997695||1210568422||ps||
3557744640||3557752831||1210568422||ps||
3558957056||3558965247||1210568422||ps||
3563732992||3563741183||1210568422||ps||
3573940224||3574005759||1210568422||ps||
3589554176||3589570559||1210568422||ps||
3642032128||3642036223||1210568422||ps||
3645038592||3645042687||1210568422||ps||
3645042688||3645046783||1210568422||ps||
3645779968||3645784063||1210568422||ps||
