--||--||--||pa||Panama
2823618560||2823684095||1210568422||pa||
3187859456||3187863551||1210568422||pa||
3188056064||3188060159||1210568422||pa||
3188637696||3188641791||1210568422||pa||
3188641792||3188645887||1210568422||pa||
3189768192||3189833727||1210568422||pa||
3189833728||3189899263||1210568422||pa||
3189899264||3190030335||1210568422||pa||
3196846080||3196911615||1210568422||pa||
3196911616||3196944383||1210568422||pa||
3340429824||3340430079||1210568422||pa||
3355459584||3355459839||1210568422||pa||
3355494912||3355495423||1210568422||pa||
3355691008||3355693055||1210568422||pa||
3355849728||3355849983||1210568422||pa||
3355856640||3355856895||1210568422||pa||
3356102400||3356102655||1210568422||pa||
3356150528||3356150783||1210568422||pa||
3356282880||3356284927||1210568422||pa||
3357773824||3357775871||1210568422||pa||
3358457856||3358490623||1210568422||pa||
3358490624||3358498815||1210568422||pa||
3358498816||3358502911||1210568422||pa||
3358502912||3358507007||1210568422||pa||
3358507008||3358511103||1210568422||pa||
3358511104||3358515199||1210568422||pa||
3358515200||3358523391||1210568422||pa||
3359582208||3359584255||1210568422||pa||
3360407552||3360415743||1210568422||pa||
3360415744||3360419839||1210568422||pa||
3360419840||3360423935||1210568422||pa||
3361374208||3361378303||1210568422||pa||
3362529280||3362533375||1210568422||pa||
3363012608||3363016703||1210568422||pa||
3363016704||3363020799||1210568422||pa||
3363020800||3363024895||1210568422||pa||
3363569664||3363573759||1210568422||pa||
3363573760||3363577855||1210568422||pa||
3386523648||3386531839||1210568422||pa||
3386531840||3386540031||1210568422||pa||
3386556416||3386564607||1210568422||pa||
3386564608||3386572799||1210568422||pa||
3386761216||3386765311||1210568422||pa||
3386765312||3386769407||1210568422||pa||
3386900480||3386966015||1210568422||pa||
3386966016||3387031551||1210568422||pa||
3387031552||3387097087||1210568422||pa||
3387097088||3387162623||1210568422||pa||
3470794752||3470802943||1210568422||pa||
