--||--||--||ph||Philippines
977600512||977666047||1210568422||ph||
977731584||977764351||1210568422||ph||
1024000000||1024032767||1210568422||ph||
1024376832||1024393215||1210568422||ph||
1025277952||1025294335||1210568422||ph||
1949466624||1949499391||1210568422||ph||
1950545920||1950547967||1210568422||ph||
1950648320||1950650367||1210568422||ph||
1952251904||1952284671||1210568422||ph||
1969694720||1969696767||1210568422||ph||
1969811456||1969815551||1210568422||ph||
1984151552||1984153599||1210568422||ph||
1985480704||1985482751||1210568422||ph||
1986404352||1986406399||1210568422||ph||
1998290944||1998299135||1210568422||ph||
2000617472||2000621567||1210568422||ph||
2002518016||2002780159||1210568422||ph||
2003763200||2003828735||1210568422||ph||
2006233088||2006237183||1210568422||ph||
2015100928||2015166463||1210568422||ph||
2017988608||2017992703||1210568422||ph||
2019098624||2019115007||1210568422||ph||
2022309888||2022313983||1210568422||ph||
2022670336||2022678527||1210568422||ph||
2030108672||2030125055||1210568422||ph||
2033582080||2033614847||1210568422||ph||
2033623040||2033625087||1210568422||ph||
2033893376||2033909759||1210568422||ph||
2036334592||2036465663||1210568422||ph||
2038366208||2038374399||1210568422||ph||
2046951424||2047082495||1210568422||ph||
2050084864||2050088959||1210568422||ph||
2050228224||2050490367||1210568422||ph||
2056273920||2056290303||1210568422||ph||
2072528896||2072530943||1210568422||ph||
2075148288||2075150335||1210568422||ph||
2079508480||2079510527||1210568422||ph||
2080800768||2080817151||1210568422||ph||
2081652736||2081685503||1210568422||ph||
2085814272||2085847039||1210568422||ph||
2087190528||2087452671||1210568422||ph||
2090737664||2090745855||1210568422||ph||
2094596096||2094628863||1210568422||ph||
2097479680||2097545215||1210568422||ph||
2101116928||2101149695||1210568422||ph||
2111045632||2111078399||1210568422||ph||
2782658560||2782724095||1210568422||ph||
3231309056||3231309311||1210568422||ph||
3231309312||3231309567||1210568422||ph||
3231309568||3231309823||1210568422||ph||
3231309824||3231310079||1210568422||ph||
3231310080||3231310335||1210568422||ph||
3231310336||3231310591||1210568422||ph||
3231310592||3231310847||1210568422||ph||
3231310848||3231311103||1210568422||ph||
3233590784||3233591039||1210568422||ph||
3233668864||3233669119||1210568422||ph||
3236102400||3236102655||1210568422||ph||
3236102656||3236103167||1210568422||ph||
3236103168||3236104191||1210568422||ph||
3236104192||3236106239||1210568422||ph||
3325562880||3325564927||1210568422||ph||
3325564928||3325565439||1210568422||ph||
3334995968||3334996223||1210568422||ph||
3334996224||3334996479||1210568422||ph||
3334996480||3334996735||1210568422||ph||
3334996736||3334996991||1210568422||ph||
3334996992||3334997247||1210568422||ph||
3334997248||3334997503||1210568422||ph||
3334997504||3334998015||1210568422||ph||
3334998016||3334998527||1210568422||ph||
3389001728||3389005823||1210568422||ph||
3389020928||3389021183||1210568422||ph||
3389092352||3389092863||1210568422||ph||
3389259776||3389263871||1210568422||ph||
3389579264||3389587455||1210568422||ph||
3389788416||3389788671||1210568422||ph||
3389788672||3389788927||1210568422||ph||
3389936896||3389937151||1210568422||ph||
3389937152||3389937663||1210568422||ph||
3391663104||3391664127||1210568422||ph||
3391722240||3391722495||1210568422||ph||
3391906816||3391907839||1210568422||ph||
3392109824||3392110079||1210568422||ph||
3392110080||3392110335||1210568422||ph||
3392110592||3392110847||1210568422||ph||
3392110848||3392111103||1210568422||ph||
3392111104||3392111359||1210568422||ph||
3392111360||3392111615||1210568422||ph||
3392111616||3392112127||1210568422||ph||
3392112640||3392113663||1210568422||ph||
3392113664||3392114175||1210568422||ph||
3392446464||3392450559||1210568422||ph||
3392741376||3392749567||1210568422||ph||
3392749568||3392757759||1210568422||ph||
3392757760||3392765951||1210568422||ph||
3392799232||3392799487||1210568422||ph||
3392856064||3392860159||1210568422||ph||
3392860160||3392864255||1210568422||ph||
3392931840||3392933887||1210568422||ph||
3393011712||3393019903||1210568422||ph||
3393302528||3393306623||1210568422||ph||
3393560576||3393564671||1210568422||ph||
3393564672||3393568767||1210568422||ph||
3393609728||3393613823||1210568422||ph||
3393695744||3393699839||1210568422||ph||
3393744896||3393748991||1210568422||ph||
3393822720||3393826815||1210568422||ph||
3393826816||3393828863||1210568422||ph||
3393828864||3393830911||1210568422||ph||
3393910784||3393911807||1210568422||ph||
3394079232||3394079743||1210568422||ph||
3394125824||3394134015||1210568422||ph||
3394134016||3394142207||1210568422||ph||
3394279424||3394281471||1210568422||ph||
3394347008||3394351103||1210568422||ph||
3394351104||3394355199||1210568422||ph||
3394507776||3394508799||1210568422||ph||
3394527232||3394531327||1210568422||ph||
3394531328||3394535423||1210568422||ph||
3394682880||3394686975||1210568422||ph||
3394832384||3394834431||1210568422||ph||
3394879488||3394883583||1210568422||ph||
3394910208||3394912255||1210568422||ph||
3394928640||3394936831||1210568422||ph||
3395002368||3395006463||1210568422||ph||
3395059712||3395067903||1210568422||ph||
3395280896||3395284991||1210568422||ph||
3397027072||3397027327||1210568422||ph||
3397070848||3397074943||1210568422||ph||
3397156864||3397160959||1210568422||ph||
3397160960||3397165055||1210568422||ph||
3397263360||3397267455||1210568422||ph||
3397394432||3397402623||1210568422||ph||
3397763072||3397767167||1210568422||ph||
3397767168||3397771263||1210568422||ph||
3397793792||3397794303||1210568422||ph||
3398004736||3398008831||1210568422||ph||
3398074368||3398082559||1210568422||ph||
3398082560||3398090751||1210568422||ph||
3398612992||3398613503||1210568422||ph||
3398902272||3398902783||1210568422||ph||
3399655424||3399659519||1210568422||ph||
3399729152||3399737343||1210568422||ph||
3399737344||3399745535||1210568422||ph||
3399786496||3399794687||1210568422||ph||
3399826432||3399826943||1210568422||ph||
3399924736||3399925759||1210568422||ph||
3400336384||3400336639||1210568422||ph||
3400337152||3400337407||1210568422||ph||
3400515584||3400523775||1210568422||ph||
3400523776||3400531967||1210568422||ph||
3400998912||3401003007||1210568422||ph||
3406565888||3406566143||1210568422||ph||
3407987712||3407987967||1210568422||ph||
3409396480||3409396735||1210568422||ph||
3410804736||3410812927||1210568422||ph||
3410812928||3410821119||1210568422||ph||
3411052544||3411054591||1210568422||ph||
3411156992||3411161087||1210568422||ph||
3411320832||3411329023||1210568422||ph||
3411509248||3411517439||1210568422||ph||
3411517440||3411525631||1210568422||ph||
3411525632||3411542015||1210568422||ph||
3411806208||3411808255||1210568422||ph||
3412322304||3412324351||1210568422||ph||
3412606976||3412615167||1210568422||ph||
3413106688||3413110783||1210568422||ph||
3413262336||3413270527||1210568422||ph||
3413344256||3413360639||1210568422||ph||
3413574656||3413575679||1210568422||ph||
3414230016||3414230527||1210568422||ph||
3414376448||3414380543||1210568422||ph||
3414380544||3414384639||1210568422||ph||
3414384640||3414392831||1210568422||ph||
3414392832||3414409215||1210568422||ph||
3415435264||3415436287||1210568422||ph||
3415803392||3415803903||1210568422||ph||
3415803904||3415805951||1210568422||ph||
3416131584||3416133631||1210568422||ph||
3416301568||3416309759||1210568422||ph||
3416719360||3416727551||1210568422||ph||
3416735744||3416743935||1210568422||ph||
3416743936||3416752127||1210568422||ph||
3416850432||3416851455||1210568422||ph||
3416981504||3416982527||1210568422||ph||
3416983040||3416983551||1210568422||ph||
3417047040||3417048063||1210568422||ph||
3417048064||3417049087||1210568422||ph||
3417049088||3417051135||1210568422||ph||
3417051136||3417055231||1210568422||ph||
3417178112||3417179135||1210568422||ph||
3417243648||3417244671||1210568422||ph||
3417275392||3417276415||1210568422||ph||
3417374720||3417376767||1210568422||ph||
3417376768||3417378815||1210568422||ph||
3417378816||3417382911||1210568422||ph||
3417382912||3417384959||1210568422||ph||
3417384960||3417385983||1210568422||ph||
3417385984||3417387007||1210568422||ph||
3417387008||3417391103||1210568422||ph||
3417391104||3417395199||1210568422||ph||
3417395200||3417397247||1210568422||ph||
3417397248||3417399295||1210568422||ph||
3417399296||3417407487||1210568422||ph||
3417407488||3417423871||1210568422||ph||
3417423872||3417432063||1210568422||ph||
3417432064||3417436159||1210568422||ph||
3417436160||3417438207||1210568422||ph||
3417438208||3417439231||1210568422||ph||
3417439232||3417440255||1210568422||ph||
3418163200||3418165247||1210568422||ph||
3418243072||3418247167||1210568422||ph||
3418247168||3418251263||1210568422||ph||
3418326528||3418327039||1210568422||ph||
3419412480||3419414527||1210568422||ph||
3419783168||3419791359||1210568422||ph||
3419881472||3419889663||1210568422||ph||
3419889664||3419897855||1210568422||ph||
3419924480||3419926527||1210568422||ph||
3523297280||3523305471||1210568422||ph||
3523305472||3523313663||1210568422||ph||
3523313664||3523317759||1210568422||ph||
3523477504||3523493887||1210568422||ph||
3523502080||3523510271||1210568422||ph||
3523559424||3523575807||1210568422||ph||
3524132864||3524141055||1210568422||ph||
3524141056||3524145151||1210568422||ph||
3524263936||3524296703||1210568422||ph||
3524747264||3524755455||1210568422||ph||
3524763648||3524767743||1210568422||ph||
3524767744||3524771839||1210568422||ph||
3524771840||3524780031||1210568422||ph||
3524780032||3524788223||1210568422||ph||
3535380480||3535388671||1210568422||ph||
3537190912||3537207295||1210568422||ph||
3537207296||3537223679||1210568422||ph||
3537223680||3537240063||1210568422||ph||
3680124928||3680133119||1210568422||ph||
3715719168||3715727359||1210568422||ph||
3732799488||3732832255||1210568422||ph||
3732865024||3732897791||1210568422||ph||
3732897792||3732930559||1210568422||ph||
