--||--||--||pl||Poland
1040424960||1040433151||1210568422||pl||
1041563648||1041596415||1210568422||pl||
1042120704||1042153471||1210568422||pl||
1044193280||1044201471||1210568422||pl||
1044758528||1044774911||1210568422||pl||
1045921792||1045954559||1210568422||pl||
1046036480||1046052863||1210568422||pl||
1046290432||1046298623||1210568422||pl||
1047306240||1047314431||1210568422||pl||
1047494656||1047527423||1210568422||pl||
1048133632||1048150015||1210568422||pl||
1048150016||1048158207||1210568422||pl||
1048690688||1048707071||1210568422||pl||
1048936448||1048944639||1210568422||pl||
1049477120||1049493503||1210568422||pl||
1049903104||1049911295||1210568422||pl||
1052049408||1052057599||1210568422||pl||
1052090368||1052098559||1210568422||pl||
1052172288||1052174335||1210568422||pl||
1055490048||1055498239||1210568422||pl||
1055498240||1055506431||1210568422||pl||
1055506432||1055522815||1210568422||pl||
1056210944||1056219135||1210568422||pl||
1293942784||1294073855||1210568422||pl||
1294794752||1294827519||1210568422||pl||
1294860288||1294893055||1210568422||pl||
1295450112||1295515647||1210568422||pl||
1296105472||1296138239||1210568422||pl||
1296138240||1296171007||1210568422||pl||
1297072128||1297088511||1210568422||pl||
1297547264||1297549311||1210568422||pl||
1297565696||1297567743||1210568422||pl||
1297577984||1297580031||1210568422||pl||
1297582080||1297584127||1210568422||pl||
1297602560||1297604607||1210568422||pl||
1297645568||1297661951||1210568422||pl||
1297694720||1297711103||1210568422||pl||
1297809408||1297825791||1210568422||pl||
1298083840||1298085887||1210568422||pl||
1299185664||1299447807||1210568422||pl||
1306451968||1306460159||1210568422||pl||
1306509312||1306517503||1210568422||pl||
1306517504||1306525695||1210568422||pl||
1307312128||1307320319||1210568422||pl||
1307377664||1307385855||1210568422||pl||
1307762688||1307766783||1210568422||pl||
1307963392||1307967487||1210568422||pl||
1308360704||1308622847||1210568422||pl||
1309147136||1309409279||1210568422||pl||
1310457856||1310474239||1210568422||pl||
1310605312||1310621695||1210568422||pl||
1310676992||1310679039||1210568422||pl||
1310685184||1310687231||1210568422||pl||
1310689280||1310691327||1210568422||pl||
1310691328||1310693375||1210568422||pl||
1310693376||1310695423||1210568422||pl||
1311315968||1311318015||1210568422||pl||
1314390016||1314455551||1210568422||pl||
1317240832||1317273599||1210568422||pl||
1317371904||1317404671||1210568422||pl||
1318584320||1318592511||1210568422||pl||
1318731776||1318739967||1210568422||pl||
1318805504||1318813695||1210568422||pl||
1318887424||1318895615||1210568422||pl||
1319059456||1319067647||1210568422||pl||
1331691520||1331757055||1210568422||pl||
1331859456||1331861503||1210568422||pl||
1332609024||1332613119||1210568422||pl||
1333526528||1333559295||1210568422||pl||
1334165504||1334173695||1210568422||pl||
1334190080||1334198271||1210568422||pl||
1334509568||1334542335||1210568422||pl||
1336016896||1336147967||1210568422||pl||
1336571904||1336573951||1210568422||pl||
1336606720||1336608767||1210568422||pl||
1336737792||1336754175||1210568422||pl||
1336918016||1336934399||1210568422||pl||
1337458688||1337982975||1210568422||pl||
1345323008||1345847295||1210568422||pl||
1346691072||1346695167||1210568422||pl||
1346904064||1346908159||1210568422||pl||
1346945024||1346949119||1210568422||pl||
1347805184||1347809279||1210568422||pl||
1348341760||1348345855||1210568422||pl||
1357791232||1357799423||1210568422||pl||
1357799424||1357807615||1210568422||pl||
1357946880||1357950975||1210568422||pl||
1357950976||1357955071||1210568422||pl||
1358004224||1358008319||1210568422||pl||
1358200832||1358204927||1210568422||pl||
1358204928||1358209023||1210568422||pl||
1358278656||1358282751||1210568422||pl||
1358495744||1358499839||1210568422||pl||
1358692352||1358696447||1210568422||pl||
1359380480||1359396863||1210568422||pl||
1359970304||1360003071||1210568422||pl||
1360183296||1360187391||1210568422||pl||
1360187392||1360191487||1210568422||pl||
1360379904||1360383999||1210568422||pl||
1360658432||1360662527||1210568422||pl||
1360662528||1360666623||1210568422||pl||
1369554944||1369559039||1210568422||pl||
1369563136||1369567231||1210568422||pl||
1369997312||1370030079||1210568422||pl||
1371201536||1371205631||1210568422||pl||
1371406336||1371471871||1210568422||pl||
1372717056||1372749823||1210568422||pl||
1373306880||1373372415||1210568422||pl||
1383284736||1383292927||1210568422||pl||
1384841216||1384857599||1210568422||pl||
1384873984||1384890367||1210568422||pl||
1385136128||1385152511||1210568422||pl||
1385250816||1385259007||1210568422||pl||
1385357312||1385365503||1210568422||pl||
1386217472||1386283007||1210568422||pl||
1387331584||1387397119||1210568422||pl||
1388650496||1388658687||1210568422||pl||
1389527040||1389543423||1210568422||pl||
1389789184||1389805567||1210568422||pl||
1392508928||1394606079||1210568422||pl||
1396981760||1396989951||1210568422||pl||
1398870016||1398872063||1210568422||pl||
1401479168||1401481215||1210568422||pl||
1401825280||1401827327||1210568422||pl||
1401829376||1401831423||1210568422||pl||
1401833472||1401835519||1210568422||pl||
1401841664||1401843711||1210568422||pl||
1401843712||1401845759||1210568422||pl||
1401845760||1401847807||1210568422||pl||
1401849856||1401851903||1210568422||pl||
1401853952||1401855999||1210568422||pl||
1401858048||1401860095||1210568422||pl||
1401860096||1401862143||1210568422||pl||
1401862144||1401864191||1210568422||pl||
1401864192||1401866239||1210568422||pl||
1401866240||1401868287||1210568422||pl||
1401870336||1401872383||1210568422||pl||
1401890816||1401892863||1210568422||pl||
1401899008||1401901055||1210568422||pl||
1401905152||1401907199||1210568422||pl||
1401913344||1401915391||1210568422||pl||
1401915392||1401917439||1210568422||pl||
1401921536||1401923583||1210568422||pl||
1401933824||1401935871||1210568422||pl||
1401962496||1401978879||1210568422||pl||
1402044416||1402060799||1210568422||pl||
1402413056||1402417151||1210568422||pl||
1403535360||1403551743||1210568422||pl||
1404010496||1404014591||1210568422||pl||
1404014592||1404018687||1210568422||pl||
1404018688||1404022783||1210568422||pl||
1404022784||1404026879||1210568422||pl||
1406951424||1406959615||1210568422||pl||
1407582208||1407614975||1210568422||pl||
1408106496||1408172031||1210568422||pl||
1408385024||1408393215||1210568422||pl||
1408442368||1408444415||1210568422||pl||
1408460800||1408462847||1210568422||pl||
1409941504||1410007039||1210568422||pl||
1410834432||1410842623||1210568422||pl||
1411780608||1411784703||1210568422||pl||
1411796992||1411801087||1210568422||pl||
1411801088||1411805183||1210568422||pl||
1411817472||1411821567||1210568422||pl||
1411829760||1411833855||1210568422||pl||
1411940352||1411973119||1210568422||pl||
1422512128||1422516223||1210568422||pl||
1422721024||1422729215||1210568422||pl||
1422761984||1422770175||1210568422||pl||
1424621568||1424625663||1210568422||pl||
1424629760||1424633855||1210568422||pl||
1424633856||1424637951||1210568422||pl||
1424650240||1424654335||1210568422||pl||
1426800640||1426817023||1210568422||pl||
1426997248||1427013631||1210568422||pl||
1427931136||1427947519||1210568422||pl||
1428152320||1428156415||1210568422||pl||
1428156416||1428160511||1210568422||pl||
1431937024||1431945215||1210568422||pl||
1433452544||1433460735||1210568422||pl||
1433731072||1433739263||1210568422||pl||
1434451968||1434484735||1210568422||pl||
1434484736||1434517503||1210568422||pl||
1438760960||1438777343||1210568422||pl||
1439088640||1439105023||1210568422||pl||
1439309824||1439313919||1210568422||pl||
1439313920||1439318015||1210568422||pl||
1439326208||1439330303||1210568422||pl||
1439338496||1439342591||1210568422||pl||
1439354880||1439358975||1210568422||pl||
1440448512||1440481279||1210568422||pl||
1440579584||1440612351||1210568422||pl||
1440612352||1440645119||1210568422||pl||
1441325056||1441333247||1210568422||pl||
1441636352||1441644543||1210568422||pl||
1442775040||1442779135||1210568422||pl||
1442820096||1442824191||1210568422||pl||
1442836480||1442840575||1210568422||pl||
1446985728||1447002111||1210568422||pl||
1447002112||1447010303||1210568422||pl||
1450139648||1450147839||1210568422||pl||
1450166272||1450168319||1210568422||pl||
1450176512||1450178559||1210568422||pl||
1465909248||1465942015||1210568422||pl||
1466105856||1466122239||1210568422||pl||
1466130432||1466138623||1210568422||pl||
1466241024||1466245119||1210568422||pl||
1466245120||1466249215||1210568422||pl||
1466253312||1466257407||1210568422||pl||
1466499072||1466564607||1210568422||pl||
1467269120||1467285503||1210568422||pl||
1467416576||1467432959||1210568422||pl||
1472659456||1472724991||1210568422||pl||
1472987136||1473118207||1210568422||pl||
1473118208||1473249279||1210568422||pl||
1475280896||1475282943||1210568422||pl||
1475291136||1475293183||1210568422||pl||
1475295232||1475297279||1210568422||pl||
1475299328||1475301375||1210568422||pl||
1475303424||1475305471||1210568422||pl||
1475323904||1475325951||1210568422||pl||
1475325952||1475327999||1210568422||pl||
1475330048||1475332095||1210568422||pl||
1475336192||1475338239||1210568422||pl||
1475342336||1475344383||1210568422||pl||
1475788800||1475805183||1210568422||pl||
1475887104||1475895295||1210568422||pl||
1475985408||1475993599||1210568422||pl||
1476042752||1476050943||1210568422||pl||
1476124672||1476132863||1210568422||pl||
1486618624||1486684159||1210568422||pl||
1489436672||1489502207||1210568422||pl||
1490812928||1490878463||1210568422||pl||
1494343680||1494351871||1210568422||pl||
1494843392||1494876159||1210568422||pl||
1495220224||1495222271||1210568422||pl||
1497366528||1498415103||1210568422||pl||
1500223488||1500225535||1210568422||pl||
1500299264||1500315647||1210568422||pl||
1503068160||1503084543||1210568422||pl||
1503723520||1503756287||1210568422||pl||
1503756288||1503789055||1210568422||pl||
1504116736||1504149503||1210568422||pl||
1504378880||1504444415||1210568422||pl||
1504575488||1504641023||1210568422||pl||
1505361920||1505370111||1210568422||pl||
1505484800||1505492991||1210568422||pl||
1505542144||1505550335||1210568422||pl||
1505722368||1505730559||1210568422||pl||
1505730560||1505738751||1210568422||pl||
1506316288||1506318335||1210568422||pl||
1506318336||1506320383||1210568422||pl||
1506320384||1506322431||1210568422||pl||
1506332672||1506334719||1210568422||pl||
1506336768||1506338815||1210568422||pl||
1506672640||1506689023||1210568422||pl||
1508114432||1508376575||1210568422||pl||
1508556800||1508573183||1210568422||pl||
1508769792||1508786175||1210568422||pl||
1508851712||1508868095||1210568422||pl||
1509605376||1509609471||1210568422||pl||
1520173056||1520205823||1210568422||pl||
1532639232||1532641279||1210568422||pl||
1532643328||1532645375||1210568422||pl||
1532647424||1532649471||1210568422||pl||
1532653568||1532655615||1210568422||pl||
1532665856||1532669951||1210568422||pl||
1532669952||1532674047||1210568422||pl||
1532887040||1532952575||1210568422||pl||
1533440000||1533442047||1210568422||pl||
1534828544||1534832639||1210568422||pl||
1534832640||1534836735||1210568422||pl||
1534840832||1534844927||1210568422||pl||
1536081920||1536086015||1210568422||pl||
1536262144||1536278527||1210568422||pl||
1536344064||1536360447||1210568422||pl||
1536540672||1536557055||1210568422||pl||
1536589824||1536598015||1210568422||pl||
1536598016||1536606207||1210568422||pl||
1536606208||1536614399||1210568422||pl||
1539039232||1539047423||1210568422||pl||
1539072000||1539080191||1210568422||pl||
1539112960||1539115007||1210568422||pl||
1539117056||1539119103||1210568422||pl||
1539119104||1539121151||1210568422||pl||
1539121152||1539123199||1210568422||pl||
1539127296||1539129343||1210568422||pl||
1539131392||1539133439||1210568422||pl||
1539147776||1539149823||1210568422||pl||
1539168256||1539170303||1210568422||pl||
1539176448||1539178495||1210568422||pl||
1539309568||1539310591||1210568422||pl||
1539323904||1539324927||1210568422||pl||
1539329024||1539330047||1210568422||pl||
1539332096||1539333119||1210568422||pl||
1539340288||1539341311||1210568422||pl||
1539346432||1539347455||1210568422||pl||
1539351552||1539352575||1210568422||pl||
1539354624||1539355647||1210568422||pl||
1539359744||1539360767||1210568422||pl||
1539361792||1539362815||1210568422||pl||
1539366912||1539367935||1210568422||pl||
1539367936||1539368959||1210568422||pl||
1539373056||1539374079||1210568422||pl||
1539378176||1539379199||1210568422||pl||
1539382272||1539383295||1210568422||pl||
1539388416||1539389439||1210568422||pl||
1539396608||1539397631||1210568422||pl||
1539399680||1539400703||1210568422||pl||
1539400704||1539401727||1210568422||pl||
1539405824||1539406847||1210568422||pl||
1539411968||1539412991||1210568422||pl||
1539416064||1539417087||1210568422||pl||
1539422208||1539423231||1210568422||pl||
1539425280||1539426303||1210568422||pl||
1539428352||1539429375||1210568422||pl||
1539445248||1539445759||1210568422||pl||
1539467776||1539468287||1210568422||pl||
1539471872||1539472383||1210568422||pl||
1539475968||1539476479||1210568422||pl||
1539477504||1539478015||1210568422||pl||
1539480576||1539481087||1210568422||pl||
1539488768||1539489279||1210568422||pl||
1539494400||1539494911||1210568422||pl||
1539499008||1539499519||1210568422||pl||
1539502080||1539502591||1210568422||pl||
1539512832||1539513343||1210568422||pl||
1539516928||1539517439||1210568422||pl||
1539520512||1539521023||1210568422||pl||
1539529728||1539530239||1210568422||pl||
1539533824||1539534335||1210568422||pl||
1539540480||1539540991||1210568422||pl||
1539546624||1539547135||1210568422||pl||
1539554816||1539555327||1210568422||pl||
1539565568||1539566079||1210568422||pl||
1539570176||1539570687||1210568422||pl||
1539573760||1539574783||1210568422||pl||
1539574784||1539575807||1210568422||pl||
1539578880||1539579903||1210568422||pl||
1539584000||1539585023||1210568422||pl||
1539586048||1539587071||1210568422||pl||
1539599360||1539600383||1210568422||pl||
1539625984||1539627007||1210568422||pl||
1539640320||1539641343||1210568422||pl||
1539659776||1539660799||1210568422||pl||
1539675136||1539676159||1210568422||pl||
1539676160||1539677183||1210568422||pl||
1539694592||1539695615||1210568422||pl||
1539706624||1539706879||1210568422||pl||
1539706880||1539707135||1210568422||pl||
1539716352||1539716607||1210568422||pl||
1539716864||1539717119||1210568422||pl||
1539717120||1539717375||1210568422||pl||
1539719424||1539719679||1210568422||pl||
1539721728||1539721983||1210568422||pl||
1539722240||1539722495||1210568422||pl||
1539723264||1539723519||1210568422||pl||
1539725568||1539725823||1210568422||pl||
1539726848||1539727103||1210568422||pl||
1539727616||1539727871||1210568422||pl||
1539728384||1539728639||1210568422||pl||
1539730944||1539731199||1210568422||pl||
1539731200||1539731455||1210568422||pl||
1539732992||1539733247||1210568422||pl||
1539733760||1539734015||1210568422||pl||
1539739904||1539740159||1210568422||pl||
1539740160||1539740415||1210568422||pl||
1539741184||1539741439||1210568422||pl||
1539748096||1539748351||1210568422||pl||
1539748608||1539748863||1210568422||pl||
1539749120||1539749375||1210568422||pl||
1539750400||1539750655||1210568422||pl||
1539752448||1539752703||1210568422||pl||
1539756032||1539756287||1210568422||pl||
1539756288||1539756543||1210568422||pl||
1539759616||1539759871||1210568422||pl||
1539760640||1539760895||1210568422||pl||
1539761664||1539761919||1210568422||pl||
1539762176||1539762431||1210568422||pl||
1539762688||1539762943||1210568422||pl||
1539765504||1539765759||1210568422||pl||
1539765760||1539766015||1210568422||pl||
1539766272||1539766527||1210568422||pl||
1539771392||1539771647||1210568422||pl||
1539773952||1539774207||1210568422||pl||
1539774720||1539774975||1210568422||pl||
1539776000||1539776255||1210568422||pl||
1539779584||1539779839||1210568422||pl||
1539780608||1539780863||1210568422||pl||
1539782912||1539783167||1210568422||pl||
1539790592||1539790847||1210568422||pl||
1539791104||1539791359||1210568422||pl||
1539792640||1539792895||1210568422||pl||
1539793152||1539793407||1210568422||pl||
1539794176||1539794431||1210568422||pl||
1539795200||1539795455||1210568422||pl||
1539798272||1539798527||1210568422||pl||
1539800832||1539801087||1210568422||pl||
1539802112||1539802367||1210568422||pl||
1539804160||1539804415||1210568422||pl||
1539804416||1539804671||1210568422||pl||
1539813376||1539813631||1210568422||pl||
1539817728||1539817983||1210568422||pl||
1539820288||1539820543||1210568422||pl||
1539829760||1539830015||1210568422||pl||
1539831296||1539831551||1210568422||pl||
1539832320||1539832575||1210568422||pl||
1539840000||1539841023||1210568422||pl||
1539842048||1539843071||1210568422||pl||
1539843072||1539844095||1210568422||pl||
1539851264||1539852287||1210568422||pl||
1539853312||1539854335||1210568422||pl||
1539857408||1539858431||1210568422||pl||
1539877888||1539878911||1210568422||pl||
1539880960||1539881983||1210568422||pl||
1539894272||1539895295||1210568422||pl||
1539903488||1539904511||1210568422||pl||
1539910656||1539911679||1210568422||pl||
1539915776||1539916799||1210568422||pl||
1539921920||1539922943||1210568422||pl||
1539930112||1539931135||1210568422||pl||
1539938304||1539939327||1210568422||pl||
1539990528||1539991551||1210568422||pl||
1539996672||1539997695||1210568422||pl||
1540003840||1540004863||1210568422||pl||
1540008960||1540009983||1210568422||pl||
1540009984||1540011007||1210568422||pl||
1540014080||1540015103||1210568422||pl||
1540023296||1540024319||1210568422||pl||
1540034560||1540035583||1210568422||pl||
1540043776||1540044799||1210568422||pl||
1540064256||1540065279||1210568422||pl||
1546285056||1546287103||1210568422||pl||
1546350592||1546352639||1210568422||pl||
1546358784||1546360831||1210568422||pl||
1547157504||1547173887||1210568422||pl||
1547468800||1547472895||1210568422||pl||
1559502848||1559511039||1210568422||pl||
1566162944||1566167039||1210568422||pl||
1566488576||1566490623||1210568422||pl||
1567162368||1567227903||1210568422||pl||
1568571392||1568604159||1210568422||pl||
1571864576||1571880959||1210568422||pl||
1572061184||1572077567||1210568422||pl||
1572175872||1572192255||1210568422||pl||
2488336384||2488401919||1210568422||pl||
2533228544||2533294079||1210568422||pl||
2644377600||2644443135||1210568422||pl||
3238019072||3238035455||1210568422||pl||
3238063104||3238063359||1210568422||pl||
3238064640||3238064895||1210568422||pl||
3238623488||3238623743||1210568422||pl||
3238624000||3238624255||1210568422||pl||
3239076608||3239076863||1210568422||pl||
3239078656||3239078911||1210568422||pl||
3239109888||3239110143||1210568422||pl||
3239110656||3239110911||1210568422||pl||
3239112448||3239112703||1210568422||pl||
3239112704||3239112959||1210568422||pl||
3239116544||3239116799||1210568422||pl||
3239120384||3239120639||1210568422||pl||
3239127296||3239127551||1210568422||pl||
3239130624||3239130879||1210568422||pl||
3239130880||3239131135||1210568422||pl||
3239134976||3239135231||1210568422||pl||
3239138304||3239138559||1210568422||pl||
3239160832||3239161087||1210568422||pl||
3239168768||3239169023||1210568422||pl||
3239171072||3239171327||1210568422||pl||
3239171584||3239171839||1210568422||pl||
3239173888||3239174143||1210568422||pl||
3239266304||3239266815||1210568422||pl||
3239274496||3239275007||1210568422||pl||
3239279104||3239279615||1210568422||pl||
3239279616||3239280127||1210568422||pl||
3239283712||3239284735||1210568422||pl||
3239289856||3239290879||1210568422||pl||
3239302144||3239303167||1210568422||pl||
3239445760||3239446015||1210568422||pl||
3239465728||3239465983||1210568422||pl||
3239467776||3239468031||1210568422||pl||
3239487744||3239487999||1210568422||pl||
3239489280||3239489535||1210568422||pl||
3239508992||3239509247||1210568422||pl||
3239522304||3239522559||1210568422||pl||
3239523072||3239523327||1210568422||pl||
3239523840||3239524095||1210568422||pl||
3239525632||3239525887||1210568422||pl||
3239526144||3239526399||1210568422||pl||
3239542016||3239542271||1210568422||pl||
3239554560||3239554815||1210568422||pl||
3239579136||3239579391||1210568422||pl||
3239581696||3239581951||1210568422||pl||
3239625728||3239626751||1210568422||pl||
3239626752||3239627775||1210568422||pl||
3239627776||3239628799||1210568422||pl||
3239631872||3239632895||1210568422||pl||
3239638016||3239639039||1210568422||pl||
3239641088||3239643135||1210568422||pl||
3239682048||3239682559||1210568422||pl||
3239683584||3239684095||1210568422||pl||
3239684096||3239684607||1210568422||pl||
3239688192||3239688703||1210568422||pl||
3239690496||3239690751||1210568422||pl||
3239697920||3239698175||1210568422||pl||
3239698176||3239698431||1210568422||pl||
3239712000||3239712255||1210568422||pl||
3239713024||3239713279||1210568422||pl||
3239740160||3239740415||1210568422||pl||
3239760384||3239760639||1210568422||pl||
3239760640||3239760895||1210568422||pl||
3239761664||3239761919||1210568422||pl||
3239762944||3239763199||1210568422||pl||
3239773440||3239773695||1210568422||pl||
3239773696||3239773951||1210568422||pl||
3239774208||3239774463||1210568422||pl||
3239793152||3239793663||1210568422||pl||
3239795200||3239795711||1210568422||pl||
3239822848||3239823359||1210568422||pl||
3239824384||3239824895||1210568422||pl||
3239825920||3239826431||1210568422||pl||
3239837696||3239837951||1210568422||pl||
3239859200||3239859455||1210568422||pl||
3239861504||3239861759||1210568422||pl||
3239875584||3239875839||1210568422||pl||
3239878144||3239878399||1210568422||pl||
3239885568||3239885823||1210568422||pl||
3239895552||3239895807||1210568422||pl||
3239896576||3239896831||1210568422||pl||
3239898880||3239899135||1210568422||pl||
3239902208||3239902463||1210568422||pl||
3239915520||3239915775||1210568422||pl||
3239916288||3239916543||1210568422||pl||
3239955712||3239955967||1210568422||pl||
3239956224||3239956479||1210568422||pl||
3239968512||3239968767||1210568422||pl||
3239996672||3239996927||1210568422||pl||
3240009728||3240009983||1210568422||pl||
3240109056||3240109311||1210568422||pl||
3240109312||3240109567||1210568422||pl||
3240166400||3240166911||1210568422||pl||
3240174080||3240174591||1210568422||pl||
3240176128||3240176639||1210568422||pl||
3240180224||3240180735||1210568422||pl||
3240193536||3240194047||1210568422||pl||
3240197120||3240197631||1210568422||pl||
3240209920||3240210431||1210568422||pl||
3240210432||3240210943||1210568422||pl||
3240230912||3240231935||1210568422||pl||
3240242176||3240243199||1210568422||pl||
3240244224||3240245247||1210568422||pl||
3240259584||3240260607||1210568422||pl||
3240266240||3240266751||1210568422||pl||
3240271360||3240271871||1210568422||pl||
3240272384||3240272895||1210568422||pl||
3240276480||3240276991||1210568422||pl||
3240280192||3240280319||1210568422||pl||
3240280320||3240280447||1210568422||pl||
3240281088||3240281215||1210568422||pl||
3240281344||3240281471||1210568422||pl||
3240408832||3240409087||1210568422||pl||
3240463104||3240463359||1210568422||pl||
3240576768||3240577023||1210568422||pl||
3240718336||3240718847||1210568422||pl||
3240748544||3240748799||1210568422||pl||
3240748800||3240749055||1210568422||pl||
3240809216||3240809471||1210568422||pl||
3240811008||3240811263||1210568422||pl||
3240813568||3240814591||1210568422||pl||
3240840448||3240840703||1210568422||pl||
3240843776||3240844031||1210568422||pl||
3240867072||3240867327||1210568422||pl||
3240879104||3240880127||1210568422||pl||
3240882176||3240883199||1210568422||pl||
3241029376||3241029631||1210568422||pl||
3241034752||3241035007||1210568422||pl||
3241063680||3241063935||1210568422||pl||
3241064704||3241064959||1210568422||pl||
3241064960||3241065215||1210568422||pl||
3241065216||3241065471||1210568422||pl||
3241078016||3241078271||1210568422||pl||
3241121536||3241121791||1210568422||pl||
3241123328||3241123583||1210568422||pl||
3241123584||3241123839||1210568422||pl||
3241123840||3241124095||1210568422||pl||
3241124608||3241124863||1210568422||pl||
3241146112||3241146367||1210568422||pl||
3241541376||3241541631||1210568422||pl||
3241863168||3241863423||1210568422||pl||
3241867520||3241867775||1210568422||pl||
3241869312||3241934847||1210568422||pl||
3243515136||3243515391||1210568422||pl||
3243525888||3243526143||1210568422||pl||
3243526656||3243526911||1210568422||pl||
3243527936||3243528191||1210568422||pl||
3243553536||3243553791||1210568422||pl||
3243554304||3243554559||1210568422||pl||
3243570688||3243570943||1210568422||pl||
3243966464||3243970559||1210568422||pl||
3243970560||3243974655||1210568422||pl||
3244110848||3244111871||1210568422||pl||
3244114944||3244115967||1210568422||pl||
3244120064||3244121087||1210568422||pl||
3244121088||3244122111||1210568422||pl||
3244124160||3244125183||1210568422||pl||
3244134400||3244135423||1210568422||pl||
3244137472||3244138495||1210568422||pl||
3244149760||3244150783||1210568422||pl||
3245089280||3245089791||1210568422||pl||
3245125888||3245126143||1210568422||pl||
3245130240||3245130495||1210568422||pl||
3245132288||3245132543||1210568422||pl||
3245133312||3245133567||1210568422||pl||
3245136896||3245137151||1210568422||pl||
3245138944||3245139455||1210568422||pl||
3245169408||3245169663||1210568422||pl||
3245169664||3245169919||1210568422||pl||
3245175552||3245175807||1210568422||pl||
3245177600||3245177855||1210568422||pl||
3245178624||3245178879||1210568422||pl||
3245200384||3245200639||1210568422||pl||
3245203200||3245203455||1210568422||pl||
3245203712||3245203967||1210568422||pl||
3245203968||3245204223||1210568422||pl||
3245208576||3245209087||1210568422||pl||
3245232128||3245232383||1210568422||pl||
3245236224||3245236735||1210568422||pl||
3245236736||3245237247||1210568422||pl||
3245242368||3245243391||1210568422||pl||
3245246720||3245246975||1210568422||pl||
3245248000||3245248255||1210568422||pl||
3245270016||3245271039||1210568422||pl||
3245282816||3245283327||1210568422||pl||
3245283840||3245284351||1210568422||pl||
3245284864||3245285375||1210568422||pl||
3245286400||3245286655||1210568422||pl||
3245286656||3245286911||1210568422||pl||
3245286912||3245287167||1210568422||pl||
3245287168||3245287423||1210568422||pl||
3245287680||3245287935||1210568422||pl||
3245314048||3245315071||1210568422||pl||
3245319680||3245319935||1210568422||pl||
3245321728||3245321983||1210568422||pl||
3245337600||3245337855||1210568422||pl||
3247074816||3247075071||1210568422||pl||
3247076864||3247077119||1210568422||pl||
3247081472||3247082495||1210568422||pl||
3247082496||3247083519||1210568422||pl||
3247099904||3247100927||1210568422||pl||
3247108096||3247109119||1210568422||pl||
3247337216||3247337471||1210568422||pl||
3247337472||3247337727||1210568422||pl||
3247337728||3247337983||1210568422||pl||
3247338240||3247338495||1210568422||pl||
3247362560||3247362815||1210568422||pl||
3247371008||3247371263||1210568422||pl||
3247394048||3247394303||1210568422||pl||
3247405312||3247405567||1210568422||pl||
3247876096||3247876351||1210568422||pl||
3247900672||3247901695||1210568422||pl||
3247904768||3247905791||1210568422||pl||
3247907840||3247908863||1210568422||pl||
3247910912||3247911935||1210568422||pl||
3247911936||3247912959||1210568422||pl||
3247915008||3247916031||1210568422||pl||
3247916032||3247917055||1210568422||pl||
3247918080||3247919103||1210568422||pl||
3247923200||3247924223||1210568422||pl||
3247924224||3247925247||1210568422||pl||
3247927296||3247928319||1210568422||pl||
3248750848||3248751615||1210568422||pl||
3248751616||3248752127||1210568422||pl||
3248752128||3248752383||1210568422||pl||
3248754688||3248758783||1210568422||pl||
3248783616||3248783871||1210568422||pl||
3248786944||3248787199||1210568422||pl||
3248790784||3248791039||1210568422||pl||
3249698048||3249698303||1210568422||pl||
3249701888||3249702143||1210568422||pl||
3249704704||3249704959||1210568422||pl||
3249709312||3249709567||1210568422||pl||
3249710080||3249710335||1210568422||pl||
3249710848||3249711103||1210568422||pl||
3249722624||3249722879||1210568422||pl||
3249722880||3249723135||1210568422||pl||
3249729536||3249730559||1210568422||pl||
3250257664||3250257919||1210568422||pl||
3250323456||3250323711||1210568422||pl||
3250357920||3250357927||1210568422||pl||
3250388224||3250388479||1210568422||pl||
3250407424||3250407935||1210568422||pl||
3250408448||3250408959||1210568422||pl||
3250418688||3250419199||1210568422||pl||
3250601472||3250601983||1210568422||pl||
3250626560||3250634751||1210568422||pl||
3250667520||3250675711||1210568422||pl||
3250697472||3250697727||1210568422||pl||
3251115008||3251115263||1210568422||pl||
3251121664||3251122175||1210568422||pl||
3251126784||3251127295||1210568422||pl||
3251130880||3251131391||1210568422||pl||
3251137536||3251138047||1210568422||pl||
3251140096||3251140607||1210568422||pl||
3251140608||3251141119||1210568422||pl||
3251143936||3251144191||1210568422||pl||
3251147264||3251147519||1210568422||pl||
3251151616||3251151871||1210568422||pl||
3251157504||3251157759||1210568422||pl||
3251157760||3251158015||1210568422||pl||
3251160320||3251160575||1210568422||pl||
3251164928||3251165183||1210568422||pl||
3251165184||3251165439||1210568422||pl||
3251168000||3251168255||1210568422||pl||
3251169280||3251169535||1210568422||pl||
3251169536||3251169791||1210568422||pl||
3251169792||3251170047||1210568422||pl||
3251180032||3251180543||1210568422||pl||
3251184128||3251184383||1210568422||pl||
3251184640||3251184895||1210568422||pl||
3251202304||3251202559||1210568422||pl||
3251210240||3251211263||1210568422||pl||
3251217408||3251217663||1210568422||pl||
3251218176||3251218431||1210568422||pl||
3251270144||3251270399||1210568422||pl||
3251270912||3251271167||1210568422||pl||
3251317760||3251318783||1210568422||pl||
3251320832||3251321855||1210568422||pl||
3251359232||3251359743||1210568422||pl||
3251359744||3251360255||1210568422||pl||
3251363328||3251363839||1210568422||pl||
3252318976||3252319231||1210568422||pl||
3252323328||3252324351||1210568422||pl||
3252327424||3252328447||1210568422||pl||
3252328448||3252329471||1210568422||pl||
3252362240||3252362495||1210568422||pl||
3252382464||3252382719||1210568422||pl||
3252384000||3252384255||1210568422||pl||
3252384256||3252384511||1210568422||pl||
3252387328||3252387583||1210568422||pl||
3252517376||3252517631||1210568422||pl||
3252518400||3252518655||1210568422||pl||
3252585216||3252585471||1210568422||pl||
3252617216||3252617471||1210568422||pl||
3252904960||3252905215||1210568422||pl||
3252906240||3252906495||1210568422||pl||
3252908032||3252908287||1210568422||pl||
3252909056||3252909311||1210568422||pl||
3252910848||3252911103||1210568422||pl||
3252912896||3252913151||1210568422||pl||
3252934656||3252936703||1210568422||pl||
3252980736||3252980991||1210568422||pl||
3252989440||3252989695||1210568422||pl||
3253603328||3253604351||1210568422||pl||
3253604352||3253605375||1210568422||pl||
3253610496||3253611519||1210568422||pl||
3253616640||3253617663||1210568422||pl||
3253618688||3253619711||1210568422||pl||
3253623808||3253624831||1210568422||pl||
3253643264||3253644287||1210568422||pl||
3253644288||3253645311||1210568422||pl||
3253646336||3253647359||1210568422||pl||
3253651456||3253652479||1210568422||pl||
3253675008||3253676031||1210568422||pl||
3253677056||3253678079||1210568422||pl||
3253680128||3253681151||1210568422||pl||
3253681152||3253682175||1210568422||pl||
3253686272||3253687295||1210568422||pl||
3253691392||3253692415||1210568422||pl||
3253697536||3253698559||1210568422||pl||
3253700608||3253701119||1210568422||pl||
3253718016||3253718527||1210568422||pl||
3253718528||3253719039||1210568422||pl||
3253719040||3253719551||1210568422||pl||
3253723136||3253723647||1210568422||pl||
3253728256||3253728767||1210568422||pl||
3253888000||3253888255||1210568422||pl||
3253889024||3253889279||1210568422||pl||
3253964288||3253964799||1210568422||pl||
3253965312||3253965823||1210568422||pl||
3253965824||3253966335||1210568422||pl||
3254804480||3254805503||1210568422||pl||
3254805504||3254806527||1210568422||pl||
3254808576||3254809599||1210568422||pl||
3254812672||3254812927||1210568422||pl||
3254819328||3254819583||1210568422||pl||
3254822656||3254822911||1210568422||pl||
3254823680||3254823935||1210568422||pl||
3254826240||3254826495||1210568422||pl||
3254827520||3254827775||1210568422||pl||
3254830848||3254831103||1210568422||pl||
3254833920||3254834175||1210568422||pl||
3254836224||3254836479||1210568422||pl||
3254839552||3254839807||1210568422||pl||
3254842368||3254842623||1210568422||pl||
3254844160||3254844415||1210568422||pl||
3254882304||3254882559||1210568422||pl||
3254882816||3254883071||1210568422||pl||
3254884608||3254884863||1210568422||pl||
3254896384||3254896639||1210568422||pl||
3254896896||3254897151||1210568422||pl||
3255225344||3255226367||1210568422||pl||
3255234816||3255235071||1210568422||pl||
3255235840||3255236095||1210568422||pl||
3255236096||3255236351||1210568422||pl||
3255307776||3255308031||1210568422||pl||
3255315712||3255316223||1210568422||pl||
3255321088||3255321599||1210568422||pl||
3255373824||3255374335||1210568422||pl||
3255375872||3255376383||1210568422||pl||
3255381504||3255382015||1210568422||pl||
3255383040||3255383551||1210568422||pl||
3255386624||3255387135||1210568422||pl||
3255389696||3255390207||1210568422||pl||
3255412304||3255412339||1210568422||pl||
3255426816||3255427071||1210568422||pl||
3256394752||3256395263||1210568422||pl||
3256397312||3256397823||1210568422||pl||
3256398848||3256399359||1210568422||pl||
3256413696||3256414207||1210568422||pl||
3256415232||3256415743||1210568422||pl||
3256713216||3256726527||1210568422||pl||
3256726528||3256727551||1210568422||pl||
3256787968||3256788223||1210568422||pl||
3256791808||3256792063||1210568422||pl||
3256793344||3256793599||1210568422||pl||
3256989952||3256990207||1210568422||pl||
3256990464||3256990719||1210568422||pl||
3257058816||3257059071||1210568422||pl||
3257181440||3257181695||1210568422||pl||
3257182208||3257182463||1210568422||pl||
3257542656||3257542911||1210568422||pl||
3257560576||3257561087||1210568422||pl||
3257562112||3257562623||1210568422||pl||
3257562624||3257563135||1210568422||pl||
3257563136||3257563647||1210568422||pl||
3257980928||3257981183||1210568422||pl||
3257981696||3257981951||1210568422||pl||
3258066176||3258066431||1210568422||pl||
3258069248||3258069503||1210568422||pl||
3258070272||3258070527||1210568422||pl||
3258072320||3258072575||1210568422||pl||
3258075904||3258076159||1210568422||pl||
3258077952||3258078207||1210568422||pl||
3258079488||3258079743||1210568422||pl||
3258084864||3258085119||1210568422||pl||
3258088192||3258088447||1210568422||pl||
3258102784||3258103039||1210568422||pl||
3258104320||3258104575||1210568422||pl||
3258111488||3258111743||1210568422||pl||
3258121216||3258121471||1210568422||pl||
3258322944||3258323967||1210568422||pl||
3258323968||3258324991||1210568422||pl||
3258324992||3258326015||1210568422||pl||
3258340352||3258341375||1210568422||pl||
3258366976||3258367999||1210568422||pl||
3258503936||3258504191||1210568422||pl||
3258732288||3258732543||1210568422||pl||
3258941440||3258942463||1210568422||pl||
3258942464||3258943487||1210568422||pl||
3259354880||3259355135||1210568422||pl||
3259963392||3259964415||1210568422||pl||
3260547840||3260548095||1210568422||pl||
3260550144||3260550399||1210568422||pl||
3260579840||3260580351||1210568422||pl||
3260586496||3260587007||1210568422||pl||
3260587520||3260588031||1210568422||pl||
3260601856||3260602367||1210568422||pl||
3260604416||3260604927||1210568422||pl||
3260609536||3260610047||1210568422||pl||
3260809216||3260874751||1210568422||pl||
3261694976||3261695487||1210568422||pl||
3261775872||3261776383||1210568422||pl||
3261776896||3261777407||1210568422||pl||
3261777920||3261778431||1210568422||pl||
3261780480||3261780991||1210568422||pl||
3261781504||3261782015||1210568422||pl||
3261796864||3261797119||1210568422||pl||
3261822976||3261823231||1210568422||pl||
3261824000||3261824255||1210568422||pl||
3261995520||3261995775||1210568422||pl||
3262008576||3262008831||1210568422||pl||
3262018560||3262018815||1210568422||pl||
3262021376||3262021631||1210568422||pl||
3262040064||3262040319||1210568422||pl||
3262049792||3262050047||1210568422||pl||
3262050048||3262050303||1210568422||pl||
3262050304||3262050559||1210568422||pl||
3262287872||3262288895||1210568422||pl||
3262288896||3262289919||1210568422||pl||
3262415360||3262415871||1210568422||pl||
3262415872||3262416383||1210568422||pl||
3262416384||3262416895||1210568422||pl||
3262417408||3262417919||1210568422||pl||
3262428672||3262429183||1210568422||pl||
3262431232||3262431743||1210568422||pl||
3262445568||3262446079||1210568422||pl||
3262446592||3262447103||1210568422||pl||
3262505984||3262506495||1210568422||pl||
3262509056||3262509567||1210568422||pl||
3263074816||3263075327||1210568422||pl||
3263079424||3263080447||1210568422||pl||
3263090432||3263090687||1210568422||pl||
3263091200||3263091455||1210568422||pl||
3263092736||3263092991||1210568422||pl||
3263094016||3263094271||1210568422||pl||
3263094272||3263094527||1210568422||pl||
3263096064||3263096319||1210568422||pl||
3263098368||3263098623||1210568422||pl||
3264014592||3264014847||1210568422||pl||
3264016640||3264016895||1210568422||pl||
3264018944||3264019199||1210568422||pl||
3264020224||3264020479||1210568422||pl||
3264307200||3264311295||1210568422||pl||
3264312320||3264312575||1210568422||pl||
3264329728||3264330751||1210568422||pl||
3264334848||3264335359||1210568422||pl||
3264340224||3264340479||1210568422||pl||
3264340992||3264341247||1210568422||pl||
3264341248||3264341503||1210568422||pl||
3264378880||3264379135||1210568422||pl||
3264380928||3264381951||1210568422||pl||
3264403456||3264404479||1210568422||pl||
3264411648||3264412671||1210568422||pl||
3264412672||3264413695||1210568422||pl||
3264567296||3264567551||1210568422||pl||
3264603136||3264604159||1210568422||pl||
3264606208||3264606463||1210568422||pl||
3264634880||3264635903||1210568422||pl||
3264635904||3264636927||1210568422||pl||
3264652800||3264653311||1210568422||pl||
3264657408||3264657919||1210568422||pl||
3264660480||3264660991||1210568422||pl||
3264663040||3264663551||1210568422||pl||
3264669184||3264669695||1210568422||pl||
3264671232||3264671743||1210568422||pl||
3264673280||3264673791||1210568422||pl||
3264674304||3264674815||1210568422||pl||
3264831232||3264831487||1210568422||pl||
3264836352||3264836607||1210568422||pl||
3264837376||3264837631||1210568422||pl||
3264840960||3264841215||1210568422||pl||
3264841216||3264841471||1210568422||pl||
3264846208||3264846335||1210568422||pl||
3264847616||3264847679||1210568422||pl||
3264850432||3264850687||1210568422||pl||
3264862208||3264862463||1210568422||pl||
3265603840||3265604095||1210568422||pl||
3265605632||3265605887||1210568422||pl||
3265607168||3265607423||1210568422||pl||
3265887744||3265887999||1210568422||pl||
3265888000||3265888255||1210568422||pl||
3265910016||3265910271||1210568422||pl||
3265911808||3265912063||1210568422||pl||
3265913344||3265913599||1210568422||pl||
3265913600||3265913855||1210568422||pl||
3265913856||3265914111||1210568422||pl||
3265914112||3265914367||1210568422||pl||
3265915904||3265916159||1210568422||pl||
3265916160||3265916415||1210568422||pl||
3265917184||3265917439||1210568422||pl||
3266340096||3266340351||1210568422||pl||
3266340352||3266340607||1210568422||pl||
3266641920||3266707455||1210568422||pl||
3266781184||3266789375||1210568422||pl||
3267045376||3267046399||1210568422||pl||
3267048448||3267049471||1210568422||pl||
3267053568||3267054591||1210568422||pl||
3267064832||3267065855||1210568422||pl||
3267072000||3267073023||1210568422||pl||
3267078144||3267079167||1210568422||pl||
3267081216||3267082239||1210568422||pl||
3267086336||3267087359||1210568422||pl||
3267095552||3267096575||1210568422||pl||
3268182016||3268190207||1210568422||pl||
3268190208||3268198399||1210568422||pl||
3268739328||3268739583||1210568422||pl||
3268743424||3268743679||1210568422||pl||
3268744704||3268744959||1210568422||pl||
3270649600||3270649855||1210568422||pl||
3270652928||3270653183||1210568422||pl||
3270655488||3270655743||1210568422||pl||
3270666240||3270667263||1210568422||pl||
3270911936||3270911967||1210568422||pl||
3270926848||3270927103||1210568422||pl||
3270928896||3270929407||1210568422||pl||
3270933504||3270934015||1210568422||pl||
3271753216||3271753727||1210568422||pl||
3271792640||3271793663||1210568422||pl||
3271804928||3271805951||1210568422||pl||
3271810048||3271811071||1210568422||pl||
3271813120||3271814143||1210568422||pl||
3271929856||3271930111||1210568422||pl||
3271931136||3271931391||1210568422||pl||
3271931392||3271931647||1210568422||pl||
3271932928||3271933183||1210568422||pl||
3272106240||3272106495||1210568422||pl||
3272106752||3272107007||1210568422||pl||
3272107264||3272107519||1210568422||pl||
3272108544||3272108799||1210568422||pl||
3272108800||3272109055||1210568422||pl||
3272113408||3272113663||1210568422||pl||
3272114176||3272122367||1210568422||pl||
3272136704||3272137215||1210568422||pl||
3272137728||3272138239||1210568422||pl||
3272351744||3272352767||1210568422||pl||
3272418688||3272418815||1210568422||pl||
3272418816||3272419327||1210568422||pl||
3272420864||3272420991||1210568422||pl||
3272475392||3272475647||1210568422||pl||
3272475648||3272475903||1210568422||pl||
3272477440||3272477695||1210568422||pl||
3272628224||3272629247||1210568422||pl||
3272867840||3272868863||1210568422||pl||
3272896000||3272896511||1210568422||pl||
3272922112||3272922623||1210568422||pl||
3272923648||3272924159||1210568422||pl||
3273023488||3273024511||1210568422||pl||
3273028608||3273029631||1210568422||pl||
3273030656||3273031679||1210568422||pl||
3273193472||3273193983||1210568422||pl||
3273264128||3273264639||1210568422||pl||
3273266688||3273267199||1210568422||pl||
3273267200||3273267455||1210568422||pl||
3273267456||3273267487||1210568422||pl||
3273267488||3273267519||1210568422||pl||
3273267520||3273267583||1210568422||pl||
3273267584||3273267647||1210568422||pl||
3273267648||3273267711||1210568422||pl||
3273279488||3273280511||1210568422||pl||
3273280512||3273281535||1210568422||pl||
3273396224||3273396735||1210568422||pl||
3273435648||3273436159||1210568422||pl||
3273437696||3273438207||1210568422||pl||
3273438720||3273439231||1210568422||pl||
3273805824||3273806335||1210568422||pl||
3273838592||3273839615||1210568422||pl||
3273840640||3273841663||1210568422||pl||
3273871360||3273871615||1210568422||pl||
3274050560||3274051583||1210568422||pl||
3274055424||3274055679||1210568422||pl||
3274166272||3274166783||1210568422||pl||
3274168320||3274168831||1210568422||pl||
3274334720||3274335231||1210568422||pl||
3274338304||3274338815||1210568422||pl||
3274348544||3274349055||1210568422||pl||
3274373376||3274373631||1210568422||pl||
3274582016||3274583039||1210568422||pl||
3274688768||3274689023||1210568422||pl||
3274689280||3274689535||1210568422||pl||
3274695424||3274695679||1210568422||pl||
3274698496||3274698751||1210568422||pl||
3274700288||3274700543||1210568422||pl||
3275505664||3275506175||1210568422||pl||
3275509856||3275509887||1210568422||pl||
3275509920||3275509951||1210568422||pl||
3275512704||3275512831||1210568422||pl||
3275512960||3275513023||1210568422||pl||
3275513344||3275513471||1210568422||pl||
3275544576||3275545599||1210568422||pl||
3275550720||3275551743||1210568422||pl||
3275623424||3275623935||1210568422||pl||
3275628032||3275628543||1210568422||pl||
3275630592||3275631103||1210568422||pl||
3275784704||3275785215||1210568422||pl||
3275789824||3275790335||1210568422||pl||
3275791872||3275792383||1210568422||pl||
3275795968||3275796479||1210568422||pl||
3275886592||3275888639||1210568422||pl||
3275899648||3275899903||1210568422||pl||
3275899904||3275900159||1210568422||pl||
3275901184||3275901439||1210568422||pl||
3275904512||3275904767||1210568422||pl||
3275905024||3275905279||1210568422||pl||
3275907584||3275907839||1210568422||pl||
3275908864||3275909119||1210568422||pl||
3275912192||3275912447||1210568422||pl||
3275919360||3275919871||1210568422||pl||
3276062720||3276063231||1210568422||pl||
3276071424||3276071935||1210568422||pl||
3276072960||3276073471||1210568422||pl||
3276099584||3276100607||1210568422||pl||
3276110848||3276111871||1210568422||pl||
3276136448||3276137471||1210568422||pl||
3276313600||3276314623||1210568422||pl||
3276419072||3276420095||1210568422||pl||
3276421120||3276422143||1210568422||pl||
3276423168||3276423423||1210568422||pl||
3276424448||3276424703||1210568422||pl||
3276427008||3276427263||1210568422||pl||
3276430080||3276430335||1210568422||pl||
3276430336||3276430591||1210568422||pl||
3276681216||3276681727||1210568422||pl||
3276685824||3276686335||1210568422||pl||
3276729344||3276730367||1210568422||pl||
3276858624||3276858879||1210568422||pl||
3276860416||3276860671||1210568422||pl||
3276860672||3276860927||1210568422||pl||
3276972032||3276980223||1210568422||pl||
3277177600||3277177855||1210568422||pl||
3277177856||3277178111||1210568422||pl||
3277178624||3277178879||1210568422||pl||
3277181184||3277181439||1210568422||pl||
3277185792||3277186047||1210568422||pl||
3277186560||3277186815||1210568422||pl||
3277189376||3277189631||1210568422||pl||
3277189888||3277190143||1210568422||pl||
3277191424||3277191679||1210568422||pl||
3277192192||3277192447||1210568422||pl||
3277481472||3277481983||1210568422||pl||
3277482496||3277483007||1210568422||pl||
3277487616||3277488127||1210568422||pl||
3277686272||3277686783||1210568422||pl||
3277688320||3277688831||1210568422||pl||
3277693440||3277693951||1210568422||pl||
3277697536||3277698047||1210568422||pl||
3277703680||3277704191||1210568422||pl||
3277708800||3277709311||1210568422||pl||
3277710848||3277711359||1210568422||pl||
3277715968||3277716479||1210568422||pl||
3277766656||3277774847||1210568422||pl||
3277816064||3277816319||1210568422||pl||
3277819904||3277820159||1210568422||pl||
3277822464||3277822719||1210568422||pl||
3277825024||3277825279||1210568422||pl||
3277826304||3277826559||1210568422||pl||
3277826560||3277826815||1210568422||pl||
3277829632||3277829887||1210568422||pl||
3277830656||3277830911||1210568422||pl||
3277831168||3277831423||1210568422||pl||
3277842944||3277843455||1210568422||pl||
3279028224||3279028735||1210568422||pl||
3279029248||3279029759||1210568422||pl||
3279054848||3279055359||1210568422||pl||
3279060480||3279060991||1210568422||pl||
3279069184||3279077375||1210568422||pl||
3279159296||3279224831||1210568422||pl||
3279224832||3279290367||1210568422||pl||
3279952896||3279953919||1210568422||pl||
3279974400||3279976447||1210568422||pl||
3279989760||3279990271||1210568422||pl||
3279991808||3279992319||1210568422||pl||
3280004096||3280004607||1210568422||pl||
3280007680||3280008191||1210568422||pl||
3280470016||3280535551||1210568422||pl||
3280576768||3280577023||1210568422||pl||
3280577024||3280577279||1210568422||pl||
3280578560||3280578815||1210568422||pl||
3280583936||3280584191||1210568422||pl||
3280588800||3280589311||1210568422||pl||
3280598528||3280599039||1210568422||pl||
3280652288||3280652543||1210568422||pl||
3280654336||3280654591||1210568422||pl||
3280655104||3280655359||1210568422||pl||
3280771072||3280772095||1210568422||pl||
3280780288||3280781311||1210568422||pl||
3280788480||3280789503||1210568422||pl||
3280792576||3280793599||1210568422||pl||
3280996608||3280996863||1210568422||pl||
3281338368||3281338623||1210568422||pl||
3281339392||3281339647||1210568422||pl||
3281341696||3281341951||1210568422||pl||
3281344000||3281344255||1210568422||pl||
3281346304||3281346559||1210568422||pl||
3281347072||3281347327||1210568422||pl||
3281347584||3281347839||1210568422||pl||
3281352192||3281352447||1210568422||pl||
3281353728||3281353983||1210568422||pl||
3281379328||3281381375||1210568422||pl||
3281381376||3281383423||1210568422||pl||
3281387520||3281453055||1210568422||pl||
3281969664||3281970175||1210568422||pl||
3281974784||3281975295||1210568422||pl||
3282087424||3282087935||1210568422||pl||
3282088448||3282088959||1210568422||pl||
3282088960||3282089471||1210568422||pl||
3282089984||3282090495||1210568422||pl||
3282305024||3282370559||1210568422||pl||
3282744576||3282744831||1210568422||pl||
3282744832||3282745087||1210568422||pl||
3282746368||3282746623||1210568422||pl||
3282747136||3282747391||1210568422||pl||
3283173376||3283174399||1210568422||pl||
3283178496||3283179519||1210568422||pl||
3283182592||3283183615||1210568422||pl||
3283207168||3283207679||1210568422||pl||
3283210752||3283211263||1210568422||pl||
3283251712||3283252223||1210568422||pl||
3283253760||3283254271||1210568422||pl||
3283486976||3283487231||1210568422||pl||
3283488256||3283488511||1210568422||pl||
3283489536||3283489791||1210568422||pl||
3283489792||3283490047||1210568422||pl||
3283490560||3283490815||1210568422||pl||
3283540480||3283540991||1210568422||pl||
3283636736||3283637247||1210568422||pl||
3283638272||3283638783||1210568422||pl||
3283812352||3283877887||1210568422||pl||
3283951616||3283952639||1210568422||pl||
3283953664||3283954687||1210568422||pl||
3283956736||3283957759||1210568422||pl||
3283962880||3283963903||1210568422||pl||
3283985920||3283986431||1210568422||pl||
3284002304||3284002815||1210568422||pl||
3284009216||3284009471||1210568422||pl||
3284013312||3284013567||1210568422||pl||
3284686848||3284687359||1210568422||pl||
3284715264||3284715519||1210568422||pl||
3284717056||3284717311||1210568422||pl||
3284718592||3284718847||1210568422||pl||
3284719104||3284719359||1210568422||pl||
3284992000||3285057535||1210568422||pl||
3285086208||3285087231||1210568422||pl||
3285087232||3285088255||1210568422||pl||
3285089280||3285090303||1210568422||pl||
3285328384||3285328895||1210568422||pl||
3285737472||3285745663||1210568422||pl||
3286131712||3286132735||1210568422||pl||
3286134784||3286135807||1210568422||pl||
3286311936||3286312447||1210568422||pl||
3286315008||3286315519||1210568422||pl||
3286317568||3286318079||1210568422||pl||
3286320128||3286321151||1210568422||pl||
3286322176||3286323199||1210568422||pl||
3286326272||3286327295||1210568422||pl||
3286333440||3286334463||1210568422||pl||
3286348800||3286349823||1210568422||pl||
3286356992||3286358015||1210568422||pl||
3286365184||3286366207||1210568422||pl||
3286366208||3286367231||1210568422||pl||
3286659328||3286659583||1210568422||pl||
3286661120||3286661375||1210568422||pl||
3286902784||3286903039||1210568422||pl||
3286908672||3286908927||1210568422||pl||
3286928640||3286928895||1210568422||pl||
3286934528||3286934783||1210568422||pl||
3286940928||3286941183||1210568422||pl||
3287171584||3287172095||1210568422||pl||
3287172608||3287173119||1210568422||pl||
3287196672||3287197695||1210568422||pl||
3287197696||3287198719||1210568422||pl||
3287201792||3287202815||1210568422||pl||
3287212800||3287213055||1210568422||pl||
3287213056||3287213311||1210568422||pl||
3287215104||3287215359||1210568422||pl||
3287217408||3287217663||1210568422||pl||
3287217920||3287218175||1210568422||pl||
3287434240||3287434751||1210568422||pl||
3287439872||3287440383||1210568422||pl||
3287440384||3287440895||1210568422||pl||
3287442432||3287442943||1210568422||pl||
3287444480||3287444991||1210568422||pl||
3287446528||3287447039||1210568422||pl||
3287448576||3287449087||1210568422||pl||
3287451136||3287451647||1210568422||pl||
3287476224||3287477247||1210568422||pl||
3287481344||3287482367||1210568422||pl||
3287554560||3287555071||1210568422||pl||
3287630848||3287631359||1210568422||pl||
3287634944||3287635455||1210568422||pl||
3287637504||3287638015||1210568422||pl||
3287664128||3287664383||1210568422||pl||
3287665408||3287665663||1210568422||pl||
3287665664||3287665919||1210568422||pl||
3287667968||3287668223||1210568422||pl||
3287668992||3287669247||1210568422||pl||
3287670272||3287670527||1210568422||pl||
3287670784||3287671039||1210568422||pl||
3287671296||3287671551||1210568422||pl||
3287730176||3287730431||1210568422||pl||
3287734272||3287734527||1210568422||pl||
3287736320||3287736831||1210568422||pl||
3287828480||3287828735||1210568422||pl||
3287832576||3287832831||1210568422||pl||
3287867904||3287868415||1210568422||pl||
3287871488||3287871999||1210568422||pl||
3287873024||3287873535||1210568422||pl||
3287875072||3287875583||1210568422||pl||
3287950592||3287950847||1210568422||pl||
3287954944||3287955199||1210568422||pl||
3288238592||3288239103||1210568422||pl||
3288243200||3288243711||1210568422||pl||
3556925440||3556933631||1210568422||pl||
3557687296||3557695487||1210568422||pl||
3557695488||3557703679||1210568422||pl||
3558948864||3558957055||1210568422||pl||
3559309312||3559317503||1210568422||pl||
3560161280||3560169471||1210568422||pl||
3561193472||3561201663||1210568422||pl||
3561308160||3561316351||1210568422||pl||
3561709568||3561717759||1210568422||pl||
3561758720||3561766911||1210568422||pl||
3561840640||3561848831||1210568422||pl||
3562364928||3562373119||1210568422||pl||
3562471424||3562479615||1210568422||pl||
3562528768||3562536959||1210568422||pl||
3563716608||3563724799||1210568422||pl||
3563749376||3563765759||1210568422||pl||
3563945984||3563954175||1210568422||pl||
3564814336||3564822527||1210568422||pl||
3565027328||3565035519||1210568422||pl||
3565109248||3565117439||1210568422||pl||
3567255552||3567321087||1210568422||pl||
3568599040||3568631807||1210568422||pl||
3568697344||3568730111||1210568422||pl||
3569287168||3569352703||1210568422||pl||
3570106368||3570139135||1210568422||pl||
3572760576||3572826111||1210568422||pl||
3574693888||3574726655||1210568422||pl||
3575185408||3575250943||1210568422||pl||
3578331136||3578339327||1210568422||pl||
3578527744||3578593279||1210568422||pl||
3578593280||3578658815||1210568422||pl||
3579609088||3579641855||1210568422||pl||
3582361600||3582369791||1210568422||pl||
3582369792||3582377983||1210568422||pl||
3582402560||3582410751||1210568422||pl||
3582517248||3582525439||1210568422||pl||
3583123456||3583131647||1210568422||pl||
3583746048||3583754239||1210568422||pl||
3583795200||3583803391||1210568422||pl||
3583950848||3583959039||1210568422||pl||
3584122880||3584131071||1210568422||pl||
3584860160||3584868351||1210568422||pl||
3585376256||3585384447||1210568422||pl||
3585605632||3585613823||1210568422||pl||
3585753088||3585761279||1210568422||pl||
3586146304||3586162687||1210568422||pl||
3586359296||3586375679||1210568422||pl||
3586637824||3586654207||1210568422||pl||
3587719168||3587735551||1210568422||pl||
3587850240||3587866623||1210568422||pl||
3588145152||3588161535||1210568422||pl||
3588440064||3588456447||1210568422||pl||
3588734976||3588751359||1210568422||pl||
3589160960||3589177343||1210568422||pl||
3589341184||3589373951||1210568422||pl||
3641221120||3641225215||1210568422||pl||
3641225216||3641229311||1210568422||pl||
3641286656||3641290751||1210568422||pl||
3641290752||3641294847||1210568422||pl||
3641409536||3641413631||1210568422||pl||
3641413632||3641417727||1210568422||pl||
3641778176||3641782271||1210568422||pl||
3641925632||3641929727||1210568422||pl||
3642527744||3642531839||1210568422||pl||
3642654720||3642658815||1210568422||pl||
3642658816||3642662911||1210568422||pl||
3645095936||3645100031||1210568422||pl||
3645100032||3645104127||1210568422||pl||
3645255680||3645259775||1210568422||pl||
3645521920||3645526015||1210568422||pl||
3645583360||3645587455||1210568422||pl||
3645665280||3645669375||1210568422||pl||
3645870080||3645874175||1210568422||pl||
3646947328||3647209471||1210568422||pl||
3648094208||3648098303||1210568422||pl||
3648098304||3648102399||1210568422||pl||
3648118784||3648122879||1210568422||pl||
3648282624||3648286719||1210568422||pl||
3648356352||3648360447||1210568422||pl||
3648471040||3648475135||1210568422||pl||
3650142208||3650146303||1210568422||pl||
3650146304||3650150399||1210568422||pl||
3650265088||3650269183||1210568422||pl||
3650482176||3650486271||1210568422||pl||
3650682880||3650715647||1210568422||pl||
3650715648||3650748415||1210568422||pl||
3651698688||3651702783||1210568422||pl||
3651715072||3651719167||1210568422||pl||
3651874816||3651878911||1210568422||pl||
3651985408||3651989503||1210568422||pl||
3651989504||3651993599||1210568422||pl||
3652034560||3652038655||1210568422||pl||
3652038656||3652042751||1210568422||pl||
3652042752||3652046847||1210568422||pl||
3653582848||3653586943||1210568422||pl||
3653607424||3653611519||1210568422||pl||
