--||--||--||ru||Russia
1040547840||1040580607||1210568422||ru||
1041244160||1041252351||1210568422||ru||
1041252352||1041260543||1210568422||ru||
1041260544||1041268735||1210568422||ru||
1042300928||1042309119||1210568422||ru||
1042350080||1042415615||1210568422||ru||
1044185088||1044193279||1210568422||ru||
1044332544||1044348927||1210568422||ru||
1044381696||1044389887||1210568422||ru||
1044676608||1044684799||1210568422||ru||
1044709376||1044717567||1210568422||ru||
1045168128||1045233663||1210568422||ru||
1045716992||1045725183||1210568422||ru||
1046069248||1046085631||1210568422||ru||
1046904832||1046937599||1210568422||ru||
1047068672||1047076863||1210568422||ru||
1047076864||1047085055||1210568422||ru||
1047101440||1047109631||1210568422||ru||
1047158784||1047166975||1210568422||ru||
1047371776||1047379967||1210568422||ru||
1047552000||1047560191||1210568422||ru||
1047601152||1047609343||1210568422||ru||
1047609344||1047625727||1210568422||ru||
1047871488||1047887871||1210568422||ru||
1047920640||1047986175||1210568422||ru||
1048944640||1048952831||1210568422||ru||
1049419776||1049427967||1210568422||ru||
1049444352||1049460735||1210568422||ru||
1049886720||1049894911||1210568422||ru||
1049919488||1049927679||1210568422||ru||
1049944064||1049952255||1210568422||ru||
1050157056||1050165247||1210568422||ru||
1050165248||1050173439||1210568422||ru||
1051009024||1051017215||1210568422||ru||
1051254784||1051262975||1210568422||ru||
1051557888||1051566079||1210568422||ru||
1051721728||1051729919||1210568422||ru||
1051795456||1051803647||1210568422||ru||
1052057600||1052065791||1210568422||ru||
1052116992||1052119039||1210568422||ru||
1052121088||1052123135||1210568422||ru||
1052123136||1052125183||1210568422||ru||
1052125184||1052127231||1210568422||ru||
1052127232||1052129279||1210568422||ru||
1052131328||1052133375||1210568422||ru||
1052133376||1052135423||1210568422||ru||
1052137472||1052139519||1210568422||ru||
1052141568||1052143615||1210568422||ru||
1052149760||1052151807||1210568422||ru||
1052151808||1052153855||1210568422||ru||
1052164096||1052166143||1210568422||ru||
1052166144||1052168191||1210568422||ru||
1052168192||1052170239||1210568422||ru||
1052180480||1052213247||1210568422||ru||
1052778496||1052786687||1210568422||ru||
1052811264||1052819455||1210568422||ru||
1052827648||1052835839||1210568422||ru||
1053663232||1053671423||1210568422||ru||
1054089216||1054097407||1210568422||ru||
1054146560||1054154751||1210568422||ru||
1054154752||1054162943||1210568422||ru||
1054162944||1054179327||1210568422||ru||
1054449664||1054457855||1210568422||ru||
1055326208||1055334399||1210568422||ru||
1055367168||1055375359||1210568422||ru||
1294073856||1294204927||1210568422||ru||
1294303232||1294335999||1210568422||ru||
1294401536||1294434303||1210568422||ru||
1294467072||1294499839||1210568422||ru||
1294532608||1294565375||1210568422||ru||
1294565376||1294598143||1210568422||ru||
1294696448||1294729215||1210568422||ru||
1294827520||1294860287||1210568422||ru||
1295122432||1295187967||1210568422||ru||
1295187968||1295253503||1210568422||ru||
1296203776||1296236543||1210568422||ru||
1296568320||1296570367||1210568422||ru||
1296584704||1296586751||1210568422||ru||
1296594944||1296596991||1210568422||ru||
1296599040||1296601087||1210568422||ru||
1296625664||1296627711||1210568422||ru||
1296627712||1296629759||1210568422||ru||
1296635904||1296637951||1210568422||ru||
1296642048||1296644095||1210568422||ru||
1296646144||1296648191||1210568422||ru||
1296652288||1296654335||1210568422||ru||
1296656384||1296658431||1210568422||ru||
1296662528||1296664575||1210568422||ru||
1296664576||1296666623||1210568422||ru||
1296689152||1296691199||1210568422||ru||
1296697344||1296699391||1210568422||ru||
1296701440||1296703487||1210568422||ru||
1296713728||1296715775||1210568422||ru||
1296740352||1296742399||1210568422||ru||
1296742400||1296744447||1210568422||ru||
1296762880||1296764927||1210568422||ru||
1296793600||1296795647||1210568422||ru||
1296799744||1296801791||1210568422||ru||
1296803840||1296805887||1210568422||ru||
1297055744||1297072127||1210568422||ru||
1297219584||1297285119||1210568422||ru||
1297571840||1297573887||1210568422||ru||
1297575936||1297577983||1210568422||ru||
1297590272||1297592319||1210568422||ru||
1297600512||1297602559||1210568422||ru||
1297612800||1297629183||1210568422||ru||
1297825792||1297842175||1210568422||ru||
1297858560||1297860607||1210568422||ru||
1297866752||1297868799||1210568422||ru||
1297965056||1297973247||1210568422||ru||
1298006016||1298014207||1210568422||ru||
1298014208||1298022399||1210568422||ru||
1298030592||1298038783||1210568422||ru||
1298046976||1298055167||1210568422||ru||
1298055168||1298063359||1210568422||ru||
1298073600||1298075647||1210568422||ru||
1298094080||1298096127||1210568422||ru||
1298104320||1298106367||1210568422||ru||
1298116608||1298118655||1210568422||ru||
1298122752||1298124799||1210568422||ru||
1298759680||1298776063||1210568422||ru||
1298792448||1298808831||1210568422||ru||
1298808832||1298825215||1210568422||ru||
1298841600||1298857983||1210568422||ru||
1298939904||1298956287||1210568422||ru||
1298972672||1298989055||1210568422||ru||
1306271744||1306279935||1210568422||ru||
1306296320||1306304511||1210568422||ru||
1306304512||1306312703||1210568422||ru||
1306361856||1306370047||1210568422||ru||
1306378240||1306386431||1210568422||ru||
1306402816||1306411007||1210568422||ru||
1306419200||1306427391||1210568422||ru||
1306476544||1306484735||1210568422||ru||
1306484736||1306492927||1210568422||ru||
1307049984||1307058175||1210568422||ru||
1307082752||1307090943||1210568422||ru||
1307115520||1307123711||1210568422||ru||
1307156480||1307164671||1210568422||ru||
1307164672||1307172863||1210568422||ru||
1307181056||1307189247||1210568422||ru||
1307230208||1307238399||1210568422||ru||
1307295744||1307303935||1210568422||ru||
1307320320||1307328511||1210568422||ru||
1307328512||1307336703||1210568422||ru||
1307344896||1307353087||1210568422||ru||
1307369472||1307377663||1210568422||ru||
1307459584||1307467775||1210568422||ru||
1307467776||1307475967||1210568422||ru||
1307475968||1307484159||1210568422||ru||
1307500544||1307508735||1210568422||ru||
1307557888||1307566079||1210568422||ru||
1307566080||1307574271||1210568422||ru||
1307611136||1307615231||1210568422||ru||
1307615232||1307619327||1210568422||ru||
1307643904||1307647999||1210568422||ru||
1307648000||1307652095||1210568422||ru||
1307676672||1307680767||1210568422||ru||
1307701248||1307705343||1210568422||ru||
1307705344||1307709439||1210568422||ru||
1307729920||1307734015||1210568422||ru||
1307770880||1307774975||1210568422||ru||
1307795456||1307799551||1210568422||ru||
1307799552||1307803647||1210568422||ru||
1307832320||1307836415||1210568422||ru||
1307840512||1307844607||1210568422||ru||
1307852800||1307856895||1210568422||ru||
1307877376||1307881471||1210568422||ru||
1307889664||1307893759||1210568422||ru||
1307930624||1307934719||1210568422||ru||
1307942912||1307947007||1210568422||ru||
1307951104||1307955199||1210568422||ru||
1307955200||1307959295||1210568422||ru||
1307992064||1307996159||1210568422||ru||
1308004352||1308008447||1210568422||ru||
1308024832||1308028927||1210568422||ru||
1308028928||1308033023||1210568422||ru||
1308041216||1308045311||1210568422||ru||
1308045312||1308049407||1210568422||ru||
1308053504||1308057599||1210568422||ru||
1308061696||1308065791||1210568422||ru||
1308065792||1308069887||1210568422||ru||
1308073984||1308078079||1210568422||ru||
1308080128||1308082175||1210568422||ru||
1308086272||1308088319||1210568422||ru||
1308092416||1308094463||1210568422||ru||
1310195712||1310197759||1210568422||ru||
1310201856||1310203903||1210568422||ru||
1310205952||1310207999||1210568422||ru||
1310210048||1310212095||1210568422||ru||
1310234624||1310236671||1210568422||ru||
1310240768||1310242815||1210568422||ru||
1310253056||1310255103||1210568422||ru||
1310277632||1310294015||1210568422||ru||
1310294016||1310310399||1210568422||ru||
1310523392||1310539775||1210568422||ru||
1310539776||1310556159||1210568422||ru||
1310588928||1310605311||1210568422||ru||
1310654464||1310656511||1210568422||ru||
1310658560||1310660607||1210568422||ru||
1310679040||1310681087||1210568422||ru||
1310707712||1310709759||1210568422||ru||
1310709760||1310711807||1210568422||ru||
1310715904||1310717951||1210568422||ru||
1310982144||1311113215||1210568422||ru||
1311250432||1311252479||1210568422||ru||
1311264768||1311266815||1210568422||ru||
1311270912||1311272959||1210568422||ru||
1311291392||1311293439||1210568422||ru||
1311299584||1311301631||1210568422||ru||
1311318016||1311320063||1210568422||ru||
1311332352||1311334399||1210568422||ru||
1311334400||1311336447||1210568422||ru||
1311336448||1311338495||1210568422||ru||
1311350784||1311352831||1210568422||ru||
1311354880||1311356927||1210568422||ru||
1311358976||1311361023||1210568422||ru||
1313931264||1313996799||1210568422||ru||
1314193408||1314258943||1210568422||ru||
1315569664||1315700735||1210568422||ru||
1315717120||1315721215||1210568422||ru||
1315721216||1315725311||1210568422||ru||
1315749888||1315753983||1210568422||ru||
1315774464||1315778559||1210568422||ru||
1315778560||1315782655||1210568422||ru||
1315794944||1315799039||1210568422||ru||
1315799040||1315803135||1210568422||ru||
1315827712||1315831807||1210568422||ru||
1315844096||1315848191||1210568422||ru||
1315868672||1315872767||1210568422||ru||
1315893248||1315897343||1210568422||ru||
1315917824||1315921919||1210568422||ru||
1315934208||1315938303||1210568422||ru||
1315958784||1315962879||1210568422||ru||
1317306368||1317339135||1210568422||ru||
1317584896||1317601279||1210568422||ru||
1317617664||1317634047||1210568422||ru||
1317650432||1317666815||1210568422||ru||
1317699584||1317715967||1210568422||ru||
1317748736||1317765119||1210568422||ru||
1317781504||1317797887||1210568422||ru||
1317797888||1317814271||1210568422||ru||
1317847040||1317863423||1210568422||ru||
1317978112||1317994495||1210568422||ru||
1318649856||1318658047||1210568422||ru||
1318682624||1318690815||1210568422||ru||
1318821888||1318830079||1210568422||ru||
1318830080||1318838271||1210568422||ru||
1318903808||1318911999||1210568422||ru||
1318969344||1318977535||1210568422||ru||
1319026688||1319034879||1210568422||ru||
1319100416||1319108607||1210568422||ru||
1331824640||1331826687||1210568422||ru||
1331845120||1331847167||1210568422||ru||
1331849216||1331851263||1210568422||ru||
1331857408||1331859455||1210568422||ru||
1331873792||1331875839||1210568422||ru||
1331875840||1331877887||1210568422||ru||
1331877888||1331879935||1210568422||ru||
1331892224||1331894271||1210568422||ru||
1331900416||1331902463||1210568422||ru||
1331914752||1331916799||1210568422||ru||
1331943424||1331945471||1210568422||ru||
1331949568||1331951615||1210568422||ru||
1332215808||1332281343||1210568422||ru||
1332281344||1332346879||1210568422||ru||
1332674560||1332740095||1210568422||ru||
1333264384||1333297151||1210568422||ru||
1333428224||1333460991||1210568422||ru||
1333657600||1333690367||1210568422||ru||
1334075392||1334083583||1210568422||ru||
1334132736||1334140927||1210568422||ru||
1334140928||1334149119||1210568422||ru||
1334149120||1334157311||1210568422||ru||
1334157312||1334165503||1210568422||ru||
1334181888||1334190079||1210568422||ru||
1334198272||1334206463||1210568422||ru||
1334263808||1334271999||1210568422||ru||
1334304768||1334312959||1210568422||ru||
1334345728||1334378495||1210568422||ru||
1334411264||1334444031||1210568422||ru||
1334542336||1334575103||1210568422||ru||
1334579200||1334583295||1210568422||ru||
1334591488||1334595583||1210568422||ru||
1334599680||1334603775||1210568422||ru||
1334636544||1334640639||1210568422||ru||
1334652928||1334657023||1210568422||ru||
1334657024||1334661119||1210568422||ru||
1334693888||1334697983||1210568422||ru||
1334697984||1334702079||1210568422||ru||
1334710272||1334714367||1210568422||ru||
1334726656||1334730751||1210568422||ru||
1334730752||1334734847||1210568422||ru||
1334747136||1334751231||1210568422||ru||
1334771712||1334775807||1210568422||ru||
1334775808||1334779903||1210568422||ru||
1334788096||1334792191||1210568422||ru||
1334792192||1334796287||1210568422||ru||
1334829056||1334833151||1210568422||ru||
1336147968||1336279039||1210568422||ru||
1336547328||1336549375||1210568422||ru||
1336576000||1336578047||1210568422||ru||
1336580096||1336582143||1210568422||ru||
1336582144||1336584191||1210568422||ru||
1336608768||1336610815||1210568422||ru||
1336635392||1336637439||1210568422||ru||
1336659968||1336662015||1210568422||ru||
1336672256||1336688639||1210568422||ru||
1336688640||1336705023||1210568422||ru||
1336754176||1336770559||1210568422||ru||
1336836096||1336852479||1210568422||ru||
1336868864||1336885247||1210568422||ru||
1346375680||1346379775||1210568422||ru||
1346392064||1346396159||1210568422||ru||
1346396160||1346400255||1210568422||ru||
1346441216||1346445311||1210568422||ru||
1346519040||1346523135||1210568422||ru||
1346523136||1346527231||1210568422||ru||
1346539520||1346543615||1210568422||ru||
1346580480||1346584575||1210568422||ru||
1346621440||1346625535||1210568422||ru||
1346629632||1346633727||1210568422||ru||
1346633728||1346637823||1210568422||ru||
1346695168||1346699263||1210568422||ru||
1346736128||1346740223||1210568422||ru||
1346744320||1346748415||1210568422||ru||
1346789376||1346793471||1210568422||ru||
1346822144||1346826239||1210568422||ru||
1346838528||1346842623||1210568422||ru||
1346871296||1346875391||1210568422||ru||
1346875392||1346879487||1210568422||ru||
1346883584||1346887679||1210568422||ru||
1346891776||1346895871||1210568422||ru||
1346899968||1346904063||1210568422||ru||
1346924544||1346928639||1210568422||ru||
1346949120||1346953215||1210568422||ru||
1346953216||1346957311||1210568422||ru||
1346965504||1346969599||1210568422||ru||
1346977792||1346981887||1210568422||ru||
1346981888||1346985983||1210568422||ru||
1347002368||1347006463||1210568422||ru||
1347010560||1347014655||1210568422||ru||
1347112960||1347117055||1210568422||ru||
1347125248||1347129343||1210568422||ru||
1347190784||1347194879||1210568422||ru||
1347203072||1347207167||1210568422||ru||
1347215360||1347219455||1210568422||ru||
1347313664||1347317759||1210568422||ru||
1347317760||1347321855||1210568422||ru||
1347338240||1347342335||1210568422||ru||
1347371008||1347375103||1210568422||ru||
1347399680||1347403775||1210568422||ru||
1347416064||1347420159||1210568422||ru||
1347444736||1347448831||1210568422||ru||
1347448832||1347452927||1210568422||ru||
1347538944||1347543039||1210568422||ru||
1347559424||1347563519||1210568422||ru||
1347563520||1347567615||1210568422||ru||
1347571712||1347575807||1210568422||ru||
1347592192||1347596287||1210568422||ru||
1347596288||1347600383||1210568422||ru||
1347674112||1347678207||1210568422||ru||
1347678208||1347682303||1210568422||ru||
1347710976||1347715071||1210568422||ru||
1347784704||1347788799||1210568422||ru||
1347792896||1347796991||1210568422||ru||
1347874816||1347878911||1210568422||ru||
1347887104||1347891199||1210568422||ru||
1347915776||1347919871||1210568422||ru||
1347928064||1347932159||1210568422||ru||
1347956736||1347960831||1210568422||ru||
1348009984||1348014079||1210568422||ru||
1348042752||1348046847||1210568422||ru||
1348046848||1348050943||1210568422||ru||
1348091904||1348095999||1210568422||ru||
1348104192||1348108287||1210568422||ru||
1348120576||1348124671||1210568422||ru||
1348145152||1348149247||1210568422||ru||
1348190208||1348194303||1210568422||ru||
1348206592||1348210687||1210568422||ru||
1348210688||1348214783||1210568422||ru||
1348214784||1348218879||1210568422||ru||
1348231168||1348235263||1210568422||ru||
1348247552||1348251647||1210568422||ru||
1348255744||1348259839||1210568422||ru||
1348259840||1348263935||1210568422||ru||
1348268032||1348272127||1210568422||ru||
1348284416||1348288511||1210568422||ru||
1348296704||1348300799||1210568422||ru||
1348317184||1348321279||1210568422||ru||
1348354048||1348358143||1210568422||ru||
1348411392||1348415487||1210568422||ru||
1349763072||1349771263||1210568422||ru||
1357512704||1357545471||1210568422||ru||
1357709312||1357742079||1210568422||ru||
1357914112||1357918207||1210568422||ru||
1357918208||1357922303||1210568422||ru||
1357930496||1357934591||1210568422||ru||
1357934592||1357938687||1210568422||ru||
1357959168||1357963263||1210568422||ru||
1357967360||1357971455||1210568422||ru||
1357983744||1357987839||1210568422||ru||
1358049280||1358053375||1210568422||ru||
1358053376||1358057471||1210568422||ru||
1358057472||1358061567||1210568422||ru||
1358102528||1358106623||1210568422||ru||
1358118912||1358123007||1210568422||ru||
1358127104||1358131199||1210568422||ru||
1358176256||1358180351||1210568422||ru||
1358225408||1358229503||1210568422||ru||
1358295040||1358299135||1210568422||ru||
1358303232||1358307327||1210568422||ru||
1358315520||1358319615||1210568422||ru||
1358319616||1358323711||1210568422||ru||
1358352384||1358356479||1210568422||ru||
1358360576||1358364671||1210568422||ru||
1358372864||1358376959||1210568422||ru||
1358389248||1358393343||1210568422||ru||
1358393344||1358397439||1210568422||ru||
1358409728||1358413823||1210568422||ru||
1358442496||1358446591||1210568422||ru||
1358450688||1358454783||1210568422||ru||
1358467072||1358471167||1210568422||ru||
1358528512||1358532607||1210568422||ru||
1358532608||1358536703||1210568422||ru||
1358540800||1358544895||1210568422||ru||
1358577664||1358581759||1210568422||ru||
1358581760||1358585855||1210568422||ru||
1358602240||1358606335||1210568422||ru||
1358606336||1358610431||1210568422||ru||
1358610432||1358614527||1210568422||ru||
1358614528||1358618623||1210568422||ru||
1358618624||1358622719||1210568422||ru||
1358639104||1358643199||1210568422||ru||
1358655488||1358659583||1210568422||ru||
1358659584||1358663679||1210568422||ru||
1358663680||1358667775||1210568422||ru||
1358680064||1358684159||1210568422||ru||
1358696448||1358700543||1210568422||ru||
1358725120||1358729215||1210568422||ru||
1358729216||1358733311||1210568422||ru||
1358757888||1358761983||1210568422||ru||
1358761984||1358766079||1210568422||ru||
1358807040||1358811135||1210568422||ru||
1358815232||1358819327||1210568422||ru||
1358827520||1358831615||1210568422||ru||
1358835712||1358839807||1210568422||ru||
1358848000||1358852095||1210568422||ru||
1358852096||1358856191||1210568422||ru||
1358893056||1358897151||1210568422||ru||
1358909440||1358913535||1210568422||ru||
1358921728||1358925823||1210568422||ru||
1358925824||1358929919||1210568422||ru||
1358934016||1358938111||1210568422||ru||
1359069184||1359085567||1210568422||ru||
1359085568||1359101951||1210568422||ru||
1359183872||1359200255||1210568422||ru||
1359265792||1359282175||1210568422||ru||
1359298560||1359314943||1210568422||ru||
1359544320||1359577087||1210568422||ru||
1359806464||1359839231||1210568422||ru||
1360003072||1360007167||1210568422||ru||
1360023552||1360027647||1210568422||ru||
1360031744||1360035839||1210568422||ru||
1360035840||1360039935||1210568422||ru||
1360056320||1360060415||1210568422||ru||
1360068608||1360072703||1210568422||ru||
1360072704||1360076799||1210568422||ru||
1360105472||1360109567||1210568422||ru||
1360162816||1360166911||1210568422||ru||
1360166912||1360171007||1210568422||ru||
1360171008||1360175103||1210568422||ru||
1360216064||1360220159||1210568422||ru||
1360220160||1360224255||1210568422||ru||
1360232448||1360236543||1210568422||ru||
1360289792||1360293887||1210568422||ru||
1360306176||1360310271||1210568422||ru||
1360314368||1360318463||1210568422||ru||
1360388096||1360392191||1210568422||ru||
1360396288||1360400383||1210568422||ru||
1360408576||1360412671||1210568422||ru||
1360424960||1360429055||1210568422||ru||
1360445440||1360449535||1210568422||ru||
1360449536||1360453631||1210568422||ru||
1360486400||1360490495||1210568422||ru||
1360490496||1360494591||1210568422||ru||
1360494592||1360498687||1210568422||ru||
1360498688||1360502783||1210568422||ru||
1360506880||1360510975||1210568422||ru||
1360510976||1360515071||1210568422||ru||
1360547840||1360551935||1210568422||ru||
1360556032||1360560127||1210568422||ru||
1360560128||1360564223||1210568422||ru||
1360592896||1360596991||1210568422||ru||
1360605184||1360609279||1210568422||ru||
1360609280||1360613375||1210568422||ru||
1360625664||1360629759||1210568422||ru||
1360633856||1360637951||1210568422||ru||
1360678912||1360683007||1210568422||ru||
1360691200||1360695295||1210568422||ru||
1360695296||1360699391||1210568422||ru||
1360703488||1360707583||1210568422||ru||
1360736256||1360740351||1210568422||ru||
1360760832||1360764927||1210568422||ru||
1360785408||1360789503||1210568422||ru||
1360789504||1360793599||1210568422||ru||
1360830464||1360834559||1210568422||ru||
1360834560||1360838655||1210568422||ru||
1360842752||1360846847||1210568422||ru||
1360883712||1360887807||1210568422||ru||
1360916480||1360920575||1210568422||ru||
1360932864||1360936959||1210568422||ru||
1360949248||1360953343||1210568422||ru||
1360965632||1360969727||1210568422||ru||
1360969728||1360973823||1210568422||ru||
1360973824||1360977919||1210568422||ru||
1364742144||1364746239||1210568422||ru||
1364750336||1364754431||1210568422||ru||
1364774912||1364779007||1210568422||ru||
1364803584||1364807679||1210568422||ru||
1364807680||1364811775||1210568422||ru||
1364815872||1364819967||1210568422||ru||
1364832256||1364836351||1210568422||ru||
1364852736||1364856831||1210568422||ru||
1364905984||1364910079||1210568422||ru||
1364926464||1364930559||1210568422||ru||
1364930560||1364934655||1210568422||ru||
1364963328||1364967423||1210568422||ru||
1365118976||1365123071||1210568422||ru||
1365123072||1365127167||1210568422||ru||
1365147648||1365151743||1210568422||ru||
1365151744||1365155839||1210568422||ru||
1365184512||1365188607||1210568422||ru||
1365188608||1365192703||1210568422||ru||
1365213184||1365217279||1210568422||ru||
1365217280||1365221375||1210568422||ru||
1365233664||1365237759||1210568422||ru||
1370488832||1370619903||1210568422||ru||
1371734016||1371799551||1210568422||ru||
1372061696||1372065791||1210568422||ru||
1372065792||1372069887||1210568422||ru||
1372082176||1372086271||1210568422||ru||
1372090368||1372094463||1210568422||ru||
1372098560||1372102655||1210568422||ru||
1372114944||1372119039||1210568422||ru||
1372123136||1372127231||1210568422||ru||
1372131328||1372135423||1210568422||ru||
1372143616||1372147711||1210568422||ru||
1372188672||1372192767||1210568422||ru||
1372782592||1372815359||1210568422||ru||
1373503488||1373569023||1210568422||ru||
1382072320||1382088703||1210568422||ru||
1382137856||1382154239||1210568422||ru||
1382318080||1382334463||1210568422||ru||
1383071744||1383079935||1210568422||ru||
1383202816||1383211007||1210568422||ru||
1383227392||1383235583||1210568422||ru||
1383235584||1383243775||1210568422||ru||
1383260160||1383268351||1210568422||ru||
1383321600||1383325695||1210568422||ru||
1383333888||1383342079||1210568422||ru||
1383342080||1383350271||1210568422||ru||
1383415808||1383423999||1210568422||ru||
1383440384||1383448575||1210568422||ru||
1383497728||1383505919||1210568422||ru||
1383563264||1383571455||1210568422||ru||
1384742912||1384759295||1210568422||ru||
1384775680||1384792063||1210568422||ru||
1384923136||1384939519||1210568422||ru||
1385070592||1385086975||1210568422||ru||
1385185280||1385193471||1210568422||ru||
1385381888||1385390079||1210568422||ru||
1385390080||1385398271||1210568422||ru||
1385431040||1385439231||1210568422||ru||
1385529344||1385537535||1210568422||ru||
1385545728||1385553919||1210568422||ru||
1385627648||1385635839||1210568422||ru||
1385652224||1385660415||1210568422||ru||
1386348544||1386414079||1210568422||ru||
1387462656||1387528191||1210568422||ru||
1388412928||1388421119||1210568422||ru||
1388486656||1388494847||1210568422||ru||
1388503040||1388511231||1210568422||ru||
1388511232||1388519423||1210568422||ru||
1388593152||1388601343||1210568422||ru||
1388609536||1388617727||1210568422||ru||
1388707840||1388716031||1210568422||ru||
1388748800||1388756991||1210568422||ru||
1388797952||1388806143||1210568422||ru||
1388838912||1388871679||1210568422||ru||
1389002752||1389035519||1210568422||ru||
1389133824||1389166591||1210568422||ru||
1389379584||1389395967||1210568422||ru||
1396973568||1396981759||1210568422||ru||
1397030912||1397039103||1210568422||ru||
1397047296||1397055487||1210568422||ru||
1397055488||1397063679||1210568422||ru||
1397071872||1397080063||1210568422||ru||
1397080064||1397088255||1210568422||ru||
1397088256||1397096447||1210568422||ru||
1399226368||1399259135||1210568422||ru||
1401427968||1401430015||1210568422||ru||
1401434112||1401436159||1210568422||ru||
1401450496||1401452543||1210568422||ru||
1401481216||1401483263||1210568422||ru||
1401483264||1401485311||1210568422||ru||
1401499648||1401501695||1210568422||ru||
1401542656||1401544703||1210568422||ru||
1401565184||1401567231||1210568422||ru||
1401817088||1401819135||1210568422||ru||
1401856000||1401858047||1210568422||ru||
1401892864||1401894911||1210568422||ru||
1401896960||1401899007||1210568422||ru||
1401919488||1401921535||1210568422||ru||
1401929728||1401931775||1210568422||ru||
1402093568||1402109951||1210568422||ru||
1402273792||1402290175||1210568422||ru||
1402322944||1402339327||1210568422||ru||
1402404864||1402408959||1210568422||ru||
1403412480||1403420671||1210568422||ru||
1403445248||1403453439||1210568422||ru||
1403453440||1403461631||1210568422||ru||
1403469824||1403478015||1210568422||ru||
1403478016||1403486207||1210568422||ru||
1403633664||1403650047||1210568422||ru||
1403731968||1403748351||1210568422||ru||
1403781120||1403797503||1210568422||ru||
1403961344||1403977727||1210568422||ru||
1406730240||1406738431||1210568422||ru||
1406738432||1406746623||1210568422||ru||
1406779392||1406787583||1210568422||ru||
1406861312||1406869503||1210568422||ru||
1406894080||1406902271||1210568422||ru||
1406918656||1406926847||1210568422||ru||
1406935040||1406943231||1210568422||ru||
1406943232||1406951423||1210568422||ru||
1406967808||1406975999||1210568422||ru||
1406984192||1406992383||1210568422||ru||
1406992384||1407000575||1210568422||ru||
1407033344||1407041535||1210568422||ru||
1407041536||1407049727||1210568422||ru||
1407057920||1407066111||1210568422||ru||
1407074304||1407082495||1210568422||ru||
1407107072||1407115263||1210568422||ru||
1407115264||1407123455||1210568422||ru||
1407180800||1407188991||1210568422||ru||
1407549440||1407582207||1210568422||ru||
1407844352||1407909887||1210568422||ru||
1408040960||1408106495||1210568422||ru||
1408172032||1408237567||1210568422||ru||
1408401408||1408434175||1210568422||ru||
1408450560||1408452607||1210568422||ru||
1408452608||1408454655||1210568422||ru||
1408663552||1408696319||1210568422||ru||
1410367488||1410375679||1210568422||ru||
1410400256||1410408447||1210568422||ru||
1410457600||1410465791||1210568422||ru||
1410490368||1410498559||1210568422||ru||
1410678784||1410686975||1210568422||ru||
1410719744||1410727935||1210568422||ru||
1410760704||1410768895||1210568422||ru||
1410777088||1410785279||1210568422||ru||
1410801664||1410809855||1210568422||ru||
1410809856||1410818047||1210568422||ru||
1412038656||1412071423||1210568422||ru||
1412399104||1412415487||1210568422||ru||
1412677632||1412685823||1210568422||ru||
1412710400||1412726783||1210568422||ru||
1412808704||1412825087||1210568422||ru||
1412874240||1412890623||1210568422||ru||
1422516224||1422520319||1210568422||ru||
1422520320||1422524415||1210568422||ru||
1422655488||1422721023||1210568422||ru||
1424818176||1424850943||1210568422||ru||
1425145856||1425162239||1210568422||ru||
1425195008||1425211391||1210568422||ru||
1425833984||1425850367||1210568422||ru||
1425883136||1425899519||1210568422||ru||
1425981440||1425997823||1210568422||ru||
1426898944||1426915327||1210568422||ru||
1427062784||1427079167||1210568422||ru||
1427079168||1427095551||1210568422||ru||
1427439616||1427505151||1210568422||ru||
1427800064||1427832831||1210568422||ru||
1427898368||1427914751||1210568422||ru||
1427947520||1427963903||1210568422||ru||
1428078592||1428094975||1210568422||ru||
1428119552||1428121599||1210568422||ru||
1428123648||1428125695||1210568422||ru||
1428125696||1428127743||1210568422||ru||
1428140032||1428142079||1210568422||ru||
1431871488||1431879679||1210568422||ru||
1431920640||1431928831||1210568422||ru||
1431986176||1431994367||1210568422||ru||
1432051712||1432059903||1210568422||ru||
1432076288||1432084479||1210568422||ru||
1432092672||1432100863||1210568422||ru||
1432166400||1432174591||1210568422||ru||
1432190976||1432199167||1210568422||ru||
1432223744||1432231935||1210568422||ru||
1432231936||1432240127||1210568422||ru||
1432322048||1432330239||1210568422||ru||
1432330240||1432338431||1210568422||ru||
1433411584||1433419775||1210568422||ru||
1433427968||1433436159||1210568422||ru||
1433477120||1433485311||1210568422||ru||
1433501696||1433509887||1210568422||ru||
1433518080||1433526271||1210568422||ru||
1433534464||1433542655||1210568422||ru||
1433550848||1433559039||1210568422||ru||
1433575424||1433583615||1210568422||ru||
1433640960||1433649151||1210568422||ru||
1433657344||1433665535||1210568422||ru||
1433690112||1433698303||1210568422||ru||
1433747456||1433755647||1210568422||ru||
1433829376||1433831423||1210568422||ru||
1433831424||1433833471||1210568422||ru||
1433841664||1433843711||1210568422||ru||
1433853952||1433855999||1210568422||ru||
1433880576||1433882623||1210568422||ru||
1433899008||1433901055||1210568422||ru||
1435238400||1435369471||1210568422||ru||
1435369472||1435500543||1210568422||ru||
1436430336||1436432383||1210568422||ru||
1436440576||1436442623||1210568422||ru||
1436465152||1436467199||1210568422||ru||
1436491776||1436493823||1210568422||ru||
1436493824||1436495871||1210568422||ru||
1436540928||1436542975||1210568422||ru||
1437335552||1437597695||1210568422||ru||
1438646272||1438662655||1210568422||ru||
1438679040||1438695423||1210568422||ru||
1438728192||1438744575||1210568422||ru||
1438875648||1438892031||1210568422||ru||
1439055872||1439072255||1210568422||ru||
1439301632||1439305727||1210568422||ru||
1439330304||1439334399||1210568422||ru||
1439346688||1439350783||1210568422||ru||
1439358976||1439363071||1210568422||ru||
1439363072||1439367167||1210568422||ru||
1441292288||1441300479||1210568422||ru||
1441349632||1441357823||1210568422||ru||
1441366016||1441374207||1210568422||ru||
1441398784||1441406975||1210568422||ru||
1441406976||1441415167||1210568422||ru||
1441423360||1441431551||1210568422||ru||
1441472512||1441480703||1210568422||ru||
1441505280||1441513471||1210568422||ru||
1441513472||1441521663||1210568422||ru||
1441529856||1441538047||1210568422||ru||
1441570816||1441579007||1210568422||ru||
1441603584||1441611775||1210568422||ru||
1441734656||1441742847||1210568422||ru||
1442381824||1442447359||1210568422||ru||
1446739968||1446772735||1210568422||ru||
1446920192||1446936575||1210568422||ru||
1449525248||1449590783||1210568422||ru||
1450033152||1450041343||1210568422||ru||
1450049536||1450057727||1210568422||ru||
1450074112||1450082303||1210568422||ru||
1450090496||1450098687||1210568422||ru||
1450098688||1450106879||1210568422||ru||
1450115072||1450123263||1210568422||ru||
1450147840||1450156031||1210568422||ru||
1466400768||1466433535||1210568422||ru||
1467285504||1467301887||1210568422||ru||
1467318272||1467334655||1210568422||ru||
1467400192||1467416575||1210568422||ru||
1467473920||1467482111||1210568422||ru||
1474330624||1474363391||1210568422||ru||
1474363392||1474396159||1210568422||ru||
1474461696||1474494463||1210568422||ru||
1474560000||1474592767||1210568422||ru||
1474658304||1474691071||1210568422||ru||
1475086336||1475088383||1210568422||ru||
1475088384||1475090431||1210568422||ru||
1475090432||1475092479||1210568422||ru||
1475094528||1475096575||1210568422||ru||
1475104768||1475106815||1210568422||ru||
1475131392||1475133439||1210568422||ru||
1475160064||1475162111||1210568422||ru||
1475178496||1475180543||1210568422||ru||
1475184640||1475186687||1210568422||ru||
1475239936||1475241983||1210568422||ru||
1475307520||1475309567||1210568422||ru||
1475317760||1475319807||1210568422||ru||
1475346432||1475362815||1210568422||ru||
1475461120||1475477503||1210568422||ru||
1475493888||1475510271||1210568422||ru||
1475608576||1475624959||1210568422||ru||
1475706880||1475723263||1210568422||ru||
1475928064||1475936255||1210568422||ru||
1475936256||1475944447||1210568422||ru||
1475944448||1475952639||1210568422||ru||
1475993600||1476001791||1210568422||ru||
1476001792||1476009983||1210568422||ru||
1476050944||1476059135||1210568422||ru||
1476059136||1476067327||1210568422||ru||
1476083712||1476091903||1210568422||ru||
1476091904||1476100095||1210568422||ru||
1476100096||1476108287||1210568422||ru||
1476108288||1476116479||1210568422||ru||
1476198400||1476206591||1210568422||ru||
1476247552||1476255743||1210568422||ru||
1476255744||1476263935||1210568422||ru||
1476296704||1476304895||1210568422||ru||
1476329472||1476337663||1210568422||ru||
1476386816||1476395007||1210568422||ru||
1481646080||1481654271||1210568422||ru||
1481752576||1481760767||1210568422||ru||
1481785344||1481793535||1210568422||ru||
1481809920||1481818111||1210568422||ru||
1481883648||1481891839||1210568422||ru||
1481949184||1481957375||1210568422||ru||
1482006528||1482014719||1210568422||ru||
1482014720||1482022911||1210568422||ru||
1482047488||1482055679||1210568422||ru||
1482080256||1482088447||1210568422||ru||
1482113024||1482121215||1210568422||ru||
1486061568||1486094335||1210568422||ru||
1486292992||1486295039||1210568422||ru||
1486317568||1486319615||1210568422||ru||
1486319616||1486321663||1210568422||ru||
1486323712||1486325759||1210568422||ru||
1486338048||1486340095||1210568422||ru||
1486342144||1486344191||1210568422||ru||
1486354432||1486356479||1210568422||ru||
1489534976||1489567743||1210568422||ru||
1489600512||1489633279||1210568422||ru||
1489764352||1489797119||1210568422||ru||
1489862656||1489895423||1210568422||ru||
1489895424||1489928191||1210568422||ru||
1490157568||1490173951||1210568422||ru||
1490337792||1490354175||1210568422||ru||
1490518016||1490534399||1210568422||ru||
1494228992||1494237183||1210568422||ru||
1494245376||1494253567||1210568422||ru||
1494294528||1494302719||1210568422||ru||
1494384640||1494392831||1210568422||ru||
1494425600||1494433791||1210568422||ru||
1494458368||1494466559||1210568422||ru||
1494466560||1494474751||1210568422||ru||
1494482944||1494491135||1210568422||ru||
1494491136||1494499327||1210568422||ru||
1494507520||1494515711||1210568422||ru||
1494515712||1494523903||1210568422||ru||
1494581248||1494589439||1210568422||ru||
1494597632||1494605823||1210568422||ru||
1495048192||1495050239||1210568422||ru||
1495056384||1495058431||1210568422||ru||
1495070720||1495072767||1210568422||ru||
1495207936||1495209983||1210568422||ru||
1495224320||1495226367||1210568422||ru||
1495226368||1495228415||1210568422||ru||
1495230464||1495232511||1210568422||ru||
1495232512||1495234559||1210568422||ru||
1495265280||1495267327||1210568422||ru||
1500004352||1500012543||1210568422||ru||
1500012544||1500020735||1210568422||ru||
1500086272||1500094463||1210568422||ru||
1500127232||1500135423||1210568422||ru||
1500162048||1500164095||1210568422||ru||
1500168192||1500170239||1210568422||ru||
1500182528||1500184575||1210568422||ru||
1500190720||1500192767||1210568422||ru||
1500205056||1500207103||1210568422||ru||
1500211200||1500213247||1210568422||ru||
1500213248||1500215295||1210568422||ru||
1500215296||1500217343||1210568422||ru||
1500219392||1500221439||1210568422||ru||
1500233728||1500235775||1210568422||ru||
1500235776||1500237823||1210568422||ru||
1500266496||1500282879||1210568422||ru||
1500315648||1500332031||1210568422||ru||
1500348416||1500364799||1210568422||ru||
1500364800||1500381183||1210568422||ru||
1500381184||1500397567||1210568422||ru||
1500479488||1500495871||1210568422||ru||
1500512256||1500643327||1210568422||ru||
1502707712||1502724095||1210568422||ru||
1502920704||1502937087||1210568422||ru||
1503100928||1503117311||1210568422||ru||
1503854592||1503887359||1210568422||ru||
1504247808||1504313343||1210568422||ru||
1504641024||1504706559||1210568422||ru||
1504837632||1504968703||1210568422||ru||
1505230848||1505239039||1210568422||ru||
1505280000||1505288191||1210568422||ru||
1505288192||1505296383||1210568422||ru||
1505312768||1505320959||1210568422||ru||
1505419264||1505427455||1210568422||ru||
1505476608||1505484799||1210568422||ru||
1505517568||1505525759||1210568422||ru||
1505533952||1505542143||1210568422||ru||
1505550336||1505558527||1210568422||ru||
1505558528||1505566719||1210568422||ru||
1505591296||1505599487||1210568422||ru||
1505599488||1505607679||1210568422||ru||
1505681408||1505689599||1210568422||ru||
1505746944||1505755135||1210568422||ru||
1506324480||1506326527||1210568422||ru||
1506326528||1506328575||1210568422||ru||
1506541568||1506574335||1210568422||ru||
1506748416||1506750463||1210568422||ru||
1506754560||1506756607||1210568422||ru||
1506756608||1506758655||1210568422||ru||
1506760704||1506762751||1210568422||ru||
1506762752||1506764799||1210568422||ru||
1506783232||1506785279||1210568422||ru||
1506793472||1506795519||1210568422||ru||
1506803712||1506869247||1210568422||ru||
1507659776||1507663871||1210568422||ru||
1507667968||1507672063||1210568422||ru||
1507704832||1507708927||1210568422||ru||
1507713024||1507717119||1210568422||ru||
1507753984||1507786751||1210568422||ru||
1507786752||1507819519||1210568422||ru||
1508392960||1508409343||1210568422||ru||
1508409344||1508425727||1210568422||ru||
1508425728||1508442111||1210568422||ru||
1508458496||1508474879||1210568422||ru||
1508605952||1508622335||1210568422||ru||
1508704256||1508720639||1210568422||ru||
1508868096||1508884479||1210568422||ru||
1509453824||1509457919||1210568422||ru||
1509470208||1509474303||1210568422||ru||
1509474304||1509478399||1210568422||ru||
1509482496||1509486591||1210568422||ru||
1509494784||1509498879||1210568422||ru||
1509502976||1509507071||1210568422||ru||
1509519360||1509523455||1210568422||ru||
1509523456||1509527551||1210568422||ru||
1509527552||1509531647||1210568422||ru||
1509535744||1509539839||1210568422||ru||
1509548032||1509552127||1210568422||ru||
1509552128||1509556223||1210568422||ru||
1509556224||1509560319||1210568422||ru||
1509560320||1509564415||1210568422||ru||
1509593088||1509597183||1210568422||ru||
1509597184||1509601279||1210568422||ru||
1509609472||1509613567||1210568422||ru||
1509613568||1509617663||1210568422||ru||
1509638144||1509642239||1210568422||ru||
1509646336||1509650431||1210568422||ru||
1509658624||1509662719||1210568422||ru||
1509662720||1509666815||1210568422||ru||
1509703680||1509720063||1210568422||ru||
1509752832||1509769215||1210568422||ru||
1509801984||1509818367||1210568422||ru||
1509867520||1509883903||1210568422||ru||
1509900288||1509916671||1210568422||ru||
1509933056||1509949439||1210568422||ru||
1519779840||1519910911||1210568422||ru||
1520041984||1520074751||1210568422||ru||
1520140288||1520173055||1210568422||ru||
1520205824||1520238591||1210568422||ru||
1520238592||1520271359||1210568422||ru||
1522270208||1522401279||1210568422||ru||
1531707392||1531969535||1210568422||ru||
1533437952||1533439999||1210568422||ru||
1533450240||1533452287||1210568422||ru||
1533462528||1533464575||1210568422||ru||
1533466624||1533468671||1210568422||ru||
1533493248||1533495295||1210568422||ru||
1533495296||1533497343||1210568422||ru||
1533497344||1533499391||1210568422||ru||
1533503488||1533505535||1210568422||ru||
1533515776||1533517823||1210568422||ru||
1533526016||1533528063||1210568422||ru||
1533528064||1533530111||1210568422||ru||
1533530112||1533532159||1210568422||ru||
1533534208||1533536255||1210568422||ru||
1534722048||1534787583||1210568422||ru||
1534808064||1534812159||1210568422||ru||
1535610880||1535614975||1210568422||ru||
1535627264||1535631359||1210568422||ru||
1536053248||1536057343||1210568422||ru||
1536069632||1536073727||1210568422||ru||
1536098304||1536102399||1210568422||ru||
1536102400||1536106495||1210568422||ru||
1536106496||1536110591||1210568422||ru||
1536110592||1536114687||1210568422||ru||
1536131072||1536135167||1210568422||ru||
1536135168||1536139263||1210568422||ru||
1536139264||1536143359||1210568422||ru||
1536196608||1536212991||1210568422||ru||
1536294912||1536311295||1210568422||ru||
1536311296||1536327679||1210568422||ru||
1536360448||1536376831||1210568422||ru||
1536507904||1536524287||1210568422||ru||
1536630784||1536634879||1210568422||ru||
1536667648||1536671743||1210568422||ru||
1536671744||1536675839||1210568422||ru||
1536684032||1536688127||1210568422||ru||
1538842624||1538850815||1210568422||ru||
1538859008||1538867199||1210568422||ru||
1538908160||1538916351||1210568422||ru||
1538940928||1538949119||1210568422||ru||
1539088384||1539096575||1210568422||ru||
1539125248||1539127295||1210568422||ru||
1539133440||1539135487||1210568422||ru||
1539153920||1539155967||1210568422||ru||
1539160064||1539162111||1210568422||ru||
1539172352||1539174399||1210568422||ru||
1539174400||1539176447||1210568422||ru||
1539194880||1539203071||1210568422||ru||
1539207168||1539211263||1210568422||ru||
1539237888||1539239935||1210568422||ru||
1539289088||1539293183||1210568422||ru||
1539301376||1539309567||1210568422||ru||
1539317760||1539318783||1210568422||ru||
1539326976||1539327999||1210568422||ru||
1539328000||1539329023||1210568422||ru||
1539330048||1539331071||1210568422||ru||
1539333120||1539334143||1210568422||ru||
1539338240||1539339263||1210568422||ru||
1539347456||1539348479||1210568422||ru||
1539352576||1539353599||1210568422||ru||
1539353600||1539354623||1210568422||ru||
1539372032||1539373055||1210568422||ru||
1539384320||1539385343||1210568422||ru||
1539402752||1539403775||1210568422||ru||
1539410944||1539411967||1210568422||ru||
1539412992||1539414015||1210568422||ru||
1539418112||1539419135||1210568422||ru||
1539420160||1539421183||1210568422||ru||
1539429376||1539430399||1210568422||ru||
1539432448||1539433471||1210568422||ru||
1539433472||1539434495||1210568422||ru||
1539435520||1539436543||1210568422||ru||
1539436544||1539437567||1210568422||ru||
1539440640||1539441151||1210568422||ru||
1539441152||1539441663||1210568422||ru||
1539443200||1539443711||1210568422||ru||
1539443712||1539444223||1210568422||ru||
1539444736||1539445247||1210568422||ru||
1539455488||1539455999||1210568422||ru||
1539457024||1539457535||1210568422||ru||
1539468800||1539469311||1210568422||ru||
1539469312||1539469823||1210568422||ru||
1539471360||1539471871||1210568422||ru||
1539481600||1539482111||1210568422||ru||
1539484672||1539485183||1210568422||ru||
1539485184||1539485695||1210568422||ru||
1539487232||1539487743||1210568422||ru||
1539487744||1539488255||1210568422||ru||
1539489280||1539489791||1210568422||ru||
1539489792||1539490303||1210568422||ru||
1539490304||1539490815||1210568422||ru||
1539491840||1539492351||1210568422||ru||
1539493376||1539493887||1210568422||ru||
1539494912||1539495423||1210568422||ru||
1539498496||1539499007||1210568422||ru||
1539503104||1539503615||1210568422||ru||
1539503616||1539504127||1210568422||ru||
1539505152||1539505663||1210568422||ru||
1539505664||1539506175||1210568422||ru||
1539510272||1539510783||1210568422||ru||
1539511808||1539512319||1210568422||ru||
1539518976||1539519487||1210568422||ru||
1539521536||1539522047||1210568422||ru||
1539531776||1539532287||1210568422||ru||
1539532288||1539532799||1210568422||ru||
1539534336||1539534847||1210568422||ru||
1539535360||1539535871||1210568422||ru||
1539538944||1539539455||1210568422||ru||
1539539456||1539539967||1210568422||ru||
1539539968||1539540479||1210568422||ru||
1539540992||1539541503||1210568422||ru||
1539544064||1539544575||1210568422||ru||
1539549696||1539550207||1210568422||ru||
1539551744||1539552255||1210568422||ru||
1539558400||1539558911||1210568422||ru||
1539559424||1539559935||1210568422||ru||
1539559936||1539560447||1210568422||ru||
1539563008||1539563519||1210568422||ru||
1539570688||1539571199||1210568422||ru||
1539571200||1539571711||1210568422||ru||
1539572736||1539573759||1210568422||ru||
1539575808||1539576831||1210568422||ru||
1539577856||1539578879||1210568422||ru||
1539579904||1539580927||1210568422||ru||
1539580928||1539581951||1210568422||ru||
1539581952||1539582975||1210568422||ru||
1539590144||1539591167||1210568422||ru||
1539591168||1539592191||1210568422||ru||
1539610624||1539611647||1210568422||ru||
1539619840||1539620863||1210568422||ru||
1539623936||1539624959||1210568422||ru||
1539624960||1539625983||1210568422||ru||
1539627008||1539628031||1210568422||ru||
1539632128||1539633151||1210568422||ru||
1539634176||1539635199||1210568422||ru||
1539635200||1539636223||1210568422||ru||
1539636224||1539637247||1210568422||ru||
1539637248||1539638271||1210568422||ru||
1539639296||1539640319||1210568422||ru||
1539642368||1539643391||1210568422||ru||
1539653632||1539654655||1210568422||ru||
1539656704||1539657727||1210568422||ru||
1539661824||1539662847||1210568422||ru||
1539665920||1539666943||1210568422||ru||
1539678208||1539679231||1210568422||ru||
1539681280||1539682303||1210568422||ru||
1539683328||1539684351||1210568422||ru||
1539685376||1539686399||1210568422||ru||
1539686400||1539687423||1210568422||ru||
1539687424||1539688447||1210568422||ru||
1539691520||1539692543||1210568422||ru||
1539696640||1539697663||1210568422||ru||
1539706368||1539706623||1210568422||ru||
1539711232||1539711487||1210568422||ru||
1539712512||1539712767||1210568422||ru||
1539715840||1539716095||1210568422||ru||
1539716608||1539716863||1210568422||ru||
1539720192||1539720447||1210568422||ru||
1539720448||1539720703||1210568422||ru||
1539721984||1539722239||1210568422||ru||
1539724544||1539724799||1210568422||ru||
1539726080||1539726335||1210568422||ru||
1539727872||1539728127||1210568422||ru||
1539729408||1539729663||1210568422||ru||
1539736064||1539736319||1210568422||ru||
1539737344||1539737599||1210568422||ru||
1539737856||1539738111||1210568422||ru||
1539740928||1539741183||1210568422||ru||
1539742464||1539742719||1210568422||ru||
1539746304||1539746559||1210568422||ru||
1539749888||1539750143||1210568422||ru||
1539757056||1539757311||1210568422||ru||
1539759360||1539759615||1210568422||ru||
1539760384||1539760639||1210568422||ru||
1539761920||1539762175||1210568422||ru||
1539770880||1539771135||1210568422||ru||
1539771904||1539772159||1210568422||ru||
1539772416||1539772671||1210568422||ru||
1539772928||1539773183||1210568422||ru||
1539774464||1539774719||1210568422||ru||
1539774976||1539775231||1210568422||ru||
1539778560||1539778815||1210568422||ru||
1539780096||1539780351||1210568422||ru||
1539784192||1539784447||1210568422||ru||
1539789056||1539789311||1210568422||ru||
1539791360||1539791615||1210568422||ru||
1539796992||1539797247||1210568422||ru||
1539797504||1539797759||1210568422||ru||
1539805952||1539806207||1210568422||ru||
1539808256||1539808511||1210568422||ru||
1539812096||1539812351||1210568422||ru||
1539813888||1539814143||1210568422||ru||
1539815424||1539815679||1210568422||ru||
1539815680||1539815935||1210568422||ru||
1539816704||1539816959||1210568422||ru||
1539818496||1539818751||1210568422||ru||
1539818752||1539819007||1210568422||ru||
1539820800||1539821055||1210568422||ru||
1539822336||1539822591||1210568422||ru||
1539825408||1539825663||1210568422||ru||
1539825664||1539825919||1210568422||ru||
1539827200||1539827455||1210568422||ru||
1539830784||1539831039||1210568422||ru||
1539831808||1539832063||1210568422||ru||
1539832576||1539832831||1210568422||ru||
1539833088||1539833343||1210568422||ru||
1539841024||1539842047||1210568422||ru||
1539855360||1539856383||1210568422||ru||
1539870720||1539871743||1210568422||ru||
1539883008||1539884031||1210568422||ru||
1539889152||1539890175||1210568422||ru||
1539891200||1539892223||1210568422||ru||
1539892224||1539893247||1210568422||ru||
1539899392||1539900415||1210568422||ru||
1539901440||1539902463||1210568422||ru||
1539911680||1539912703||1210568422||ru||
1539912704||1539913727||1210568422||ru||
1539917824||1539918847||1210568422||ru||
1539929088||1539930111||1210568422||ru||
1539946496||1539947519||1210568422||ru||
1539951616||1539952639||1210568422||ru||
1539952640||1539953663||1210568422||ru||
1539957760||1539958783||1210568422||ru||
1539963904||1539964927||1210568422||ru||
1539965952||1539966975||1210568422||ru||
1539968000||1539969023||1210568422||ru||
1539969024||1539970047||1210568422||ru||
1539970048||1539971071||1210568422||ru||
1539971072||1539972095||1210568422||ru||
1539973120||1539974143||1210568422||ru||
1539974144||1539975167||1210568422||ru||
1539976192||1539977215||1210568422||ru||
1539980288||1539981311||1210568422||ru||
1539982336||1539983359||1210568422||ru||
1539986432||1539987455||1210568422||ru||
1539988480||1539989503||1210568422||ru||
1539989504||1539990527||1210568422||ru||
1540000768||1540001791||1210568422||ru||
1540002816||1540003839||1210568422||ru||
1540006912||1540007935||1210568422||ru||
1540011008||1540012031||1210568422||ru||
1540012032||1540013055||1210568422||ru||
1540013056||1540014079||1210568422||ru||
1540015104||1540016127||1210568422||ru||
1540017152||1540018175||1210568422||ru||
1540020224||1540021247||1210568422||ru||
1540021248||1540022271||1210568422||ru||
1540024320||1540025343||1210568422||ru||
1540029440||1540030463||1210568422||ru||
1540032512||1540033535||1210568422||ru||
1540039680||1540040703||1210568422||ru||
1540046848||1540047871||1210568422||ru||
1540050944||1540051967||1210568422||ru||
1540051968||1540052991||1210568422||ru||
1540069376||1540070399||1210568422||ru||
1540070400||1540071423||1210568422||ru||
1540073472||1540074495||1210568422||ru||
1540074496||1540075519||1210568422||ru||
1540075520||1540076543||1210568422||ru||
1540078592||1540079615||1210568422||ru||
1545863168||1545895935||1210568422||ru||
1545961472||1545994239||1210568422||ru||
1546027008||1546059775||1210568422||ru||
1546076160||1546080255||1210568422||ru||
1546084352||1546088447||1210568422||ru||
1546092544||1546096639||1210568422||ru||
1546100736||1546104831||1210568422||ru||
1546113024||1546117119||1210568422||ru||
1546117120||1546121215||1210568422||ru||
1546256384||1546258431||1210568422||ru||
1546258432||1546260479||1210568422||ru||
1546260480||1546262527||1210568422||ru||
1546262528||1546264575||1210568422||ru||
1546266624||1546268671||1210568422||ru||
1546278912||1546280959||1210568422||ru||
1546289152||1546291199||1210568422||ru||
1546297344||1546299391||1210568422||ru||
1546309632||1546311679||1210568422||ru||
1546321920||1546323967||1210568422||ru||
1546360832||1546362879||1210568422||ru||
1546362880||1546364927||1210568422||ru||
1546369024||1546371071||1210568422||ru||
1546747904||1546764287||1210568422||ru||
1546813440||1546829823||1210568422||ru||
1546829824||1546846207||1210568422||ru||
1546846208||1546862591||1210568422||ru||
1546993664||1547010047||1210568422||ru||
1547059200||1547075583||1210568422||ru||
1547108352||1547124735||1210568422||ru||
1547456512||1547460607||1210568422||ru||
1547505664||1547509759||1210568422||ru||
1547517952||1547522047||1210568422||ru||
1547579392||1547583487||1210568422||ru||
1547649024||1547653119||1210568422||ru||
1547673600||1547677695||1210568422||ru||
1547677696||1547681791||1210568422||ru||
1547681792||1547685887||1210568422||ru||
1550057472||1550188543||1210568422||ru||
1551630336||1551761407||1210568422||ru||
1559265280||1559273471||1210568422||ru||
1559281664||1559289855||1210568422||ru||
1559298048||1559306239||1210568422||ru||
1559322624||1559330815||1210568422||ru||
1559339008||1559347199||1210568422||ru||
1559355392||1559363583||1210568422||ru||
1559363584||1559371775||1210568422||ru||
1559371776||1559379967||1210568422||ru||
1559379968||1559388159||1210568422||ru||
1559445504||1559453695||1210568422||ru||
1559453696||1559461887||1210568422||ru||
1559470080||1559478271||1210568422||ru||
1559552000||1559560191||1210568422||ru||
1559568384||1559576575||1210568422||ru||
1559642112||1559650303||1210568422||ru||
1559658496||1559666687||1210568422||ru||
1559666688||1559674879||1210568422||ru||
1559789568||1559822335||1210568422||ru||
1560051712||1560084479||1210568422||ru||
1560215552||1560248319||1210568422||ru||
1560248320||1560281087||1210568422||ru||
1565523968||1565655039||1210568422||ru||
1566048256||1566052351||1210568422||ru||
1566052352||1566056447||1210568422||ru||
1566064640||1566068735||1210568422||ru||
1566081024||1566085119||1210568422||ru||
1566089216||1566093311||1210568422||ru||
1566093312||1566097407||1210568422||ru||
1566101504||1566105599||1210568422||ru||
1566158848||1566162943||1210568422||ru||
1566187520||1566191615||1210568422||ru||
1566199808||1566203903||1210568422||ru||
1566203904||1566207999||1210568422||ru||
1566232576||1566236671||1210568422||ru||
1566236672||1566240767||1210568422||ru||
1566240768||1566244863||1210568422||ru||
1566244864||1566248959||1210568422||ru||
1566318592||1566320639||1210568422||ru||
1566326784||1566328831||1210568422||ru||
1566330880||1566332927||1210568422||ru||
1566332928||1566334975||1210568422||ru||
1566339072||1566341119||1210568422||ru||
1566345216||1566347263||1210568422||ru||
1566355456||1566357503||1210568422||ru||
1566359552||1566361599||1210568422||ru||
1566361600||1566363647||1210568422||ru||
1566365696||1566367743||1210568422||ru||
1566371840||1566373887||1210568422||ru||
1566384128||1566386175||1210568422||ru||
1566398464||1566400511||1210568422||ru||
1566410752||1566412799||1210568422||ru||
1566412800||1566414847||1210568422||ru||
1566418944||1566420991||1210568422||ru||
1566478336||1566480383||1210568422||ru||
1566480384||1566482431||1210568422||ru||
1566486528||1566488575||1210568422||ru||
1566500864||1566502911||1210568422||ru||
1566517248||1566519295||1210568422||ru||
1566531584||1566533631||1210568422||ru||
1566541824||1566543871||1210568422||ru||
1566545920||1566547967||1210568422||ru||
1566547968||1566550015||1210568422||ru||
1566550016||1566552063||1210568422||ru||
1566556160||1566558207||1210568422||ru||
1566558208||1566560255||1210568422||ru||
1566834688||1566900223||1210568422||ru||
1568178176||1568210943||1210568422||ru||
1568210944||1568243711||1210568422||ru||
1568374784||1568407551||1210568422||ru||
1568407552||1568440319||1210568422||ru||
1571848192||1571864575||1210568422||ru||
1571880960||1571897343||1210568422||ru||
1571962880||1571979263||1210568422||ru||
1572028416||1572044799||1210568422||ru||
1572077568||1572093951||1210568422||ru||
1572110336||1572126719||1210568422||ru||
1572192256||1572208639||1210568422||ru||
1572605952||1572607999||1210568422||ru||
1572612096||1572614143||1210568422||ru||
1572622336||1572624383||1210568422||ru||
1572626432||1572628479||1210568422||ru||
1572632576||1572634623||1210568422||ru||
1572640768||1572642815||1210568422||ru||
1572648960||1572651007||1210568422||ru||
1572653056||1572655103||1210568422||ru||
1572655104||1572657151||1210568422||ru||
1572669440||1572671487||1210568422||ru||
1572671488||1572673535||1210568422||ru||
1572677632||1572679679||1210568422||ru||
1572679680||1572681727||1210568422||ru||
1572681728||1572683775||1210568422||ru||
1572685824||1572687871||1210568422||ru||
1572687872||1572689919||1210568422||ru||
1572698112||1572700159||1210568422||ru||
1572704256||1572706303||1210568422||ru||
3238502400||3238504447||1210568422||ru||
3239078400||3239078655||1210568422||ru||
3239104512||3239105279||1210568422||ru||
3239127808||3239128063||1210568422||ru||
3239130112||3239130367||1210568422||ru||
3239160320||3239160575||1210568422||ru||
3239264768||3239265279||1210568422||ru||
3239265280||3239265791||1210568422||ru||
3239265792||3239266303||1210568422||ru||
3239268864||3239269375||1210568422||ru||
3239273984||3239274495||1210568422||ru||
3239277568||3239278079||1210568422||ru||
3239280128||3239280639||1210568422||ru||
3239467008||3239467263||1210568422||ru||
3239489024||3239489279||1210568422||ru||
3239506432||3239506687||1210568422||ru||
3239643136||3239645183||1210568422||ru||
3239689728||3239690239||1210568422||ru||
3239697664||3239697919||1210568422||ru||
3239706624||3239706879||1210568422||ru||
3239707136||3239707391||1210568422||ru||
3239710720||3239710975||1210568422||ru||
3239711232||3239711487||1210568422||ru||
3239741184||3239741439||1210568422||ru||
3239759872||3239760127||1210568422||ru||
3239760896||3239761151||1210568422||ru||
3239761408||3239761663||1210568422||ru||
3239782656||3239782911||1210568422||ru||
3239789056||3239789567||1210568422||ru||
3239822336||3239822847||1210568422||ru||
3239824896||3239825407||1210568422||ru||
3239826944||3239827455||1210568422||ru||
3239828992||3239829503||1210568422||ru||
3239829504||3239830015||1210568422||ru||
3239831040||3239831551||1210568422||ru||
3239831552||3239832063||1210568422||ru||
3239832576||3239834111||1210568422||ru||
3239835648||3239836159||1210568422||ru||
3239848960||3239849215||1210568422||ru||
3239849472||3239849727||1210568422||ru||
3239877632||3239877887||1210568422||ru||
3239884800||3239885055||1210568422||ru||
3239886336||3239886591||1210568422||ru||
3239897600||3239897855||1210568422||ru||
3239902464||3239902719||1210568422||ru||
3239978752||3239979007||1210568422||ru||
3239979008||3239979263||1210568422||ru||
3240029184||3240030207||1210568422||ru||
3240032256||3240033279||1210568422||ru||
3240034304||3240034559||1210568422||ru||
3240104960||3240105215||1210568422||ru||
3240175616||3240176127||1210568422||ru||
3240187904||3240188415||1210568422||ru||
3240190976||3240191487||1210568422||ru||
3240196096||3240196607||1210568422||ru||
3240196608||3240197119||1210568422||ru||
3240202240||3240202751||1210568422||ru||
3240206336||3240206847||1210568422||ru||
3240207872||3240208383||1210568422||ru||
3240208896||3240209407||1210568422||ru||
3240212480||3240212991||1210568422||ru||
3240214528||3240215039||1210568422||ru||
3240215040||3240215551||1210568422||ru||
3240222720||3240223231||1210568422||ru||
3240223232||3240223743||1210568422||ru||
3240224256||3240224767||1210568422||ru||
3240224768||3240225279||1210568422||ru||
3240226816||3240227327||1210568422||ru||
3240227328||3240227839||1210568422||ru||
3240262656||3240263679||1210568422||ru||
3240265216||3240265727||1210568422||ru||
3240272896||3240273407||1210568422||ru||
3240280704||3240280831||1210568422||ru||
3240461824||3240462079||1210568422||ru||
3240462592||3240462847||1210568422||ru||
3240463360||3240463615||1210568422||ru||
3240467712||3240467967||1210568422||ru||
3240587520||3240587775||1210568422||ru||
3240588288||3240588543||1210568422||ru||
3240622080||3240622335||1210568422||ru||
3240622336||3240622591||1210568422||ru||
3240711680||3240711935||1210568422||ru||
3240725504||3240726527||1210568422||ru||
3240747520||3240747775||1210568422||ru||
3240820800||3240820831||1210568422||ru||
3240853248||3240853503||1210568422||ru||
3240867328||3240867583||1210568422||ru||
3240873984||3240874495||1210568422||ru||
3240878080||3240879103||1210568422||ru||
3241032704||3241032959||1210568422||ru||
3241033984||3241034239||1210568422||ru||
3241036288||3241036543||1210568422||ru||
3241037056||3241037311||1210568422||ru||
3241070336||3241070591||1210568422||ru||
3241070592||3241070847||1210568422||ru||
3241071360||3241071615||1210568422||ru||
3241071872||3241072127||1210568422||ru||
3241105152||3241105407||1210568422||ru||
3241120768||3241121023||1210568422||ru||
3241122304||3241122559||1210568422||ru||
3241803816||3241803823||1210568422||ru||
3241864448||3241864703||1210568422||ru||
3243509760||3243510015||1210568422||ru||
3243512064||3243512319||1210568422||ru||
3243513344||3243513599||1210568422||ru||
3243513600||3243513855||1210568422||ru||
3243515648||3243515903||1210568422||ru||
3243527168||3243527423||1210568422||ru||
3243530240||3243530495||1210568422||ru||
3243572992||3243573247||1210568422||ru||
3244112896||3244113919||1210568422||ru||
3244156928||3244157951||1210568422||ru||
3244157952||3244158975||1210568422||ru||
3245127168||3245127423||1210568422||ru||
3245133568||3245133823||1210568422||ru||
3245139456||3245139967||1210568422||ru||
3245149184||3245150207||1210568422||ru||
3245165568||3245166079||1210568422||ru||
3245168896||3245169151||1210568422||ru||
3245175296||3245175551||1210568422||ru||
3245209088||3245209599||1210568422||ru||
3245211648||3245212159||1210568422||ru||
3245212672||3245213183||1210568422||ru||
3245272064||3245273087||1210568422||ru||
3245279744||3245280255||1210568422||ru||
3245296640||3245297151||1210568422||ru||
3245300480||3245300735||1210568422||ru||
3245300736||3245300991||1210568422||ru||
3245306880||3245307391||1210568422||ru||
3245317120||3245318143||1210568422||ru||
3245322240||3245323263||1210568422||ru||
3245341696||3245342719||1210568422||ru||
3246129152||3246194687||1210568422||ru||
3246194688||3246260223||1210568422||ru||
3247064576||3247064831||1210568422||ru||
3247066880||3247067135||1210568422||ru||
3247067648||3247067903||1210568422||ru||
3247069440||3247069695||1210568422||ru||
3247076352||3247076607||1210568422||ru||
3247079424||3247080447||1210568422||ru||
3247084544||3247085567||1210568422||ru||
3247085568||3247086591||1210568422||ru||
3247091712||3247092735||1210568422||ru||
3247323136||3247323391||1210568422||ru||
3247323392||3247323647||1210568422||ru||
3247374336||3247374591||1210568422||ru||
3247399424||3247399679||1210568422||ru||
3247404800||3247405055||1210568422||ru||
3247705856||3247706111||1210568422||ru||
3247713280||3247713535||1210568422||ru||
3247714048||3247714303||1210568422||ru||
3247833088||3247865855||1210568422||ru||
3247898624||3247899647||1210568422||ru||
3247926272||3247927295||1210568422||ru||
3247961088||3247962111||1210568422||ru||
3247963136||3247964159||1210568422||ru||
3248787968||3248788223||1210568422||ru||
3248810112||3248810143||1210568422||ru||
3249676800||3249677055||1210568422||ru||
3249702656||3249702911||1210568422||ru||
3249708544||3249709055||1210568422||ru||
3249709568||3249709823||1210568422||ru||
3250192640||3250192895||1210568422||ru||
3250201088||3250201343||1210568422||ru||
3250323200||3250323455||1210568422||ru||
3250388480||3250388735||1210568422||ru||
3250406400||3250406911||1210568422||ru||
3250419712||3250420223||1210568422||ru||
3250618368||3250626559||1210568422||ru||
3250755840||3250756351||1210568422||ru||
3251112448||3251112703||1210568422||ru||
3251114496||3251114751||1210568422||ru||
3251115264||3251115519||1210568422||ru||
3251118592||3251119103||1210568422||ru||
3251133952||3251134463||1210568422||ru||
3251142912||3251143167||1210568422||ru||
3251148032||3251148287||1210568422||ru||
3251152896||3251153151||1210568422||ru||
3251158272||3251158527||1210568422||ru||
3251163904||3251164159||1210568422||ru||
3251165696||3251165951||1210568422||ru||
3251166464||3251166719||1210568422||ru||
3251170816||3251171071||1210568422||ru||
3251183104||3251183615||1210568422||ru||
3251197952||3251198975||1210568422||ru||
3251205632||3251206143||1210568422||ru||
3251207680||3251208191||1210568422||ru||
3251214208||3251214271||1210568422||ru||
3251214336||3251214463||1210568422||ru||
3251216256||3251216383||1210568422||ru||
3251233792||3251234815||1210568422||ru||
3251267840||3251268095||1210568422||ru||
3251321856||3251322879||1210568422||ru||
3251358208||3251358719||1210568422||ru||
3252380928||3252381183||1210568422||ru||
3252381696||3252381951||1210568422||ru||
3252387072||3252387327||1210568422||ru||
3252387584||3252387839||1210568422||ru||
3252579584||3252579839||1210568422||ru||
3252587520||3252587775||1210568422||ru||
3252600320||3252600575||1210568422||ru||
3252600576||3252600831||1210568422||ru||
3252938752||3252939263||1210568422||ru||
3252940800||3252941311||1210568422||ru||
3252943872||3252944383||1210568422||ru||
3252981248||3252981503||1210568422||ru||
3252985600||3252985855||1210568422||ru||
3253207040||3253272575||1210568422||ru||
3253272576||3253305343||1210568422||ru||
3253305344||3253338111||1210568422||ru||
3253609472||3253610495||1210568422||ru||
3253630976||3253631999||1210568422||ru||
3253633024||3253634047||1210568422||ru||
3253634048||3253635071||1210568422||ru||
3253645312||3253646335||1210568422||ru||
3253704192||3253704703||1210568422||ru||
3253727744||3253728255||1210568422||ru||
3253893888||3253894143||1210568422||ru||
3253894912||3253895167||1210568422||ru||
3253963264||3253963775||1210568422||ru||
3254701056||3254701567||1210568422||ru||
3254711808||3254712319||1210568422||ru||
3254712320||3254712831||1210568422||ru||
3254797312||3254798335||1210568422||ru||
3254810624||3254811647||1210568422||ru||
3254814720||3254814975||1210568422||ru||
3254816000||3254816255||1210568422||ru||
3254816768||3254817023||1210568422||ru||
3254817024||3254817279||1210568422||ru||
3254833408||3254833663||1210568422||ru||
3254837504||3254837759||1210568422||ru||
3254838016||3254838271||1210568422||ru||
3254839040||3254839295||1210568422||ru||
3254842624||3254842879||1210568422||ru||
3254884352||3254884607||1210568422||ru||
3254886656||3254886911||1210568422||ru||
3254896128||3254896383||1210568422||ru||
3255228416||3255229439||1210568422||ru||
3255229440||3255230463||1210568422||ru||
3255316224||3255316479||1210568422||ru||
3255318272||3255318527||1210568422||ru||
3255321600||3255322111||1210568422||ru||
3255322112||3255322623||1210568422||ru||
3255322624||3255323135||1210568422||ru||
3255323136||3255323647||1210568422||ru||
3255325696||3255326207||1210568422||ru||
3255345152||3255353343||1210568422||ru||
3255374336||3255374847||1210568422||ru||
3255379456||3255379967||1210568422||ru||
3255564032||3255564287||1210568422||ru||
3255800576||3255800831||1210568422||ru||
3256414208||3256414719||1210568422||ru||
3256788224||3256788479||1210568422||ru||
3256794624||3256794879||1210568422||ru||
3256991488||3256991743||1210568422||ru||
3257180416||3257180671||1210568422||ru||
3257561088||3257561599||1210568422||ru||
3257981440||3257981695||1210568422||ru||
3258058240||3258058495||1210568422||ru||
3258059264||3258059519||1210568422||ru||
3258078976||3258079231||1210568422||ru||
3258083072||3258083327||1210568422||ru||
3258083328||3258083583||1210568422||ru||
3258087424||3258087679||1210568422||ru||
3258121984||3258122239||1210568422||ru||
3258321920||3258322943||1210568422||ru||
3258335232||3258336255||1210568422||ru||
3258352640||3258353663||1210568422||ru||
3258356736||3258357759||1210568422||ru||
3258359808||3258360831||1210568422||ru||
3258363904||3258364927||1210568422||ru||
3258580992||3258646527||1210568422||ru||
3258691584||3258691839||1210568422||ru||
3258693632||3258693887||1210568422||ru||
3258694144||3258694399||1210568422||ru||
3258843136||3258843391||1210568422||ru||
3258849024||3258849279||1210568422||ru||
3258902784||3258903039||1210568422||ru||
3258903808||3258904063||1210568422||ru||
3258945536||3258946559||1210568422||ru||
3259170816||3259187199||1210568422||ru||
3259187200||3259189247||1210568422||ru||
3259189248||3259191295||1210568422||ru||
3259191296||3259195391||1210568422||ru||
3259195392||3259203583||1210568422||ru||
3259203584||3259236351||1210568422||ru||
3259958272||3259959295||1210568422||ru||
3259965440||3259966463||1210568422||ru||
3259966464||3259967487||1210568422||ru||
3260284928||3260293119||1210568422||ru||
3260293120||3260301311||1210568422||ru||
3260301312||3260317695||1210568422||ru||
3260317696||3260350463||1210568422||ru||
3260350464||3260415999||1210568422||ru||
3260481536||3260547071||1210568422||ru||
3260550656||3260550911||1210568422||ru||
3260582400||3260582911||1210568422||ru||
3260582912||3260583423||1210568422||ru||
3260598272||3260598783||1210568422||ru||
3260599296||3260599807||1210568422||ru||
3260599808||3260600319||1210568422||ru||
3260600320||3260600831||1210568422||ru||
3260600832||3260601343||1210568422||ru||
3260611584||3260612095||1210568422||ru||
3261694464||3261694975||1210568422||ru||
3261701120||3261701631||1210568422||ru||
3261710336||3261718527||1210568422||ru||
3261776384||3261776895||1210568422||ru||
3261778432||3261778943||1210568422||ru||
3261796608||3261796863||1210568422||ru||
3261797632||3261797887||1210568422||ru||
3261798144||3261798399||1210568422||ru||
3261812736||3261812991||1210568422||ru||
3261821952||3261822207||1210568422||ru||
3261993472||3261993727||1210568422||ru||
3262005760||3262006015||1210568422||ru||
3262006528||3262006783||1210568422||ru||
3262038272||3262038527||1210568422||ru||
3262040576||3262040831||1210568422||ru||
3262045952||3262046207||1210568422||ru||
3262053120||3262053375||1210568422||ru||
3262054144||3262054399||1210568422||ru||
3262283776||3262284799||1210568422||ru||
3262417920||3262418431||1210568422||ru||
3262446080||3262446591||1210568422||ru||
3262460544||3262460671||1210568422||ru||
3262464000||3262472191||1210568422||ru||
3263032320||3263033343||1210568422||ru||
3263036928||3263037439||1210568422||ru||
3263080448||3263081471||1210568422||ru||
3263083520||3263084543||1210568422||ru||
3263089408||3263089663||1210568422||ru||
3263091456||3263091711||1210568422||ru||
3263093504||3263093759||1210568422||ru||
3263094784||3263095039||1210568422||ru||
3263627264||3263692799||1210568422||ru||
3264186880||3264187391||1210568422||ru||
3264188416||3264188927||1210568422||ru||
3264188928||3264189439||1210568422||ru||
3264323072||3264323327||1210568422||ru||
3264325632||3264326655||1210568422||ru||
3264336896||3264337407||1210568422||ru||
3264342784||3264343039||1210568422||ru||
3264377088||3264377343||1210568422||ru||
3264377600||3264377855||1210568422||ru||
3264378624||3264378879||1210568422||ru||
3264379392||3264379647||1210568422||ru||
3264409600||3264410623||1210568422||ru||
3264561152||3264561407||1210568422||ru||
3264561408||3264561919||1210568422||ru||
3264561920||3264562175||1210568422||ru||
3264562176||3264562431||1210568422||ru||
3264562432||3264562559||1210568422||ru||
3264562560||3264562687||1210568422||ru||
3264562688||3264562943||1210568422||ru||
3264562944||3264563071||1210568422||ru||
3264563072||3264563103||1210568422||ru||
3264563104||3264563135||1210568422||ru||
3264563136||3264563151||1210568422||ru||
3264563152||3264563167||1210568422||ru||
3264563168||3264563183||1210568422||ru||
3264563184||3264563199||1210568422||ru||
3264567808||3264568063||1210568422||ru||
3264568064||3264568319||1210568422||ru||
3264568576||3264568831||1210568422||ru||
3264569088||3264569343||1210568422||ru||
3264602112||3264603135||1210568422||ru||
3264604672||3264605183||1210568422||ru||
3264628736||3264629759||1210568422||ru||
3264632832||3264633855||1210568422||ru||
3264633856||3264634879||1210568422||ru||
3264642048||3264643071||1210568422||ru||
3264643072||3264651263||1210568422||ru||
3264652288||3264652799||1210568422||ru||
3264655872||3264656383||1210568422||ru||
3264662016||3264662527||1210568422||ru||
3264670208||3264670719||1210568422||ru||
3264835584||3264835839||1210568422||ru||
3264847488||3264847615||1210568422||ru||
3264888832||3264897023||1210568422||ru||
3265605120||3265605375||1210568422||ru||
3265606144||3265606399||1210568422||ru||
3265608192||3265608447||1210568422||ru||
3265608960||3265609215||1210568422||ru||
3265609216||3265609471||1210568422||ru||
3265609472||3265609727||1210568422||ru||
3265910528||3265910783||1210568422||ru||
3265914368||3265914623||1210568422||ru||
3265917440||3265917695||1210568422||ru||
3265918720||3265918975||1210568422||ru||
3265919488||3265919743||1210568422||ru||
3266339840||3266340095||1210568422||ru||
3266969600||3267035135||1210568422||ru||
3267044352||3267045375||1210568422||ru||
3267087360||3267088383||1210568422||ru||
3267231744||3267297279||1210568422||ru||
3268740608||3268740863||1210568422||ru||
3268742144||3268742399||1210568422||ru||
3268744448||3268744703||1210568422||ru||
3268745216||3268745471||1210568422||ru||
3268745472||3268745727||1210568422||ru||
3269197824||3269263359||1210568422||ru||
3269591040||3269656575||1210568422||ru||
3270648064||3270648319||1210568422||ru||
3270670336||3270671359||1210568422||ru||
3270671360||3270672383||1210568422||ru||
3270930432||3270930943||1210568422||ru||
3271000064||3271008255||1210568422||ru||
3271704576||3271712767||1210568422||ru||
3271747584||3271748095||1210568422||ru||
3271749120||3271749631||1210568422||ru||
3271752704||3271753215||1210568422||ru||
3271789568||3271790591||1210568422||ru||
3271815168||3271816191||1210568422||ru||
3271917568||3271925759||1210568422||ru||
3271926272||3271926527||1210568422||ru||
3271928320||3271928575||1210568422||ru||
3271930368||3271930623||1210568422||ru||
3272056832||3272065023||1210568422||ru||
3272107520||3272107775||1210568422||ru||
3272146944||3272212479||1210568422||ru||
3272263168||3272263423||1210568422||ru||
3272264960||3272265215||1210568422||ru||
3272266752||3272267007||1210568422||ru||
3272359936||3272368127||1210568422||ru||
3272475136||3272475391||1210568422||ru||
3272477696||3272477951||1210568422||ru||
3272480000||3272480255||1210568422||ru||
3272482816||3272491007||1210568422||ru||
3272613888||3272622079||1210568422||ru||
3272624128||3272625151||1210568422||ru||
3272630272||3272638463||1210568422||ru||
3272744960||3272753151||1210568422||ru||
3272802304||3272835071||1210568422||ru||
3272835072||3272867839||1210568422||ru||
3272917504||3272918015||1210568422||ru||
3272918016||3272918527||1210568422||ru||
3273026560||3273027583||1210568422||ru||
3273188352||3273188863||1210568422||ru||
3273195008||3273195519||1210568422||ru||
3273262592||3273263103||1210568422||ru||
3273268736||3273269247||1210568422||ru||
3273302016||3273310207||1210568422||ru||
3273394688||3273395199||1210568422||ru||
3273395712||3273396223||1210568422||ru||
3273397248||3273397759||1210568422||ru||
3273397760||3273398271||1210568422||ru||
3273400320||3273408511||1210568422||ru||
3273785344||3273793535||1210568422||ru||
3273793536||3273801727||1210568422||ru||
3273834496||3273835519||1210568422||ru||
3273842688||3273850879||1210568422||ru||
3273868288||3273869311||1210568422||ru||
3273880576||3273881087||1210568422||ru||
3274053376||3274053631||1210568422||ru||
3274055680||3274063871||1210568422||ru||
3274165760||3274166271||1210568422||ru||
3274171392||3274171903||1210568422||ru||
3274326016||3274334207||1210568422||ru||
3274334208||3274334719||1210568422||ru||
3274339840||3274340351||1210568422||ru||
3274340864||3274341375||1210568422||ru||
3274347008||3274347519||1210568422||ru||
3274349056||3274349567||1210568422||ru||
3274349568||3274350079||1210568422||ru||
3274350080||3274350591||1210568422||ru||
3274350592||3274358783||1210568422||ru||
3274383360||3274384383||1210568422||ru||
3274579968||3274580991||1210568422||ru||
3274596352||3274604543||1210568422||ru||
3274612736||3274620927||1210568422||ru||
3274686464||3274686719||1210568422||ru||
3274687488||3274687743||1210568422||ru||
3274811392||3274812415||1210568422||ru||
3274815488||3274816511||1210568422||ru||
3274817536||3274819583||1210568422||ru||
3274827776||3274829823||1210568422||ru||
3275096064||3275104255||1210568422||ru||
3275145216||3275153407||1210568422||ru||
3275358208||3275366399||1210568422||ru||
3275366400||3275374591||1210568422||ru||
3275510784||3275510911||1210568422||ru||
3275545600||3275546623||1210568422||ru||
3275547648||3275548671||1210568422||ru||
3275551744||3275552767||1210568422||ru||
3275620352||3275620863||1210568422||ru||
3275620864||3275621375||1210568422||ru||
3275621376||3275621887||1210568422||ru||
3275621888||3275622399||1210568422||ru||
3275628544||3275629055||1210568422||ru||
3275629056||3275629567||1210568422||ru||
3275632128||3275632639||1210568422||ru||
3275634176||3275634687||1210568422||ru||
3275635200||3275635711||1210568422||ru||
3275635712||3275636223||1210568422||ru||
3275636224||3275636735||1210568422||ru||
3275791360||3275791871||1210568422||ru||
3275792896||3275793407||1210568422||ru||
3275800576||3275808767||1210568422||ru||
3275900672||3275900927||1210568422||ru||
3275900928||3275901183||1210568422||ru||
3275902208||3275902463||1210568422||ru||
3275902464||3275902719||1210568422||ru||
3275904000||3275904255||1210568422||ru||
3275904768||3275905023||1210568422||ru||
3275905280||3275905535||1210568422||ru||
3275907072||3275907327||1210568422||ru||
3275909120||3275909375||1210568422||ru||
3275910144||3275910399||1210568422||ru||
3275914752||3275915007||1210568422||ru||
3275922432||3275922943||1210568422||ru||
3276046336||3276062719||1210568422||ru||
3276063744||3276064255||1210568422||ru||
3276067328||3276067839||1210568422||ru||
3276075008||3276075519||1210568422||ru||
3276078080||3276078591||1210568422||ru||
3276100608||3276101631||1210568422||ru||
3276116992||3276118015||1210568422||ru||
3276119040||3276120063||1210568422||ru||
3276134400||3276135423||1210568422||ru||
3276193792||3276201983||1210568422||ru||
3276311552||3276312575||1210568422||ru||
3276312576||3276313599||1210568422||ru||
3276333056||3276341247||1210568422||ru||
3276425728||3276425983||1210568422||ru||
3276427776||3276428031||1210568422||ru||
3276428288||3276428543||1210568422||ru||
3276429312||3276430079||1210568422||ru||
3276431104||3276431359||1210568422||ru||
3276691968||3276692479||1210568422||ru||
3276857344||3276857599||1210568422||ru||
3276858368||3276858623||1210568422||ru||
3276965376||3276965887||1210568422||ru||
3276967424||3276967935||1210568422||ru||
3276967936||3276968447||1210568422||ru||
3276968448||3276968959||1210568422||ru||
3276970496||3276971007||1210568422||ru||
3276971008||3276971519||1210568422||ru||
3277182208||3277182463||1210568422||ru||
3277186816||3277187071||1210568422||ru||
3277187584||3277188351||1210568422||ru||
3277188608||3277188863||1210568422||ru||
3277488128||3277496319||1210568422||ru||
3277496320||3277504511||1210568422||ru||
3277553664||3277586431||1210568422||ru||
3277688832||3277689343||1210568422||ru||
3277689856||3277690367||1210568422||ru||
3277690368||3277690879||1210568422||ru||
3277690880||3277691391||1210568422||ru||
3277693952||3277694463||1210568422||ru||
3277698048||3277698559||1210568422||ru||
3277699584||3277700095||1210568422||ru||
3277704704||3277705215||1210568422||ru||
3277707776||3277708287||1210568422||ru||
3277710336||3277710847||1210568422||ru||
3277713408||3277713919||1210568422||ru||
3277714944||3277715455||1210568422||ru||
3277715456||3277715967||1210568422||ru||
3277774848||3277783039||1210568422||ru||
3277823744||3277823999||1210568422||ru||
3277834240||3277834751||1210568422||ru||
3277834752||3277835263||1210568422||ru||
3277837312||3277837823||1210568422||ru||
3277837824||3277838335||1210568422||ru||
3277838336||3277838847||1210568422||ru||
3277847552||3277848063||1210568422||ru||
3277864960||3277873151||1210568422||ru||
3277889536||3277897727||1210568422||ru||
3277987840||3277996031||1210568422||ru||
3277996032||3278004223||1210568422||ru||
3278020608||3278028799||1210568422||ru||
3278766592||3278767103||1210568422||ru||
3278921728||3278929919||1210568422||ru||
3278954496||3278962687||1210568422||ru||
3279028736||3279029247||1210568422||ru||
3279030272||3279030783||1210568422||ru||
3279032320||3279032831||1210568422||ru||
3279033344||3279033855||1210568422||ru||
3279058432||3279058943||1210568422||ru||
3279059456||3279059967||1210568422||ru||
3279609856||3279618047||1210568422||ru||
3279958016||3279960063||1210568422||ru||
3279960064||3279962111||1210568422||ru||
3279962112||3279970303||1210568422||ru||
3279970304||3279972351||1210568422||ru||
3279976448||3279978495||1210568422||ru||
3279978496||3279986687||1210568422||ru||
3279987200||3279987711||1210568422||ru||
3279988224||3279988735||1210568422||ru||
3280008192||3280008703||1210568422||ru||
3280008704||3280009215||1210568422||ru||
3280142336||3280207871||1210568422||ru||
3280273408||3280338943||1210568422||ru||
3280456704||3280457727||1210568422||ru||
3280463872||3280464895||1210568422||ru||
3280464896||3280465919||1210568422||ru||
3280576512||3280576767||1210568422||ru||
3280579328||3280579583||1210568422||ru||
3280583424||3280583679||1210568422||ru||
3280586752||3280587263||1210568422||ru||
3280653824||3280654079||1210568422||ru||
3280654848||3280655103||1210568422||ru||
3280655616||3280655871||1210568422||ru||
3280657408||3280657663||1210568422||ru||
3280764928||3280765951||1210568422||ru||
3280778240||3280779263||1210568422||ru||
3280784384||3280785407||1210568422||ru||
3280994560||3280994815||1210568422||ru||
3280995840||3280996095||1210568422||ru||
3281000960||3281001215||1210568422||ru||
3281001728||3281001983||1210568422||ru||
3281043456||3281051647||1210568422||ru||
3281051648||3281059839||1210568422||ru||
3281141760||3281149951||1210568422||ru||
3281344256||3281344511||1210568422||ru||
3281344768||3281345023||1210568422||ru||
3281345792||3281346047||1210568422||ru||
3281346560||3281346815||1210568422||ru||
3281348608||3281348863||1210568422||ru||
3281348864||3281349119||1210568422||ru||
3281349888||3281350143||1210568422||ru||
3281350144||3281350399||1210568422||ru||
3281350400||3281350655||1210568422||ru||
3281373184||3281375231||1210568422||ru||
3281453056||3281518591||1210568422||ru||
3281970176||3281970687||1210568422||ru||
3281971200||3281971711||1210568422||ru||
3281972736||3281973247||1210568422||ru||
3281974272||3281974783||1210568422||ru||
3281975296||3281975807||1210568422||ru||
3281975808||3281976319||1210568422||ru||
3281976832||3281977343||1210568422||ru||
3282108416||3282116607||1210568422||ru||
3282116608||3282124799||1210568422||ru||
3282124800||3282141183||1210568422||ru||
3282141184||3282173951||1210568422||ru||
3282182144||3282190335||1210568422||ru||
3282477056||3282485247||1210568422||ru||
3282706432||3282714623||1210568422||ru||
3282742784||3282743039||1210568422||ru||
3282747392||3282755583||1210568422||ru||
3282755584||3282763775||1210568422||ru||
3283183616||3283184639||1210568422||ru||
3283187712||3283188735||1210568422||ru||
3283209216||3283209727||1210568422||ru||
3283212288||3283212799||1210568422||ru||
3283214848||3283215359||1210568422||ru||
3283250176||3283250687||1210568422||ru||
3283271680||3283279871||1210568422||ru||
3283485440||3283485695||1210568422||ru||
3283486464||3283486719||1210568422||ru||
3283486720||3283486975||1210568422||ru||
3283487232||3283487487||1210568422||ru||
3283488512||3283488767||1210568422||ru||
3283491840||3283492095||1210568422||ru||
3283517440||3283525631||1210568422||ru||
3283533824||3283534335||1210568422||ru||
3283634176||3283634687||1210568422||ru||
3283634688||3283635199||1210568422||ru||
3283635712||3283636223||1210568422||ru||
3283638784||3283639295||1210568422||ru||
3283963904||3283964927||1210568422||ru||
3283965952||3283966975||1210568422||ru||
3283969024||3283970047||1210568422||ru||
3283978240||3283978751||1210568422||ru||
3283983360||3283983871||1210568422||ru||
3283986432||3283986943||1210568422||ru||
3283992576||3283993087||1210568422||ru||
3283999232||3283999743||1210568422||ru||
3284000256||3284000767||1210568422||ru||
3284004352||3284004863||1210568422||ru||
3284012032||3284012287||1210568422||ru||
3284012544||3284012799||1210568422||ru||
3284033536||3284041727||1210568422||ru||
3284688384||3284688895||1210568422||ru||
3284716288||3284716543||1210568422||ru||
3284717824||3284718079||1210568422||ru||
3284718848||3284719103||1210568422||ru||
3284719616||3284719871||1210568422||ru||
3284729856||3284795391||1210568422||ru||
3285065728||3285073919||1210568422||ru||
3285088256||3285089279||1210568422||ru||
3285188608||3285254143||1210568422||ru||
3285254144||3285319679||1210568422||ru||
3285327872||3285328383||1210568422||ru||
3285352448||3285360639||1210568422||ru||
3285360640||3285368831||1210568422||ru||
3285635072||3285637119||1210568422||ru||
3285641216||3285642239||1210568422||ru||
3285762560||3285763071||1210568422||ru||
3285764608||3285765119||1210568422||ru||
3285768192||3285768703||1210568422||ru||
3285876736||3285909503||1210568422||ru||
3286138880||3286147071||1210568422||ru||
3286147072||3286155263||1210568422||ru||
3286312448||3286312959||1210568422||ru||
3286317056||3286317567||1210568422||ru||
3286343680||3286344703||1210568422||ru||
3286362112||3286363135||1210568422||ru||
3286646784||3286654975||1210568422||ru||
3286656256||3286656511||1210568422||ru||
3286657792||3286658047||1210568422||ru||
3286658304||3286658559||1210568422||ru||
3286658816||3286659071||1210568422||ru||
3286661888||3286662143||1210568422||ru||
3286906880||3286907135||1210568422||ru||
3286909952||3286910975||1210568422||ru||
3286920192||3286921215||1210568422||ru||
3286930176||3286930431||1210568422||ru||
3286936064||3286936319||1210568422||ru||
3286941184||3286941439||1210568422||ru||
3286945792||3286946815||1210568422||ru||
3287173120||3287173631||1210568422||ru||
3287213568||3287213823||1210568422||ru||
3287213824||3287214079||1210568422||ru||
3287215872||3287216127||1210568422||ru||
3287217664||3287217919||1210568422||ru||
3287218688||3287218943||1210568422||ru||
3287220224||3287285759||1210568422||ru||
3287416832||3287425023||1210568422||ru||
3287453184||3287453695||1210568422||ru||
3287632896||3287633407||1210568422||ru||
3287639552||3287640063||1210568422||ru||
3287666176||3287666431||1210568422||ru||
3287672832||3287673087||1210568422||ru||
3287676416||3287676671||1210568422||ru||
3287677184||3287677439||1210568422||ru||
3287705088||3287705599||1210568422||ru||
3287734784||3287735039||1210568422||ru||
3287742464||3287742975||1210568422||ru||
3287827712||3287827967||1210568422||ru||
3287831040||3287831295||1210568422||ru||
3287834112||3287834367||1210568422||ru||
3287869440||3287869951||1210568422||ru||
3287870464||3287870975||1210568422||ru||
3287872000||3287872511||1210568422||ru||
3287873536||3287874047||1210568422||ru||
3287954176||3287954431||1210568422||ru||
3287955200||3287955455||1210568422||ru||
3287955456||3287955711||1210568422||ru||
3556786176||3556794367||1210568422||ru||
3556884480||3556892671||1210568422||ru||
3556892672||3556900863||1210568422||ru||
3556999168||3557007359||1210568422||ru||
3557113856||3557130239||1210568422||ru||
3557138432||3557146623||1210568422||ru||
3557154816||3557163007||1210568422||ru||
3557163008||3557171199||1210568422||ru||
3557285888||3557294079||1210568422||ru||
3557351424||3557359615||1210568422||ru||
3557523456||3557531647||1210568422||ru||
3557556224||3557564415||1210568422||ru||
3557572608||3557580799||1210568422||ru||
3557646336||3557654527||1210568422||ru||
3557728256||3557736447||1210568422||ru||
3557736448||3557744639||1210568422||ru||
3557777408||3557785599||1210568422||ru||
3557818368||3557826559||1210568422||ru||
3557867520||3557875711||1210568422||ru||
3557883904||3557892095||1210568422||ru||
3558014976||3558023167||1210568422||ru||
3558080512||3558088703||1210568422||ru||
3558088704||3558096895||1210568422||ru||
3558227968||3558236159||1210568422||ru||
3558293504||3558301695||1210568422||ru||
3558350848||3558359039||1210568422||ru||
3558531072||3558539263||1210568422||ru||
3558621184||3558629375||1210568422||ru||
3558768640||3558785023||1210568422||ru||
3558916096||3558924287||1210568422||ru||
3558932480||3558940671||1210568422||ru||
3558989824||3558998015||1210568422||ru||
3559006208||3559014399||1210568422||ru||
3559022592||3559030783||1210568422||ru||
3559284736||3559292927||1210568422||ru||
3559440384||3559448575||1210568422||ru||
3559456768||3559464959||1210568422||ru||
3559530496||3559538687||1210568422||ru||
3559669760||3559677951||1210568422||ru||
3559686144||3559694335||1210568422||ru||
3559718912||3559727103||1210568422||ru||
3559776256||3559784447||1210568422||ru||
3559784448||3559792639||1210568422||ru||
3559833600||3559849983||1210568422||ru||
3559923712||3559931903||1210568422||ru||
3559948288||3559956479||1210568422||ru||
3559964672||3559972863||1210568422||ru||
3560005632||3560013823||1210568422||ru||
3560251392||3560259583||1210568422||ru||
3560398848||3560407039||1210568422||ru||
3560529920||3560538111||1210568422||ru||
3560538112||3560554495||1210568422||ru||
3560620032||3560628223||1210568422||ru||
3560660992||3560669183||1210568422||ru||
3561046016||3561054207||1210568422||ru||
3561160704||3561168895||1210568422||ru||
3561316352||3561324543||1210568422||ru||
3561578496||3561586687||1210568422||ru||
3561676800||3561684991||1210568422||ru||
3561791488||3561799679||1210568422||ru||
3562209280||3562217471||1210568422||ru||
3562782720||3562790911||1210568422||ru||
3562823680||3562831871||1210568422||ru||
3562831872||3562848255||1210568422||ru||
3562930176||3562938367||1210568422||ru||
3562954752||3562962943||1210568422||ru||
3563085824||3563094015||1210568422||ru||
3563110400||3563118591||1210568422||ru||
3563356160||3563364351||1210568422||ru||
3563446272||3563454463||1210568422||ru||
3563831296||3563839487||1210568422||ru||
3563839488||3563847679||1210568422||ru||
3563872256||3563880447||1210568422||ru||
3563962368||3563970559||1210568422||ru||
3564060672||3564068863||1210568422||ru||
3564199936||3564208127||1210568422||ru||
3564240896||3564249087||1210568422||ru||
3564511232||3564519423||1210568422||ru||
3564576768||3564584959||1210568422||ru||
3564593152||3564601343||1210568422||ru||
3564609536||3564617727||1210568422||ru||
3564617728||3564634111||1210568422||ru||
3564675072||3564683263||1210568422||ru||
3564765184||3564773375||1210568422||ru||
3565248512||3565256703||1210568422||ru||
3566739456||3566747647||1210568422||ru||
3567165440||3567169535||1210568422||ru||
3567517696||3567583231||1210568422||ru||
3568304128||3568369663||1210568422||ru||
3569090560||3569123327||1210568422||ru||
3569352704||3569418239||1210568422||ru||
3569418240||3569483775||1210568422||ru||
3571187712||3571253247||1210568422||ru||
3572056064||3572072447||1210568422||ru||
3573022720||3573055487||1210568422||ru||
3574923264||3574939647||1210568422||ru||
3575119872||3575185407||1210568422||ru||
3575316480||3575349247||1210568422||ru||
3575742464||3575775231||1210568422||ru||
3577413632||3577479167||1210568422||ru||
3578724352||3578732543||1210568422||ru||
3578740736||3578757119||1210568422||ru||
3578822656||3578855423||1210568422||ru||
3579117568||3579150335||1210568422||ru||
3579150336||3579183103||1210568422||ru||
3579248640||3579314175||1210568422||ru||
3581984768||3581992959||1210568422||ru||
3582009344||3582017535||1210568422||ru||
3582025728||3582033919||1210568422||ru||
3582132224||3582140415||1210568422||ru||
3582214144||3582222335||1210568422||ru||
3582377984||3582386175||1210568422||ru||
3582410752||3582418943||1210568422||ru||
3582418944||3582427135||1210568422||ru||
3582427136||3582435327||1210568422||ru||
3582582784||3582590975||1210568422||ru||
3582640128||3582648319||1210568422||ru||
3582746624||3582754815||1210568422||ru||
3582779392||3582787583||1210568422||ru||
3582820352||3582828543||1210568422||ru||
3582836736||3582844927||1210568422||ru||
3582844928||3582853119||1210568422||ru||
3582902272||3582910463||1210568422||ru||
3583057920||3583066111||1210568422||ru||
3583188992||3583197183||1210568422||ru||
3583213568||3583221759||1210568422||ru||
3583229952||3583238143||1210568422||ru||
3583246336||3583254527||1210568422||ru||
3583287296||3583295487||1210568422||ru||
3583311872||3583320063||1210568422||ru||
3583393792||3583401983||1210568422||ru||
3583541248||3583549439||1210568422||ru||
3583680512||3583688703||1210568422||ru||
3583803392||3583811583||1210568422||ru||
3583819776||3583827967||1210568422||ru||
3583901696||3583909887||1210568422||ru||
3583983616||3583991807||1210568422||ru||
3583991808||3583999999||1210568422||ru||
3584016384||3584024575||1210568422||ru||
3584409600||3584417791||1210568422||ru||
3584499712||3584507903||1210568422||ru||
3584565248||3584573439||1210568422||ru||
3584589824||3584598015||1210568422||ru||
3584704512||3584712703||1210568422||ru||
3584712704||3584720895||1210568422||ru||
3584761856||3584770047||1210568422||ru||
3584819200||3584827391||1210568422||ru||
3585171456||3585179647||1210568422||ru||
3585220608||3585228799||1210568422||ru||
3585392640||3585400831||1210568422||ru||
3585409024||3585417215||1210568422||ru||
3585515520||3585523711||1210568422||ru||
3585564672||3585572863||1210568422||ru||
3585597440||3585605631||1210568422||ru||
3585622016||3585630207||1210568422||ru||
3585638400||3585646591||1210568422||ru||
3585826816||3585835007||1210568422||ru||
3585982464||3585990655||1210568422||ru||
3585990656||3585998847||1210568422||ru||
3586056192||3586064383||1210568422||ru||
3587219456||3587227647||1210568422||ru||
3587325952||3587342335||1210568422||ru||
3587948544||3587964927||1210568422||ru||
3588030464||3588046847||1210568422||ru||
3588505600||3588521983||1210568422||ru||
3588800512||3588816895||1210568422||ru||
3588882432||3588890623||1210568422||ru||
3588931584||3588947967||1210568422||ru||
3589390336||3589406719||1210568422||ru||
3589406720||3589423103||1210568422||ru||
3589455872||3589472255||1210568422||ru||
3589488640||3589505023||1210568422||ru||
3589767168||3589783551||1210568422||ru||
3589783552||3589799935||1210568422||ru||
3589799936||3589808127||1210568422||ru||
3589808128||3589816319||1210568422||ru||
3590045696||3590062079||1210568422||ru||
3590078464||3590094847||1210568422||ru||
3641200640||3641204735||1210568422||ru||
3641237504||3641241599||1210568422||ru||
3641266176||3641270271||1210568422||ru||
3641282560||3641286655||1210568422||ru||
3641319424||3641323519||1210568422||ru||
3641466880||3641470975||1210568422||ru||
3641503744||3641507839||1210568422||ru||
3641561088||3641565183||1210568422||ru||
3641577472||3641581567||1210568422||ru||
3641585664||3641589759||1210568422||ru||
3641622528||3641626623||1210568422||ru||
3641634816||3641638911||1210568422||ru||
3641643008||3641647103||1210568422||ru||
3641651200||3641655295||1210568422||ru||
3641671680||3641675775||1210568422||ru||
3641675776||3641679871||1210568422||ru||
3641708544||3641712639||1210568422||ru||
3641749504||3641753599||1210568422||ru||
3641810944||3641815039||1210568422||ru||
3641815040||3641819135||1210568422||ru||
3641847808||3641851903||1210568422||ru||
3641868288||3641872383||1210568422||ru||
3641872384||3641876479||1210568422||ru||
3641929728||3641933823||1210568422||ru||
3641987072||3641991167||1210568422||ru||
3642019840||3642023935||1210568422||ru||
3642036224||3642040319||1210568422||ru||
3642056704||3642060799||1210568422||ru||
3642085376||3642089471||1210568422||ru||
3642138624||3642142719||1210568422||ru||
3642167296||3642171391||1210568422||ru||
3642179584||3642183679||1210568422||ru||
3642183680||3642187775||1210568422||ru||
3642195968||3642200063||1210568422||ru||
3642200064||3642204159||1210568422||ru||
3642208256||3642212351||1210568422||ru||
3642257408||3642261503||1210568422||ru||
3642273792||3642277887||1210568422||ru||
3642314752||3642318847||1210568422||ru||
3642331136||3642335231||1210568422||ru||
3642351616||3642355711||1210568422||ru||
3642359808||3642363903||1210568422||ru||
3642363904||3642367999||1210568422||ru||
3642404864||3642408959||1210568422||ru||
3642511360||3642515455||1210568422||ru||
3642544128||3642548223||1210568422||ru||
3642576896||3642580991||1210568422||ru||
3642585088||3642589183||1210568422||ru||
3642601472||3642605567||1210568422||ru||
3642683392||3642687487||1210568422||ru||
3644915712||3644919807||1210568422||ru||
3644936192||3644940287||1210568422||ru||
3644968960||3644973055||1210568422||ru||
3644985344||3644989439||1210568422||ru||
3644997632||3645001727||1210568422||ru||
3645001728||3645005823||1210568422||ru||
3645018112||3645022207||1210568422||ru||
3645046784||3645050879||1210568422||ru||
3645075456||3645079551||1210568422||ru||
3645083648||3645087743||1210568422||ru||
3645091840||3645095935||1210568422||ru||
3645206528||3645210623||1210568422||ru||
3645227008||3645231103||1210568422||ru||
3645231104||3645235199||1210568422||ru||
3645247488||3645251583||1210568422||ru||
3645267968||3645272063||1210568422||ru||
3645272064||3645276159||1210568422||ru||
3645341696||3645345791||1210568422||ru||
3645349888||3645353983||1210568422||ru||
3645374464||3645378559||1210568422||ru||
3645411328||3645415423||1210568422||ru||
3645468672||3645472767||1210568422||ru||
3645489152||3645493247||1210568422||ru||
3645501440||3645505535||1210568422||ru||
3645513728||3645517823||1210568422||ru||
3645534208||3645538303||1210568422||ru||
3645538304||3645542399||1210568422||ru||
3645542400||3645546495||1210568422||ru||
3645546496||3645550591||1210568422||ru||
3645566976||3645571071||1210568422||ru||
3645644800||3645648895||1210568422||ru||
3645681664||3645685759||1210568422||ru||
3645714432||3645718527||1210568422||ru||
3645726720||3645730815||1210568422||ru||
3645730816||3645734911||1210568422||ru||
3645812736||3645816831||1210568422||ru||
3645837312||3645841407||1210568422||ru||
3645845504||3645849599||1210568422||ru||
3647602688||3647733759||1210568422||ru||
3648000000||3648004095||1210568422||ru||
3648090112||3648094207||1210568422||ru||
3648126976||3648131071||1210568422||ru||
3648131072||3648135167||1210568422||ru||
3648135168||3648139263||1210568422||ru||
3648163840||3648167935||1210568422||ru||
3648172032||3648176127||1210568422||ru||
3648184320||3648188415||1210568422||ru||
3648188416||3648192511||1210568422||ru||
3648212992||3648217087||1210568422||ru||
3648237568||3648241663||1210568422||ru||
3648270336||3648274431||1210568422||ru||
3648290816||3648294911||1210568422||ru||
3648294912||3648299007||1210568422||ru||
3648344064||3648348159||1210568422||ru||
3648352256||3648356351||1210568422||ru||
3648368640||3648372735||1210568422||ru||
3648405504||3648409599||1210568422||ru||
3648409600||3648413695||1210568422||ru||
3648434176||3648438271||1210568422||ru||
3648458752||3648462847||1210568422||ru||
3648475136||3648479231||1210568422||ru||
3650117632||3650121727||1210568422||ru||
3650134016||3650138111||1210568422||ru||
3650138112||3650142207||1210568422||ru||
3650162688||3650166783||1210568422||ru||
3650195456||3650199551||1210568422||ru||
3650232320||3650236415||1210568422||ru||
3650273280||3650277375||1210568422||ru||
3650289664||3650293759||1210568422||ru||
3650293760||3650297855||1210568422||ru||
3650301952||3650306047||1210568422||ru||
3650367488||3650371583||1210568422||ru||
3650404352||3650408447||1210568422||ru||
3650408448||3650412543||1210568422||ru||
3650412544||3650416639||1210568422||ru||
3650424832||3650428927||1210568422||ru||
3650486272||3650490367||1210568422||ru||
3650490368||3650494463||1210568422||ru||
3650494464||3650498559||1210568422||ru||
3650498560||3650502655||1210568422||ru||
3650535424||3650539519||1210568422||ru||
3650555904||3650559999||1210568422||ru||
3650568192||3650572287||1210568422||ru||
3650584576||3650588671||1210568422||ru||
3651682304||3651686399||1210568422||ru||
3651727360||3651731455||1210568422||ru||
3651751936||3651756031||1210568422||ru||
3651813376||3651817471||1210568422||ru||
3651817472||3651821567||1210568422||ru||
3651825664||3651829759||1210568422||ru||
3651850240||3651854335||1210568422||ru||
3651862528||3651866623||1210568422||ru||
3651878912||3651883007||1210568422||ru||
3651899392||3651903487||1210568422||ru||
3651919872||3651923967||1210568422||ru||
3651932160||3651936255||1210568422||ru||
3651993600||3651997695||1210568422||ru||
3651997696||3652001791||1210568422||ru||
3652083712||3652087807||1210568422||ru||
3652104192||3652108287||1210568422||ru||
3652128768||3652132863||1210568422||ru||
3652157440||3652161535||1210568422||ru||
3652161536||3652165631||1210568422||ru||
3653431296||3653435391||1210568422||ru||
3653451776||3653455871||1210568422||ru||
3653455872||3653459967||1210568422||ru||
3653459968||3653464063||1210568422||ru||
3653488640||3653492735||1210568422||ru||
3653525504||3653529599||1210568422||ru||
3653529600||3653533695||1210568422||ru||
3653595136||3653599231||1210568422||ru||
3653627904||3653631999||1210568422||ru||
3653632000||3653636095||1210568422||ru||
3653652480||3653656575||1210568422||ru||
3653672960||3653677055||1210568422||ru||
3653677056||3653681151||1210568422||ru||
3653750784||3653754879||1210568422||ru||
3653758976||3653763071||1210568422||ru||
