--||--||--||sa||Saudi Arabia
1040384000||1040392191||1210568422||sa||
1040392192||1040400383||1210568422||sa||
1048051712||1048117247||1210568422||sa||
1049968640||1049985023||1210568422||sa||
1293811712||1293942783||1210568422||sa||
1296039936||1296072703||1210568422||sa||
1296678912||1296680959||1210568422||sa||
1298126848||1298128895||1210568422||sa||
1299070976||1299087359||1210568422||sa||
1306353664||1306361855||1210568422||sa||
1307074560||1307082751||1210568422||sa||
1307594752||1307598847||1210568422||sa||
1307607040||1307611135||1210568422||sa||
1314717696||1314783231||1210568422||sa||
1315831808||1315835903||1210568422||sa||
1315848192||1315852287||1210568422||sa||
1317715968||1317732351||1210568422||sa||
1331869696||1331871743||1210568422||sa||
1336541184||1336543231||1210568422||sa||
1336553472||1336555519||1210568422||sa||
1336705024||1336721407||1210568422||sa||
1347047424||1347051519||1210568422||sa||
1357922304||1357926399||1210568422||sa||
1358684160||1358688255||1210568422||sa||
1360343040||1360347135||1210568422||sa||
1383505920||1383514111||1210568422||sa||
1385414656||1385422847||1210568422||sa||
1386676224||1386741759||1210568422||sa||
1389199360||1389232127||1210568422||sa||
1399160832||1399193599||1210568422||sa||
1410785280||1410793471||1210568422||sa||
1410818048||1410826239||1210568422||sa||
1424687104||1424719871||1210568422||sa||
1433888768||1433890815||1210568422||sa||
1434550272||1434583039||1210568422||sa||
1438793728||1438810111||1210568422||sa||
1439694848||1439825919||1210568422||sa||
1441628160||1441636351||1210568422||sa||
1446182912||1446248447||1210568422||sa||
1446772736||1446805503||1210568422||sa||
1450164224||1450166271||1210568422||sa||
1466269696||1466302463||1210568422||sa||
1466761216||1466826751||1210568422||sa||
1474723840||1474756607||1210568422||sa||
1481703424||1481711615||1210568422||sa||
1481924608||1481932799||1210568422||sa||
1482022912||1482031103||1210568422||sa||
1486325760||1486327807||1210568422||sa||
1490354176||1490370559||1210568422||sa||
1490370560||1490386943||1210568422||sa||
1493434368||1493565439||1210568422||sa||
1500250112||1500266495||1210568422||sa||
1502625792||1502642175||1210568422||sa||
1502806016||1502822399||1210568422||sa||
1505509376||1505517567||1210568422||sa||
1505615872||1505624063||1210568422||sa||
1508737024||1508753407||1210568422||sa||
1519648768||1519714303||1210568422||sa||
1533415424||1533417471||1210568422||sa||
1536393216||1536409599||1210568422||sa||
1536663552||1536667647||1210568422||sa||
1539528704||1539529215||1210568422||sa||
1539688448||1539689471||1210568422||sa||
1539718656||1539718911||1210568422||sa||
1539728896||1539729151||1210568422||sa||
1539767040||1539767295||1210568422||sa||
1539795712||1539795967||1210568422||sa||
1539816192||1539816447||1210568422||sa||
1546364928||1546366975||1210568422||sa||
1546649600||1546665983||1210568422||sa||
1566703616||1566769151||1210568422||sa||
1571946496||1571962879||1210568422||sa||
3239270912||3239271423||1210568422||sa||
3239508224||3239508479||1210568422||sa||
3239556096||3239556351||1210568422||sa||
3239773952||3239774207||1210568422||sa||
3239840000||3239840255||1210568422||sa||
3239840256||3239840511||1210568422||sa||
3239861760||3239862015||1210568422||sa||
3239916032||3239916287||1210568422||sa||
3240221184||3240221695||1210568422||sa||
3240464128||3240464383||1210568422||sa||
3240810240||3240810495||1210568422||sa||
3240811520||3240811775||1210568422||sa||
3241108992||3241109247||1210568422||sa||
3245201920||3245202175||1210568422||sa||
3247365632||3247365887||1210568422||sa||
3251173120||3251173375||1210568422||sa||
3252911872||3252912127||1210568422||sa||
3257181184||3257181439||1210568422||sa||
3258065664||3258065919||1210568422||sa||
3262007296||3262007551||1210568422||sa||
3263096576||3263096831||1210568422||sa||
3272262912||3272263167||1210568422||sa||
3273802752||3273803263||1210568422||sa||
3274697216||3274697471||1210568422||sa||
3275908096||3275908351||1210568422||sa||
3277185024||3277185279||1210568422||sa||
3279055360||3279055871||1210568422||sa||
3281338624||3281338879||1210568422||sa||
3281340160||3281340415||1210568422||sa||
3281345280||3281345535||1210568422||sa||
3282744320||3282744575||1210568422||sa||
3283206656||3283207167||1210568422||sa||
3283492608||3283492863||1210568422||sa||
3283997696||3283998207||1210568422||sa||
3286337536||3286338559||1210568422||sa||
3287467008||3287468031||1210568422||sa||
3556958208||3556966399||1210568422||sa||
3557531648||3557539839||1210568422||sa||
3557597184||3557605375||1210568422||sa||
3558400000||3558408191||1210568422||sa||
3558473728||3558481919||1210568422||sa||
3558481920||3558490111||1210568422||sa||
3558490112||3558506495||1210568422||sa||
3558973440||3558981631||1210568422||sa||
3559792640||3559800831||1210568422||sa||
3560857600||3560865791||1210568422||sa||
3560996864||3561005055||1210568422||sa||
3561365504||3561373695||1210568422||sa||
3561431040||3561439231||1210568422||sa||
3561766912||3561775103||1210568422||sa||
3562905600||3562913791||1210568422||sa||
3562913792||3562921983||1210568422||sa||
3563372544||3563380735||1210568422||sa||
3563454464||3563462655||1210568422||sa||
3563806720||3563814911||1210568422||sa||
3564421120||3564429311||1210568422||sa||
3564527616||3564535807||1210568422||sa||
3564535808||3564543999||1210568422||sa||
3564584960||3564593151||1210568422||sa||
3565813760||3565879295||1210568422||sa||
3567419392||3567427583||1210568422||sa||
3570892800||3570925567||1210568422||sa||
3582509056||3582517247||1210568422||sa||
3584368640||3584376831||1210568422||sa||
3584458752||3584466943||1210568422||sa||
3585449984||3585458175||1210568422||sa||
3585646592||3585654783||1210568422||sa||
3587358720||3587375103||1210568422||sa||
3588620288||3588628479||1210568422||sa||
3589021696||3589029887||1210568422||sa||
3589144576||3589152767||1210568422||sa||
3641196544||3641200639||1210568422||sa||
3650220032||3650224127||1210568422||sa||
3652014080||3652018175||1210568422||sa||
