--||--||--||cs||Serbia And Montenegro
1047289856||1047290239||1109653200||cs||
1047290240||1047290367||1109653200||cs||
1047290368||1047292927||1109653200||cs||
1047292928||1047293439||1109653200||cs||
1047293440||1047294207||1109653200||cs||
1047294208||1047294719||1109653200||cs||
1047294720||1047294743||1109653200||cs||
1047294744||1047294815||1109653200||cs||
1047294816||1047294911||1109653200||cs||
1047294912||1047294975||1109653200||cs||
1047294976||1047295239||1109653200||cs||
1047295240||1047295247||1109653200||cs||
1047295248||1047295263||1109653200||cs||
1047295264||1047295279||1109653200||cs||
1047295280||1047295295||1109653200||cs||
1047295296||1047295327||1109653200||cs||
1047295328||1047295359||1109653200||cs||
1047295360||1047295487||1109653200||cs||
1047295488||1047297279||1109653200||cs||
1047297280||1047297535||1109653200||cs||
1047297536||1047297631||1109653200||cs||
1047297632||1047297639||1109653200||cs||
1047297640||1047297647||1109653200||cs||
1047297648||1047297791||1109653200||cs||
1047297792||1047298047||1109653200||cs||
1052868608||1052871991||1109653200||cs||
1052871992||1052872000||1109653200||cs||
1052872001||1052872127||1109653200||cs||
1052872128||1052872143||1109653200||cs||
1052872144||1052872159||1109653200||cs||
1052872160||1052872191||1109653200||cs||
1052872192||1052876799||1109653200||cs||
1294917632||1294921727||1175225137||cs||
1294921728||1294925823||1175836583||cs||
1346826240||1346830335||1109653200||cs||
1347067904||1347069183||1109653200||cs||
1347069184||1347071743||1109653200||cs||
1347071744||1347071751||1109653200||cs||
1347071752||1347071759||1109653200||cs||
1347071760||1347071767||1109653200||cs||
1347071768||1347071775||1109653200||cs||
1347071776||1347071791||1109653200||cs||
1347071792||1347071999||1109653200||cs||
1347461120||1347465215||1109653200||cs||
1347978240||1347978247||1109653200||cs||
1348329472||1348337663||1109653200||cs||
1350083264||1350083327||1109653200||cs||
1360146432||1360150527||1167366314||cs||
1361035688||1361035691||1109653200||cs||
1361035940||1361035943||1109653200||cs||
1361035952||1361035955||1109653200||cs||
1383219200||1383227391||1109653200||cs||
1383448576||1383456767||1109653200||cs||
1389412352||1389428735||1109653200||cs||
1401466880||1401468927||1109653200||cs||
1410736128||1410744319||1109653200||cs||
1432248320||1432256511||1109653200||cs||
1467252736||1467269119||1127360225||cs||
1475268608||1475268863||1145418406||cs||
1475268864||1475269375||1169616662||cs||
1476010496||1476011263||1155262630||cs||
1476011264||1476011519||1178340769||cs||
1476011520||1476011775||1162264936||cs||
1500430336||1500446719||1149218297||cs||
1505501184||1505505279||1160453205||cs||
1507328000||1507393535||1158034444||cs||
1536575744||1536575999||1178206647||cs||
1536578560||1536579071||1173931024||cs||
1536585728||1536587775||1172544134||cs||
1538879488||1538881535||1171170602||cs||
2472214528||2472280063||1109653200||cs||
2690842624||2690908159||1109653200||cs||
3251307008||3251307519||1109653200||cs||
3251308032||3251308543||1109653200||cs||
3251311104||3251311615||1109653200||cs||
3251312128||3251312383||1109653200||cs||
3251312640||3251314175||1109653200||cs||
3258364928||3258365951||1109653200||cs||
3261767680||3261768703||1109653200||cs||
3261768704||3261771775||1109653200||cs||
3261771776||3261773823||1109653200||cs||
3261773824||3261774079||1109653200||cs||
3261774080||3261774191||1109653200||cs||
3261774192||3261774207||1109653200||cs||
3261774208||3261774222||1109653200||cs||
3261774223||3261774223||1109653200||cs||
3261774224||3261774239||1109653200||cs||
3261774240||3261774335||1109653200||cs||
3261774336||3261774591||1109653200||cs||
3261774592||3261775871||1109653200||cs||
3264321792||3264322047||1109653200||cs||
3267534336||3267534527||1109653200||cs||
3271016448||3271018623||1109653200||cs||
3271018624||3271018655||1109653200||cs||
3271018656||3271018671||1109653200||cs||
3271018672||3271018751||1109653200||cs||
3271018752||3271018879||1109653200||cs||
3271018880||3271020511||1109653200||cs||
3271020512||3271020543||1109653200||cs||
3271020544||3271020695||1109653200||cs||
3271020696||3271020703||1109653200||cs||
3271020704||3271022159||1109653200||cs||
3271022176||3271022335||1109653200||cs||
3271022464||3271024395||1109653200||cs||
3271024396||3271024447||1109653200||cs||
3271024452||3271024455||1109653200||cs||
3271024456||3271024495||1109653200||cs||
3271024496||3271024639||1109653200||cs||
3274585088||3274586111||1109653200||cs||
3275923456||3275924159||1109653200||cs||
3275924160||3275924191||1109653200||cs||
3275924192||3275925855||1109653200||cs||
3275925856||3275925887||1109653200||cs||
3275925888||3275926015||1109653200||cs||
3275926016||3275926303||1109653200||cs||
3275926304||3275926463||1109653200||cs||
3275926464||3275926783||1109653200||cs||
3275926784||3275927359||1109653200||cs||
3275927360||3275927423||1109653200||cs||
3275927424||3275928847||1109653200||cs||
3275928848||3275928863||1109653200||cs||
3275928864||3275928879||1109653200||cs||
3275928880||3275928959||1109653200||cs||
3275928960||3275929055||1109653200||cs||
3275929056||3275929103||1109653200||cs||
3275929104||3275929151||1109653200||cs||
3275929152||3275929183||1109653200||cs||
3275929184||3275929279||1109653200||cs||
3275929280||3275929311||1109653200||cs||
3275929312||3275929343||1109653200||cs||
3275929344||3275929631||1109653200||cs||
3275929632||3275929647||1109653200||cs||
3275929648||3275929663||1109653200||cs||
3275929664||3275929695||1109653200||cs||
3275929696||3275929727||1109653200||cs||
3275929728||3275929791||1109653200||cs||
3275929792||3275929823||1109653200||cs||
3275929824||3275929855||1109653200||cs||
3275929856||3275930111||1109653200||cs||
3275930112||3275930239||1109653200||cs||
3275930240||3275930295||1109653200||cs||
3275930296||3275930319||1109653200||cs||
3275930320||3275930343||1109653200||cs||
3275930344||3275930367||1109653200||cs||
3275930368||3275931647||1109653200||cs||
3280774144||3280775167||1109653200||cs||
3283230720||3283232767||1109653200||cs||
3283232768||3283232895||1109653200||cs||
3283232896||3283233023||1109653200||cs||
3283233024||3283233279||1109653200||cs||
3283233280||3283234815||1109653200||cs||
3283234816||3283235327||1109653200||cs||
3283235328||3283237631||1109653200||cs||
3283237632||3283238335||1109653200||cs||
3283238336||3283238399||1109653200||cs||
3283238400||3283238479||1109653200||cs||
3283238480||3283238527||1109653200||cs||
3283238528||3283238623||1109653200||cs||
3283238624||3283238655||1109653200||cs||
3283238656||3283238671||1109653200||cs||
3283238672||3283238687||1109653200||cs||
3283238688||3283238911||1109653200||cs||
3287436288||3287436799||1109653200||cs||
3287965696||3287967871||1109653200||cs||
3287967872||3287967878||1109653200||cs||
3287967879||3287967881||1109653200||cs||
3287967882||3287967882||1109653200||cs||
3287967883||3287967885||1109653200||cs||
3287967886||3287967886||1109653200||cs||
3287967887||3287967889||1109653200||cs||
3287967890||3287967951||1109653200||cs||
3287967952||3287967999||1109653200||cs||
3287968000||3287968255||1109653200||cs||
3287968256||3287968319||1109653200||cs||
3287968320||3287968351||1109653200||cs||
3287968352||3287968447||1109653200||cs||
3287968448||3287969535||1109653200||cs||
3287969536||3287969791||1109653200||cs||
3287969792||3287969919||1109653200||cs||
3287969920||3287969951||1109653200||cs||
3287969952||3287970175||1109653200||cs||
3287970176||3287970271||1109653200||cs||
3287970272||3287970303||1109653200||cs||
3287970304||3287970367||1109653200||cs||
3287970368||3287970463||1109653200||cs||
3287970464||3287970559||1109653200||cs||
3287970560||3287970815||1109653200||cs||
3287970816||3287970976||1109653200||cs||
3287970977||3287971583||1109653200||cs||
3287971584||3287971711||1109653200||cs||
3287971712||3287973887||1109653200||cs||
3288088832||3288089087||1109653200||cs||
3288089344||3288089591||1109653200||cs||
3288089856||3288090623||1109653200||cs||
3288090880||3288091903||1109653200||cs||
3288092416||3288093183||1109653200||cs||
3288093184||3288093439||1109653200||cs||
3288093440||3288097663||1109653200||cs||
3288097664||3288097791||1109653200||cs||
3288097792||3288098559||1109653200||cs||
3288098560||3288099071||1109653200||cs||
3288099072||3288099327||1109653200||cs||
3288099328||3288099455||1109653200||cs||
3288099456||3288099583||1109653200||cs||
3288099584||3288099735||1109653200||cs||
3288099736||3288100095||1109653200||cs||
3288100096||3288100159||1109653200||cs||
3288100160||3288100223||1109653200||cs||
3288100224||3288100415||1109653200||cs||
3288100416||3288100431||1109653200||cs||
3288100432||3288100463||1109653200||cs||
3288100464||3288100479||1109653200||cs||
3288100480||3288101119||1109653200||cs||
3288101120||3288101503||1109653200||cs||
3288101504||3288101599||1109653200||cs||
3288101600||3288101615||1109653200||cs||
3288101616||3288102527||1109653200||cs||
3288102528||3288102543||1109653200||cs||
3288102552||3288102911||1109653200||cs||
3288102912||3288103167||1109653200||cs||
3288103168||3288103935||1109653200||cs||
3288103936||3288103967||1109653200||cs||
3288103968||3288104079||1109653200||cs||
3288104080||3288104111||1109653200||cs||
3288104112||3288104383||1109653200||cs||
3288104384||3288104415||1109653200||cs||
3288104416||3288104431||1109653200||cs||
3288104432||3288104575||1109653200||cs||
3288104576||3288104639||1109653200||cs||
3288104640||3288104703||1109653200||cs||
3288104704||3288104799||1109653200||cs||
3288104800||3288104831||1109653200||cs||
3288104832||3288104847||1109653200||cs||
3288104848||3288104863||1109653200||cs||
3288104864||3288104959||1109653200||cs||
3560841216||3560842367||1109653200||cs||
3560842368||3560842375||1109653200||cs||
3560842376||3560842447||1109653200||cs||
3560842448||3560842455||1109653200||cs||
3560842456||3560842463||1109653200||cs||
3560842464||3560842479||1109653200||cs||
3560842480||3560844671||1109653200||cs||
3560844672||3560844679||1109653200||cs||
3560844680||3560845087||1109653200||cs||
3560845088||3560845119||1109653200||cs||
3560845120||3560845311||1109653200||cs||
3560845312||3560845343||1109653200||cs||
3560845344||3560845359||1109653200||cs||
3560845360||3560845367||1109653200||cs||
3560845368||3560845503||1109653200||cs||
3560845504||3560845551||1109653200||cs||
3560845552||3560845567||1109653200||cs||
3560845568||3560845631||1109653200||cs||
3560845632||3560845663||1109653200||cs||
3560845664||3560845703||1109653200||cs||
3560845704||3560845711||1109653200||cs||
3560845712||3560845719||1109653200||cs||
3560845720||3560845727||1109653200||cs||
3560845728||3560845743||1109653200||cs||
3560845744||3560845759||1109653200||cs||
3560845760||3560845767||1109653200||cs||
3560845768||3560845823||1109653200||cs||
3560845824||3560845855||1109653200||cs||
3560845856||3560846015||1109653200||cs||
3560846016||3560846031||1109653200||cs||
3560846032||3560846079||1109653200||cs||
3560846080||3560846087||1109653200||cs||
3560846088||3560846095||1109653200||cs||
3560846096||3560846111||1109653200||cs||
3560846112||3560846143||1109653200||cs||
3560846144||3560846159||1109653200||cs||
3560846160||3560846175||1109653200||cs||
3560846176||3560846207||1109653200||cs||
3560846208||3560846399||1109653200||cs||
3560846400||3560846431||1109653200||cs||
3560846432||3560846463||1109653200||cs||
3560846464||3560846527||1109653200||cs||
3560846528||3560846783||1109653200||cs||
3560846784||3560846815||1109653200||cs||
3560846816||3560846959||1109653200||cs||
3560846960||3560847615||1109653200||cs||
3560847616||3560847871||1109653200||cs||
3560847872||3560847999||1109653200||cs||
3560848000||3560848127||1109653200||cs||
3560848128||3560848255||1109653200||cs||
3560848256||3560849407||1109653200||cs||
3563487232||3563488351||1109653200||cs||
3563488352||3563488383||1109653200||cs||
3563488384||3563488448||1109653200||cs||
3563488449||3563488511||1109653200||cs||
3563488512||3563489535||1109653200||cs||
3563489536||3563495423||1109653200||cs||
3564937216||3564941311||1109653200||cs||
3564941312||3564942591||1109653200||cs||
3564942592||3564942847||1109653200||cs||
3564942848||3564943471||1109653200||cs||
3564943472||3564943487||1109653200||cs||
3564943488||3564945407||1109653200||cs||
3569876992||3569885183||1109653200||cs||
3569885184||3569885439||1109653200||cs||
3569885440||3569888255||1109653200||cs||
3569888256||3569888511||1109653200||cs||
3569888512||3569892351||1109653200||cs||
3569892352||3569892607||1109653200||cs||
3569892608||3569893375||1109653200||cs||
3569893376||3569893631||1109653200||cs||
3569893632||3569894399||1109653200||cs||
3569894400||3569894655||1109653200||cs||
3569894656||3569896447||1109653200||cs||
3569896448||3569896703||1109653200||cs||
3569896704||3569897471||1109653200||cs||
3569897472||3569897727||1109653200||cs||
3569897728||3569898495||1109653200||cs||
3569898496||3569899007||1109653200||cs||
3569899008||3569909759||1109653200||cs||
3569909760||3569910015||1109653200||cs||
3569910016||3569942527||1109653200||cs||
3582550016||3582558207||1109653200||cs||
3583336448||3583337727||1109653200||cs||
3583337984||3583338495||1109653200||cs||
3583338496||3583338751||1109653200||cs||
3583338752||3583339007||1109653200||cs||
3583339008||3583339519||1109653200||cs||
3583340288||3583341039||1109653200||cs||
3583341056||3583344639||1109653200||cs||
3584253952||3584254463||1109653200||cs||
3584254464||3584256351||1109653200||cs||
3584256352||3584256367||1109653200||cs||
3584256368||3584256383||1109653200||cs||
3584256384||3584256399||1109653200||cs||
3584256400||3584256415||1109653200||cs||
3584256416||3584256423||1109653200||cs||
3584256424||3584256523||1109653200||cs||
3584256524||3584256527||1109653200||cs||
3584256528||3584256607||1109653200||cs||
3584256608||3584256639||1109653200||cs||
3584256640||3584256767||1109653200||cs||
3584256768||3584256779||1109653200||cs||
3584256780||3584257023||1109653200||cs||
3584257024||3584257039||1109653200||cs||
3584257040||3584260115||1109653200||cs||
3584260116||3584260119||1109653200||cs||
3584260120||3584260135||1109653200||cs||
3584260136||3584260139||1109653200||cs||
3584260140||3584260143||1109653200||cs||
3584260144||3584260155||1109653200||cs||
3584260156||3584260187||1109653200||cs||
3584260188||3584260223||1109653200||cs||
3584260224||3584260231||1109653200||cs||
3584260232||3584260239||1109653200||cs||
3584260240||3584260247||1109653200||cs||
3584260248||3584260255||1109653200||cs||
3584260256||3584260351||1109653200||cs||
3584260352||3584260415||1109653200||cs||
3584260416||3584261631||1109653200||cs||
3584261632||3584262143||1109653200||cs||
3585630208||3585630847||1109653200||cs||
3585630848||3585630975||1109653200||cs||
3585630976||3585630991||1109653200||cs||
3585630992||3585630999||1109653200||cs||
3585631000||3585631015||1109653200||cs||
3585631016||3585631023||1109653200||cs||
3585631024||3585631031||1109653200||cs||
3585631032||3585631035||1109653200||cs||
3585631036||3585631223||1109653200||cs||
3585631224||3585638399||1109653200||cs||
3586572288||3586588671||1109653200||cs||
3589275648||3589283839||1109653200||cs||
3589283840||3589284863||1109653200||cs||
3589284864||3589292031||1109653200||cs||
3589586944||3589588991||1109653200||cs||
3589588992||3589589247||1109653200||cs||
3589589248||3589603327||1109653200||cs||
3590150304||3590150399||1109653200||cs||
3590157312||3590157343||1109653200||cs||
3590157440||3590157487||1109653200||cs||
3590157504||3590157567||1109653200||cs||
3590158336||3590158343||1109653200||cs||
3590316800||3590317055||1109653200||cs||
3631016960||3631017215||1109653200||cs||
3639400448||3639401471||1109653200||cs||
3642232832||3642233855||1109653200||cs||
3642233856||3642236927||1109653200||cs||
3642376192||3642377215||1109653200||cs||
3642377216||3642379263||1109653200||cs||
3642379264||3642379711||1109653200||cs||
3642379712||3642380031||1109653200||cs||
3642380032||3642380063||1109653200||cs||
3642380064||3642380143||1109653200||cs||
3642380144||3642380159||1109653200||cs||
3642380160||3642380223||1109653200||cs||
3642380224||3642380287||1109653200||cs||
3642413056||3642414591||1109653200||cs||
3644964864||3644965479||1109653200||cs||
3644965480||3644968959||1109653200||cs||
3648516096||3648520191||1109653200||cs||
3651784704||3651788799||1109653200||cs||
3651858432||3651858687||1109653200||cs||
3651858944||3651862527||1109653200||cs||
3653404000||3653404015||1109653200||cs||
3653404128||3653404135||1109653200||cs||
