--||--||--||si||Slovenia
1294336000||1294368767||1210568422||si||
1296746496||1296748543||1210568422||si||
1298038784||1298046975||1210568422||si||
1299120128||1299136511||1210568422||si||
1307213824||1307222015||1210568422||si||
1318658048||1318666239||1210568422||si||
1348460544||1348464639||1210568422||si||
1358356480||1358360575||1210568422||si||
1360125952||1360130047||1210568422||si||
1360551936||1360556031||1210568422||si||
1364897792||1364901887||1210568422||si||
1385496576||1385504767||1210568422||si||
1388322816||1388331007||1210568422||si||
1389772800||1389789183||1210568422||si||
1410654208||1410662399||1210568422||si||
1411973120||1412005887||1210568422||si||
1412726784||1412743167||1210568422||si||
1426046976||1426063359||1210568422||si||
1426718720||1426735103||1210568422||si||
1446641664||1446674431||1210568422||si||
1446838272||1446871039||1210568422||si||
1467449344||1467457535||1210568422||si||
1489502208||1489534975||1210568422||si||
1500192768||1500194815||1210568422||si||
1502478336||1502609407||1210568422||si||
1507065856||1507131391||1210568422||si||
1520271360||1520304127||1210568422||si||
1538899968||1538908159||1210568422||si||
1539543552||1539544063||1210568422||si||
1539702784||1539703039||1210568422||si||
1539716096||1539716351||1210568422||si||
1539727360||1539727615||1210568422||si||
1539731456||1539731711||1210568422||si||
1539751424||1539751679||1210568422||si||
1539757568||1539757823||1210568422||si||
1539758848||1539759103||1210568422||si||
1539774208||1539774463||1210568422||si||
1539783936||1539784191||1210568422||si||
1539800064||1539800319||1210568422||si||
1539801856||1539802111||1210568422||si||
1539804672||1539804927||1210568422||si||
1539809536||1539809791||1210568422||si||
1539812864||1539813119||1210568422||si||
1539819776||1539820031||1210568422||si||
1539828480||1539828735||1210568422||si||
1539981312||1539982335||1210568422||si||
1545928704||1545961471||1210568422||si||
1547010048||1547026431||1210568422||si||
1547636736||1547640831||1210568422||si||
1559511040||1559519231||1210568422||si||
1567031296||1567096831||1210568422||si||
3238065152||3238065407||1210568422||si||
3238133760||3238199295||1210568422||si||
3239079168||3239079423||1210568422||si||
3239090176||3239090431||1210568422||si||
3239174912||3239175167||1210568422||si||
3239304192||3239305215||1210568422||si||
3239452416||3239452671||1210568422||si||
3239465216||3239465471||1210568422||si||
3239522560||3239522815||1210568422||si||
3239525888||3239526143||1210568422||si||
3239639040||3239640063||1210568422||si||
3239713280||3239713535||1210568422||si||
3239875072||3239875327||1210568422||si||
3239979776||3239980031||1210568422||si||
3240698624||3240698879||1210568422||si||
3240698880||3240699135||1210568422||si||
3240712448||3240712703||1210568422||si||
3241035520||3241035775||1210568422||si||
3241036544||3241036799||1210568422||si||
3241117696||3241117951||1210568422||si||
3243048960||3243114495||1210568422||si||
3244277760||3244294143||1210568422||si||
3245177856||3245178111||1210568422||si||
3245204224||3245204479||1210568422||si||
3245215232||3245215743||1210568422||si||
3245248768||3245249023||1210568422||si||
3245326336||3245326847||1210568422||si||
3245333504||3245334527||1210568422||si||
3247048192||3247048703||1210568422||si||
3247048960||3247049215||1210568422||si||
3247054848||3247063039||1210568422||si||
3247338496||3247338751||1210568422||si||
3247346944||3247347199||1210568422||si||
3248785664||3248786943||1210568422||si||
3249716224||3249716479||1210568422||si||
3250429952||3250438143||1210568422||si||
3251109888||3251110143||1210568422||si||
3251162880||3251163135||1210568422||si||
3251186944||3251187199||1210568422||si||
3251201280||3251201535||1210568422||si||
3251203328||3251203583||1210568422||si||
3251215104||3251215231||1210568422||si||
3251217664||3251217919||1210568422||si||
3251229696||3251230719||1210568422||si||
3252380672||3252380927||1210568422||si||
3252382208||3252382463||1210568422||si||
3252386048||3252386303||1210568422||si||
3252514816||3252515071||1210568422||si||
3252515584||3252515839||1210568422||si||
3252983552||3252983807||1210568422||si||
3253963776||3253964287||1210568422||si||
3255233792||3255234047||1210568422||si||
3255235072||3255235327||1210568422||si||
3255328256||3255328767||1210568422||si||
3257357568||3257357823||1210568422||si||
3258099200||3258099455||1210568422||si||
3258693120||3258693375||1210568422||si||
3258693888||3258694143||1210568422||si||
3258731008||3258731263||1210568422||si||
3261821696||3261821951||1210568422||si||
3262039808||3262040063||1210568422||si||
3262045696||3262045951||1210568422||si||
3262434304||3262434815||1210568422||si||
3263087872||3263088127||1210568422||si||
3264376064||3264376319||1210568422||si||
3264741376||3264749567||1210568422||si||
3264846720||3264846847||1210568422||si||
3265617920||3265626111||1210568422||si||
3266342912||3266343167||1210568422||si||
3268739840||3268740095||1210568422||si||
3268745728||3268745983||1210568422||si||
3270648832||3270649087||1210568422||si||
3271098368||3271163903||1210568422||si||
3271926784||3271927039||1210568422||si||
3271927040||3271927295||1210568422||si||
3273882112||3273882367||1210568422||si||
3274687744||3274687999||1210568422||si||
3274691328||3274691583||1210568422||si||
3274691840||3274692095||1210568422||si||
3274694656||3274694911||1210568422||si||
3274695168||3274695423||1210568422||si||
3274695680||3274695935||1210568422||si||
3275900160||3275900415||1210568422||si||
3275909888||3275910143||1210568422||si||
3276103680||3276104703||1210568422||si||
3276857600||3276857855||1210568422||si||
3277176832||3277177087||1210568422||si||
3277823488||3277823743||1210568422||si||
3277827328||3277827583||1210568422||si||
3280651264||3280651519||1210568422||si||
3280652544||3280652799||1210568422||si||
3281346048||3281346303||1210568422||si||
3282743552||3282743807||1210568422||si||
3283252736||3283253247||1210568422||si||
3284011520||3284011775||1210568422||si||
3284041984||3284042239||1210568422||si||
3284043776||3284044031||1210568422||si||
3284049408||3284049663||1210568422||si||
3285368832||3285385215||1210568422||si||
3286661376||3286661631||1210568422||si||
3286927616||3286927871||1210568422||si||
3287640576||3287641087||1210568422||si||
3287666688||3287666943||1210568422||si||
3287668736||3287668991||1210568422||si||
3287677440||3287677695||1210568422||si||
3287678976||3287687167||1210568422||si||
3287827456||3287827711||1210568422||si||
3287955968||3287956223||1210568422||si||
3287990272||3287998463||1210568422||si||
3557679104||3557687295||1210568422||si||
3557957632||3557965823||1210568422||si||
3558752256||3558760447||1210568422||si||
3559677952||3559686143||1210568422||si||
3561512960||3561521151||1210568422||si||
3562921984||3562930175||1210568422||si||
3563552768||3563560959||1210568422||si||
3564519424||3564527615||1210568422||si||
3572203520||3572236287||1210568422||si||
3582910464||3582918655||1210568422||si||
3582935040||3582943231||1210568422||si||
3583893504||3583901695||1210568422||si||
3584098304||3584106495||1210568422||si||
3584876544||3584884735||1210568422||si||
3588603904||3588620287||1210568422||si||
3589931008||3589947391||1210568422||si||
3590144000||3590160383||1210568422||si||
3645390848||3645394943||1210568422||si||
3645394944||3645399039||1210568422||si||
