--||--||--||so||Somalia
1347719680||1347719711||1109653200||so||
1357321984||1357322239||1109653200||so||
1357366800||1357366815||1109653200||so||
3252408576||3252408607||1109653200||so||
3252417024||3252417279||1109653200||so||
3252424960||3252425023||1109653200||so||
3252425088||3252425215||1109653200||so||
3252433664||3252433919||1109653200||so||
3252439808||3252439839||1109653200||so||
3252473856||3252474879||1109653200||so||
3286567424||3286567679||1109653200||so||
3301507072||3301507327||1109653200||so||
3301509120||3301510143||1109653200||so||
3394284288||3394284351||1109653200||so||
3585835920||3585835927||1109653200||so||
3590309600||3590309607||1109653200||so||
3642028512||3642028519||1109653200||so||
3642029052||3642029055||1109653200||so||
3642029408||3642029439||1109653200||so||
