--||--||--||za||South Africa
687865856||689963007||1210568422||za||
697303040||697827327||1210568422||za||
698089472||698220543||1210568422||za||
698351616||699400191||1210568422||za||
699465728||699531263||1210568422||za||
700448768||700514303||1210568422||za||
700514304||700579839||1210568422||za||
700579840||700645375||1210568422||za||
700645376||700710911||1210568422||za||
700841984||700907519||1210568422||za||
701112320||701120511||1210568422||za||
701169664||701177855||1210568422||za||
701177856||701186047||1210568422||za||
701210624||701214719||1210568422||za||
701284352||701292543||1210568422||za||
701407232||701415423||1210568422||za||
701415424||701423615||1210568422||za||
701489152||701497343||1210568422||za||
701497344||701513727||1210568422||za||
701546496||701562879||1210568422||za||
701825024||701857791||1210568422||za||
702349312||702353407||1210568422||za||
702406656||702410751||1210568422||za||
702423040||702425087||1210568422||za||
702427136||702429183||1210568422||za||
702441472||702443519||1210568422||za||
702469120||702470143||1210568422||za||
702471168||702472191||1210568422||za||
702472192||702473215||1210568422||za||
702473216||702474239||1210568422||za||
702482432||702483455||1210568422||za||
702488576||702489599||1210568422||za||
702489600||702490623||1210568422||za||
702495744||702496767||1210568422||za||
702497792||702498815||1210568422||za||
702509056||702510079||1210568422||za||
702511104||702512127||1210568422||za||
702524416||702525439||1210568422||za||
702540800||702541823||1210568422||za||
702542848||702543871||1210568422||za||
702544896||702545919||1210568422||za||
703594496||704118783||1210568422||za||
1107820544||1107853311||1210568422||za||
1108492288||1108500479||1210568422||za||
1162027008||1162031103||1210568422||za||
2308833280||2308898815||1210568422||za||
2312503296||2312568831||1210568422||za||
2312568832||2312634367||1210568422||za||
2335506432||2335571967||1210568422||za||
2407530496||2407596031||1210568422||za||
2409627648||2409693183||1210568422||za||
2453667840||2453733375||1210568422||za||
2458714112||2458779647||1210568422||za||
2461401088||2461466623||1210568422||za||
2464546816||2464612351||1210568422||za||
2464612352||2464677887||1210568422||za||
2464677888||2464743423||1210568422||za||
2473459712||2473525247||1210568422||za||
2557083648||2557149183||1210568422||za||
2557149184||2557214719||1210568422||za||
2557214720||2557280255||1210568422||za||
2557280256||2557345791||1210568422||za||
2557345792||2557411327||1210568422||za||
2557411328||2557476863||1210568422||za||
2557476864||2557542399||1210568422||za||
2610888704||2610954239||1210568422||za||
2615672832||2615738367||1210568422||za||
2615738368||2615803903||1210568422||za||
2615803904||2615869439||1210568422||za||
2615869440||2615934975||1210568422||za||
2615934976||2616000511||1210568422||za||
2616000512||2616066047||1210568422||za||
2616066048||2616131583||1210568422||za||
2616131584||2616197119||1210568422||za||
2616197120||2616262655||1210568422||za||
2617769984||2617835519||1210568422||za||
2691891200||2691956735||1210568422||za||
2691956736||2692022271||1210568422||za||
2692022272||2692087807||1210568422||za||
2692087808||2692153343||1210568422||za||
2692284416||2692349951||1210568422||za||
2692349952||2692415487||1210568422||za||
2692415488||2692481023||1210568422||za||
2692481024||2692546559||1210568422||za||
2747465728||2747531263||1210568422||za||
2747531264||2747596799||1210568422||za||
2747596800||2747662335||1210568422||za||
2747662336||2747727871||1210568422||za||
2747727872||2747793407||1210568422||za||
2747793408||2747858943||1210568422||za||
2747858944||2747924479||1210568422||za||
2747924480||2747990015||1210568422||za||
2747990016||2748055551||1210568422||za||
2757230592||2757296127||1210568422||za||
2761031680||2761424895||1210568422||za||
2761621504||2761687039||1210568422||za||
2768437248||2768633855||1210568422||za||
2768764928||2769027071||1210568422||za||
2769879040||2769944575||1210568422||za||
2777612288||2778071039||1210568422||za||
2779054080||2779119615||1210568422||za||
2780037120||2780102655||1210568422||za||
2783510528||2783576063||1210568422||za||
2790588416||2790653951||1210568422||za||
2823553024||2823618559||1210568422||za||
2823815168||2823946239||1210568422||za||
2824404992||2824470527||1210568422||za||
2826960896||2827026431||1210568422||za||
2827878400||2827943935||1210568422||za||
2828730368||2828795903||1210568422||za||
2829320192||2829385727||1210568422||za||
2829844480||2829910015||1210568422||za||
2832072704||2832138239||1210568422||za||
2832269312||2832400383||1210568422||za||
2843803648||2843869183||1210568422||za||
2848587776||2848653311||1210568422||za||
3223390720||3223390975||1210568422||za||
3224003328||3224003583||1210568422||za||
3224435968||3224436223||1210568422||za||
3225873664||3225873919||1210568422||za||
3226635776||3226636031||1210568422||za||
3226792960||3226793215||1210568422||za||
3227401472||3227401727||1210568422||za||
3227439616||3227439871||1210568422||za||
3227447296||3227447551||1210568422||za||
3227447552||3227447807||1210568422||za||
3227448832||3227449087||1210568422||za||
3227517184||3227517439||1210568422||za||
3227517440||3227517695||1210568422||za||
3227517696||3227517951||1210568422||za||
3227517952||3227518207||1210568422||za||
3227518208||3227518463||1210568422||za||
3227518464||3227518719||1210568422||za||
3227518720||3227518975||1210568422||za||
3227518976||3227519231||1210568422||za||
3227519232||3227519487||1210568422||za||
3227519488||3227519743||1210568422||za||
3227519744||3227519999||1210568422||za||
3227520000||3227520255||1210568422||za||
3227520256||3227520511||1210568422||za||
3227520512||3227520767||1210568422||za||
3227520768||3227521023||1210568422||za||
3227521024||3227521279||1210568422||za||
3227521792||3227522047||1210568422||za||
3227522048||3227522303||1210568422||za||
3227522304||3227522559||1210568422||za||
3227522560||3227522815||1210568422||za||
3227523072||3227523327||1210568422||za||
3227523328||3227523583||1210568422||za||
3227523584||3227523839||1210568422||za||
3227523840||3227524095||1210568422||za||
3227524096||3227524351||1210568422||za||
3227524352||3227524607||1210568422||za||
3227524608||3227524863||1210568422||za||
3227524864||3227525119||1210568422||za||
3227525120||3227525375||1210568422||za||
3227525376||3227525631||1210568422||za||
3227525632||3227525887||1210568422||za||
3227525888||3227526143||1210568422||za||
3227526656||3227526911||1210568422||za||
3227526912||3227527167||1210568422||za||
3227527168||3227527423||1210568422||za||
3227527936||3227528191||1210568422||za||
3227528448||3227528703||1210568422||za||
3227528704||3227528959||1210568422||za||
3227528960||3227529215||1210568422||za||
3227529216||3227529471||1210568422||za||
3227529472||3227529727||1210568422||za||
3227529728||3227529983||1210568422||za||
3227529984||3227530239||1210568422||za||
3227530240||3227530495||1210568422||za||
3227530496||3227530751||1210568422||za||
3227530752||3227531007||1210568422||za||
3227531008||3227531263||1210568422||za||
3227531264||3227531519||1210568422||za||
3227531520||3227531775||1210568422||za||
3227531776||3227532031||1210568422||za||
3227532288||3227532543||1210568422||za||
3227532544||3227532799||1210568422||za||
3227534336||3227534591||1210568422||za||
3227534592||3227534847||1210568422||za||
3227534848||3227535103||1210568422||za||
3227535104||3227535359||1210568422||za||
3227535360||3227535615||1210568422||za||
3227535872||3227536127||1210568422||za||
3227536128||3227536383||1210568422||za||
3227536384||3227536639||1210568422||za||
3227536640||3227536895||1210568422||za||
3227537152||3227537407||1210568422||za||
3227537408||3227537663||1210568422||za||
3227537664||3227537919||1210568422||za||
3227537920||3227538175||1210568422||za||
3227538176||3227538431||1210568422||za||
3227538432||3227538687||1210568422||za||
3227538688||3227538943||1210568422||za||
3227538944||3227539199||1210568422||za||
3227539200||3227539455||1210568422||za||
3227539456||3227539711||1210568422||za||
3227539712||3227539967||1210568422||za||
3227539968||3227540223||1210568422||za||
3227540224||3227540479||1210568422||za||
3227540480||3227540735||1210568422||za||
3227540736||3227540991||1210568422||za||
3227540992||3227541247||1210568422||za||
3227541248||3227541503||1210568422||za||
3227541504||3227541759||1210568422||za||
3227541760||3227542015||1210568422||za||
3227542016||3227542271||1210568422||za||
3227542272||3227542527||1210568422||za||
3227542528||3227542783||1210568422||za||
3227542784||3227543039||1210568422||za||
3227543040||3227543295||1210568422||za||
3227543552||3227543807||1210568422||za||
3227543808||3227544063||1210568422||za||
3227544064||3227544319||1210568422||za||
3227544320||3227544575||1210568422||za||
3227544576||3227544831||1210568422||za||
3227544832||3227545087||1210568422||za||
3227545088||3227545343||1210568422||za||
3227545344||3227545599||1210568422||za||
3227545600||3227545855||1210568422||za||
3227545856||3227546111||1210568422||za||
3227546112||3227546367||1210568422||za||
3227546368||3227546623||1210568422||za||
3227546624||3227546879||1210568422||za||
3227546880||3227547135||1210568422||za||
3227547136||3227547391||1210568422||za||
3227547392||3227547647||1210568422||za||
3227547648||3227547903||1210568422||za||
3227547904||3227548159||1210568422||za||
3227548160||3227548415||1210568422||za||
3227548416||3227548671||1210568422||za||
3227548672||3227548927||1210568422||za||
3227548928||3227549183||1210568422||za||
3227549184||3227549439||1210568422||za||
3227549440||3227549695||1210568422||za||
3227549696||3227549951||1210568422||za||
3227549952||3227550207||1210568422||za||
3227550208||3227550463||1210568422||za||
3227550464||3227550719||1210568422||za||
3227550720||3227550975||1210568422||za||
3227550976||3227551231||1210568422||za||
3227551232||3227551487||1210568422||za||
3227552256||3227552511||1210568422||za||
3227552512||3227552767||1210568422||za||
3227552768||3227553023||1210568422||za||
3227553280||3227553535||1210568422||za||
3227553792||3227554047||1210568422||za||
3227554304||3227554559||1210568422||za||
3227554560||3227554815||1210568422||za||
3227554816||3227555071||1210568422||za||
3227555072||3227555327||1210568422||za||
3227555328||3227555583||1210568422||za||
3227555584||3227555839||1210568422||za||
3227555840||3227556095||1210568422||za||
3227556096||3227556351||1210568422||za||
3227556352||3227556607||1210568422||za||
3227556608||3227556863||1210568422||za||
3227557376||3227557631||1210568422||za||
3227558912||3227559167||1210568422||za||
3227559168||3227559423||1210568422||za||
3227559424||3227559679||1210568422||za||
3227559680||3227559935||1210568422||za||
3227562496||3227562751||1210568422||za||
3227562752||3227563007||1210568422||za||
3227563008||3227563263||1210568422||za||
3227563264||3227563519||1210568422||za||
3227563520||3227563775||1210568422||za||
3227563776||3227564031||1210568422||za||
3227564032||3227564287||1210568422||za||
3227564288||3227564543||1210568422||za||
3227564544||3227564799||1210568422||za||
3227564800||3227565055||1210568422||za||
3227565056||3227565311||1210568422||za||
3227565312||3227565567||1210568422||za||
3227565568||3227565823||1210568422||za||
3227565824||3227566079||1210568422||za||
3227566336||3227566591||1210568422||za||
3227566592||3227566847||1210568422||za||
3227566848||3227567103||1210568422||za||
3227567104||3227567359||1210568422||za||
3227567360||3227567615||1210568422||za||
3227567616||3227567871||1210568422||za||
3227567872||3227568127||1210568422||za||
3227574272||3227574527||1210568422||za||
3227574528||3227574783||1210568422||za||
3227574784||3227575039||1210568422||za||
3227575040||3227575295||1210568422||za||
3227575296||3227575551||1210568422||za||
3227575552||3227575807||1210568422||za||
3227575808||3227576063||1210568422||za||
3227576064||3227576319||1210568422||za||
3227576320||3227576575||1210568422||za||
3227576832||3227577087||1210568422||za||
3227577088||3227577343||1210568422||za||
3227577344||3227577599||1210568422||za||
3227577600||3227577855||1210568422||za||
3227577856||3227578111||1210568422||za||
3227578112||3227578367||1210568422||za||
3227578368||3227578623||1210568422||za||
3227578624||3227578879||1210568422||za||
3227578880||3227579135||1210568422||za||
3227579136||3227579391||1210568422||za||
3227579648||3227579903||1210568422||za||
3227579904||3227580159||1210568422||za||
3227580160||3227580415||1210568422||za||
3227580416||3227580671||1210568422||za||
3227580672||3227580927||1210568422||za||
3227580928||3227581183||1210568422||za||
3227581184||3227581439||1210568422||za||
3227581440||3227581695||1210568422||za||
3227581696||3227581951||1210568422||za||
3227581952||3227582207||1210568422||za||
3227779328||3227779583||1210568422||za||
3227912448||3227912703||1210568422||za||
3230005760||3230006015||1210568422||za||
3231563264||3231563519||1210568422||za||
3233630976||3233631231||1210568422||za||
3236429312||3236429567||1210568422||za||
3288399872||3288400127||1210568422||za||
3288401920||3288403711||1210568422||za||
3288403712||3288403967||1210568422||za||
3288403968||3288406527||1210568422||za||
3288408064||3288413183||1210568422||za||
3288414208||3288416255||1210568422||za||
3288418048||3288418303||1210568422||za||
3288418816||3288419071||1210568422||za||
3288419072||3288420607||1210568422||za||
3288420608||3288420863||1210568422||za||
3288420864||3288422143||1210568422||za||
3288422144||3288423423||1210568422||za||
3288425728||3288425983||1210568422||za||
3288425984||3288426239||1210568422||za||
3288426240||3288426495||1210568422||za||
3288429312||3288429567||1210568422||za||
3288432640||3288432895||1210568422||za||
3288432896||3288433151||1210568422||za||
3288436736||3288440831||1210568422||za||
3288465920||3288466175||1210568422||za||
3288466176||3288466431||1210568422||za||
3288469504||3288473599||1210568422||za||
3288473600||3288481791||1210568422||za||
3288481792||3288485887||1210568422||za||
3288489984||3288498175||1210568422||za||
3288498176||3288506367||1210568422||za||
3288506368||3288514559||1210568422||za||
3288545536||3288545791||1210568422||za||
3288554496||3288555007||1210568422||za||
3288557824||3288558079||1210568422||za||
3288558336||3288558591||1210568422||za||
3288558592||3288558847||1210568422||za||
3288559104||3288559615||1210568422||za||
3288559616||3288560639||1210568422||za||
3288560640||3288562687||1210568422||za||
3288562688||3288564735||1210568422||za||
3288568832||3288569087||1210568422||za||
3288569088||3288569343||1210568422||za||
3288569344||3288569599||1210568422||za||
3288569600||3288569855||1210568422||za||
3288570368||3288570623||1210568422||za||
3288570624||3288570879||1210568422||za||
3288570880||3288571903||1210568422||za||
3288571904||3288572159||1210568422||za||
3288572160||3288572415||1210568422||za||
3288572416||3288572671||1210568422||za||
3288572672||3288572927||1210568422||za||
3288572928||3288577023||1210568422||za||
3288588288||3288596479||1210568422||za||
3288596480||3288601599||1210568422||za||
3288601600||3288604159||1210568422||za||
3288604160||3288605695||1210568422||za||
3288605696||3288608255||1210568422||za||
3288614656||3288615935||1210568422||za||
3288615936||3288616191||1210568422||za||
3288616192||3288616447||1210568422||za||
3288616448||3288616703||1210568422||za||
3288616704||3288616959||1210568422||za||
3288617216||3288617471||1210568422||za||
3288617472||3288617727||1210568422||za||
3288617728||3288617983||1210568422||za||
3288617984||3288618239||1210568422||za||
3288618240||3288618495||1210568422||za||
3288618496||3288618751||1210568422||za||
3288618752||3288620543||1210568422||za||
3288620544||3288620799||1210568422||za||
3288620800||3288621055||1210568422||za||
3288621056||3288621311||1210568422||za||
3288621312||3288621567||1210568422||za||
3288621568||3288621823||1210568422||za||
3288621824||3288622079||1210568422||za||
3288622080||3288634879||1210568422||za||
3288634880||3288637439||1210568422||za||
3288637440||3288637951||1210568422||za||
3288637952||3288638207||1210568422||za||
3288638208||3288638975||1210568422||za||
3288638976||3288639231||1210568422||za||
3288639232||3288639487||1210568422||za||
3288639488||3288639743||1210568422||za||
3288639744||3288640511||1210568422||za||
3288640512||3288640767||1210568422||za||
3288640768||3288644863||1210568422||za||
3288644864||3288645119||1210568422||za||
3288645120||3288647679||1210568422||za||
3288647680||3288650751||1210568422||za||
3288650752||3288655871||1210568422||za||
3288655872||3288657663||1210568422||za||
3288657664||3288660223||1210568422||za||
3288660224||3288660479||1210568422||za||
3288660480||3288660991||1210568422||za||
3288660992||3288661759||1210568422||za||
3288662016||3288727551||1210568422||za||
3288727808||3288753407||1210568422||za||
3288753408||3288753663||1210568422||za||
3288753664||3288753919||1210568422||za||
3288758528||3288758783||1210568422||za||
3288759040||3288761087||1210568422||za||
3288761088||3288761599||1210568422||za||
3288761600||3288771839||1210568422||za||
3288771840||3288772095||1210568422||za||
3288774656||3288774911||1210568422||za||
3288778240||3288778495||1210568422||za||
3288779008||3288779263||1210568422||za||
3288781824||3288782335||1210568422||za||
3288782336||3288782591||1210568422||za||
3288784128||3288784383||1210568422||za||
3288784384||3288784895||1210568422||za||
3288788224||3288788479||1210568422||za||
3288788992||3288789503||1210568422||za||
3288789760||3288791039||1210568422||za||
3288791040||3288791295||1210568422||za||
3288791296||3288791807||1210568422||za||
3288791808||3288792063||1210568422||za||
3288792064||3288792319||1210568422||za||
3288792320||3288792575||1210568422||za||
3288792576||3288792831||1210568422||za||
3288793088||3288858623||1210568422||za||
3288858624||3288924159||1210568422||za||
3288924160||3288989695||1210568422||za||
3288989952||3289002751||1210568422||za||
3289005312||3289014271||1210568422||za||
3289014272||3289014527||1210568422||za||
3289015552||3289015807||1210568422||za||
3289015808||3289016319||1210568422||za||
3289016320||3289016575||1210568422||za||
3289016576||3289016831||1210568422||za||
3289016832||3289018367||1210568422||za||
3289018368||3289019903||1210568422||za||
3289019904||3289020159||1210568422||za||
3289020672||3289020927||1210568422||za||
3289021440||3289022463||1210568422||za||
3289022464||3289022975||1210568422||za||
3289022976||3289024767||1210568422||za||
3289026048||3289027327||1210568422||za||
3289027840||3289028095||1210568422||za||
3289028096||3289040895||1210568422||za||
3289040896||3289041151||1210568422||za||
3289041152||3289041407||1210568422||za||
3289041664||3289041919||1210568422||za||
3289041920||3289044479||1210568422||za||
3289047040||3289047295||1210568422||za||
3289047296||3289047551||1210568422||za||
3289047552||3289047807||1210568422||za||
3289047808||3289048063||1210568422||za||
3289048320||3289048575||1210568422||za||
3289048576||3289048831||1210568422||za||
3289049088||3289050111||1210568422||za||
3289050112||3289052671||1210568422||za||
3289052672||3289053951||1210568422||za||
3289055232||3289063167||1210568422||za||
3289069568||3289070079||1210568422||za||
3289070080||3289070335||1210568422||za||
3289070336||3289070591||1210568422||za||
3289070592||3289070847||1210568422||za||
3289070848||3289071103||1210568422||za||
3289071616||3289074431||1210568422||za||
3289078528||3289078783||1210568422||za||
3289078784||3289080319||1210568422||za||
3289080320||3289080575||1210568422||za||
3289080576||3289081343||1210568422||za||
3289082112||3289083135||1210568422||za||
3289083136||3289084671||1210568422||za||
3289084672||3289084927||1210568422||za||
3289084928||3289085183||1210568422||za||
3289085184||3289086463||1210568422||za||
3289086464||3289086719||1210568422||za||
3289086720||3289086975||1210568422||za||
3289087232||3289089791||1210568422||za||
3289090048||3289092607||1210568422||za||
3289092608||3289093631||1210568422||za||
3289096192||3289098751||1210568422||za||
3289098752||3289100031||1210568422||za||
3289103360||3289103615||1210568422||za||
3289104384||3289105663||1210568422||za||
3289105664||3289105919||1210568422||za||
3289105920||3289106175||1210568422||za||
3289106176||3289106431||1210568422||za||
3289106432||3289106687||1210568422||za||
3289106688||3289107711||1210568422||za||
3289107712||3289107967||1210568422||za||
3289108480||3289108735||1210568422||za||
3289108736||3289109759||1210568422||za||
3289109760||3289112063||1210568422||za||
3289112064||3289114367||1210568422||za||
3289114624||3289115135||1210568422||za||
3289115392||3289115647||1210568422||za||
3289115648||3289116415||1210568422||za||
3289116416||3289118463||1210568422||za||
3289118464||3289118719||1210568422||za||
3289118720||3289119231||1210568422||za||
3289119744||3289120511||1210568422||za||
3289124864||3289128959||1210568422||za||
3289186560||3289194239||1210568422||za||
3289194240||3289207039||1210568422||za||
3289207040||3289212159||1210568422||za||
3289215232||3289215487||1210568422||za||
3289215488||3289215743||1210568422||za||
3289215744||3289215999||1210568422||za||
3289216000||3289217023||1210568422||za||
3289217024||3289217279||1210568422||za||
3289218816||3289219071||1210568422||za||
3289219072||3289220095||1210568422||za||
3289220096||3289220351||1210568422||za||
3289221632||3289223935||1210568422||za||
3289223936||3289224191||1210568422||za||
3289224192||3289224447||1210568422||za||
3289224448||3289224703||1210568422||za||
3289224704||3289224959||1210568422||za||
3289224960||3289225215||1210568422||za||
3289225216||3289227263||1210568422||za||
3289227264||3289227519||1210568422||za||
3289227776||3289228031||1210568422||za||
3289228032||3289228287||1210568422||za||
3289228288||3289228543||1210568422||za||
3289228544||3289228799||1210568422||za||
3289228800||3289229311||1210568422||za||
3289229824||3289230591||1210568422||za||
3289233408||3289233663||1210568422||za||
3289233664||3289233919||1210568422||za||
3289234176||3289235199||1210568422||za||
3289237504||3289238783||1210568422||za||
3289238784||3289239039||1210568422||za||
3289240064||3289240319||1210568422||za||
3289240320||3289240831||1210568422||za||
3289240832||3289241087||1210568422||za||
3289241088||3289241599||1210568422||za||
3289241600||3289242111||1210568422||za||
3289242112||3289242623||1210568422||za||
3289242624||3289242879||1210568422||za||
3289242880||3289243135||1210568422||za||
3289243136||3289243391||1210568422||za||
3289243648||3289243903||1210568422||za||
3289243904||3289244159||1210568422||za||
3289244160||3289244415||1210568422||za||
3289244416||3289244671||1210568422||za||
3289244672||3289245695||1210568422||za||
3289245696||3289245951||1210568422||za||
3289245952||3289246207||1210568422||za||
3289246208||3289247487||1210568422||za||
3289247488||3289247743||1210568422||za||
3289247744||3289248255||1210568422||za||
3289249280||3289249535||1210568422||za||
3289249536||3289250047||1210568422||za||
3289250048||3289250303||1210568422||za||
3289250304||3289250559||1210568422||za||
3289250560||3289250815||1210568422||za||
3289251840||3289317375||1210568422||za||
3289317376||3289319423||1210568422||za||
3289319424||3289320447||1210568422||za||
3289333760||3289350143||1210568422||za||
3289350144||3289382911||1210568422||za||
3289382912||3289645055||1210568422||za||
3289710592||3289776127||1210568422||za||
3289776128||3289777151||1210568422||za||
3289777152||3289777407||1210568422||za||
3289780224||3289784319||1210568422||za||
3289784320||3289788415||1210568422||za||
3289792512||3289808895||1210568422||za||
3289808896||3289809151||1210568422||za||
3289809152||3289809407||1210568422||za||
3289809920||3289812991||1210568422||za||
3289817088||3289825279||1210568422||za||
3289825280||3289837567||1210568422||za||
3289837568||3289841663||1210568422||za||
3289841664||3289907199||1210568422||za||
3289907200||3289972735||1210568422||za||
3289972736||3290038271||1210568422||za||
3290038272||3290103807||1210568422||za||
3290169344||3290170367||1210568422||za||
3290170368||3290170623||1210568422||za||
3290170624||3290170879||1210568422||za||
3290170880||3290171135||1210568422||za||
3290171392||3290171647||1210568422||za||
3290172416||3290173439||1210568422||za||
3290173440||3290181631||1210568422||za||
3290185728||3290202111||1210568422||za||
3290202112||3290226687||1210568422||za||
3290234880||3290243071||1210568422||za||
3290267648||3290275839||1210568422||za||
3290296320||3290300415||1210568422||za||
3290300416||3290365951||1210568422||za||
3290365952||3290431487||1210568422||za||
3290472448||3290480639||1210568422||za||
3290484736||3290486783||1210568422||za||
3290497024||3290562559||1210568422||za||
3290562560||3290693631||1210568422||za||
3290693632||3290955775||1210568422||za||
3290980352||3290984447||1210568422||za||
3291021312||3291029503||1210568422||za||
3291045888||3291054079||1210568422||za||
3291054080||3291062271||1210568422||za||
3291062272||3291070463||1210568422||za||
3291070464||3291078655||1210568422||za||
3291152384||3291168767||1210568422||za||
3291217920||3291226111||1210568422||za||
3291226112||3291230207||1210568422||za||
3291234304||3291242495||1210568422||za||
3291267072||3291271167||1210568422||za||
3291271168||3291275263||1210568422||za||
3291275264||3291279359||1210568422||za||
3291287552||3291291647||1210568422||za||
3291299840||3291308031||1210568422||za||
3291308032||3291312127||1210568422||za||
3291326464||3291328511||1210568422||za||
3291328512||3291330559||1210568422||za||
3291365376||3291367423||1210568422||za||
3291377664||3291378687||1210568422||za||
3291378688||3291379199||1210568422||za||
3291379200||3291379711||1210568422||za||
3291383808||3291385855||1210568422||za||
3291389952||3291394047||1210568422||za||
3291394048||3291396095||1210568422||za||
3291396096||3291397119||1210568422||za||
3291406336||3291408383||1210568422||za||
3291414528||3291430911||1210568422||za||
3291430912||3291439103||1210568422||za||
3301508608||3301509119||1210568422||za||
3301636096||3301637119||1210568422||za||
3301908480||3301912575||1210568422||za||
3301965824||3302227967||1210568422||za||
3302227968||3302490111||1210568422||za||
3302490624||3302491135||1210568422||za||
3302494208||3302496255||1210568422||za||
3302529024||3302530047||1210568422||za||
3302760448||3302768639||1210568422||za||
3325427968||3325428223||1210568422||za||
3325428224||3325428479||1210568422||za||
3325428480||3325428735||1210568422||za||
3325428736||3325428991||1210568422||za||
3325428992||3325429247||1210568422||za||
3325429248||3325429503||1210568422||za||
3325429504||3325429759||1210568422||za||
3325429760||3325430015||1210568422||za||
3325430016||3325430271||1210568422||za||
3325430272||3325430527||1210568422||za||
3325431552||3325431807||1210568422||za||
3325431808||3325432063||1210568422||za||
3325432064||3325432319||1210568422||za||
3325432320||3325432575||1210568422||za||
3325432576||3325432831||1210568422||za||
3325432832||3325433343||1210568422||za||
3325433344||3325437439||1210568422||za||
3325437440||3325438975||1210568422||za||
3325438976||3325439231||1210568422||za||
3325439232||3325439487||1210568422||za||
3325439488||3325439743||1210568422||za||
3325439744||3325439999||1210568422||za||
3325440000||3325440255||1210568422||za||
3325440256||3325440511||1210568422||za||
3325440512||3325440767||1210568422||za||
3325440768||3325441023||1210568422||za||
3325441024||3325441279||1210568422||za||
3325441280||3325441535||1210568422||za||
3325441536||3325441791||1210568422||za||
3325441792||3325442047||1210568422||za||
3325442048||3325442303||1210568422||za||
3325442304||3325442559||1210568422||za||
3325442560||3325442815||1210568422||za||
3325442816||3325443071||1210568422||za||
3325443072||3325443327||1210568422||za||
3325443328||3325443583||1210568422||za||
3325444096||3325444351||1210568422||za||
3325444352||3325444607||1210568422||za||
3325444608||3325444863||1210568422||za||
3325444864||3325445119||1210568422||za||
3325445120||3325445375||1210568422||za||
3325445376||3325445631||1210568422||za||
3325445632||3325445887||1210568422||za||
3325445888||3325446143||1210568422||za||
3325446144||3325446399||1210568422||za||
3325446400||3325446655||1210568422||za||
3325446656||3325446911||1210568422||za||
3325446912||3325447167||1210568422||za||
3325447168||3325447423||1210568422||za||
3325447424||3325447679||1210568422||za||
3325447680||3325447935||1210568422||za||
3325447936||3325448191||1210568422||za||
3325448192||3325448447||1210568422||za||
3325448960||3325449215||1210568422||za||
3325449216||3325449471||1210568422||za||
3325449472||3325449727||1210568422||za||
3325449728||3325449983||1210568422||za||
3325449984||3325450239||1210568422||za||
3325451008||3325451263||1210568422||za||
3325452800||3325453055||1210568422||za||
3325453056||3325453311||1210568422||za||
3325463808||3325464063||1210568422||za||
3325464064||3325464319||1210568422||za||
3325464320||3325464575||1210568422||za||
3325464576||3325464831||1210568422||za||
3325464832||3325465087||1210568422||za||
3325465088||3325465343||1210568422||za||
3325465344||3325465599||1210568422||za||
3325465600||3325465855||1210568422||za||
3325465856||3325466111||1210568422||za||
3325466112||3325466367||1210568422||za||
3325466368||3325466623||1210568422||za||
3325467136||3325467391||1210568422||za||
3325467392||3325467647||1210568422||za||
3325467648||3325467903||1210568422||za||
3325467904||3325468159||1210568422||za||
3325468160||3325468415||1210568422||za||
3325468416||3325468671||1210568422||za||
3325468672||3325468927||1210568422||za||
3325468928||3325469183||1210568422||za||
3325469184||3325469439||1210568422||za||
3325469440||3325469695||1210568422||za||
3325469952||3325470207||1210568422||za||
3325471232||3325471487||1210568422||za||
3325472000||3325472255||1210568422||za||
3325472256||3325472511||1210568422||za||
3325472512||3325472767||1210568422||za||
3325472768||3325473023||1210568422||za||
3325473024||3325473279||1210568422||za||
3325473280||3325473535||1210568422||za||
3325473536||3325473791||1210568422||za||
3325473792||3325474047||1210568422||za||
3325474048||3325474303||1210568422||za||
3325474560||3325474815||1210568422||za||
3325474816||3325475071||1210568422||za||
3325475072||3325475327||1210568422||za||
3325475328||3325475583||1210568422||za||
3325475584||3325475839||1210568422||za||
3325475840||3325476095||1210568422||za||
3325476096||3325476351||1210568422||za||
3325476352||3325476607||1210568422||za||
3325476608||3325476863||1210568422||za||
3325476864||3325477119||1210568422||za||
3325477120||3325477375||1210568422||za||
3325477376||3325477631||1210568422||za||
3325477632||3325477887||1210568422||za||
3325477888||3325478143||1210568422||za||
3325478144||3325478399||1210568422||za||
3325478400||3325478655||1210568422||za||
3325478656||3325478911||1210568422||za||
3325479424||3325479679||1210568422||za||
3325479680||3325481471||1210568422||za||
3325481472||3325481727||1210568422||za||
3325483776||3325484031||1210568422||za||
3325484032||3325484287||1210568422||za||
3325484800||3325485055||1210568422||za||
3325485312||3325485567||1210568422||za||
3325485568||3325485823||1210568422||za||
3325485824||3325486079||1210568422||za||
3325486080||3325486335||1210568422||za||
3325486336||3325486591||1210568422||za||
3325486848||3325487103||1210568422||za||
3325487104||3325487359||1210568422||za||
3325487616||3325487871||1210568422||za||
3325490944||3325491199||1210568422||za||
3325491200||3325491455||1210568422||za||
3325491456||3325491711||1210568422||za||
3325491712||3325491967||1210568422||za||
3325491968||3325492223||1210568422||za||
3325492224||3325492479||1210568422||za||
3325492480||3325492735||1210568422||za||
3325492736||3325492991||1210568422||za||
3356493824||3356495871||1210568422||za||
3423371264||3423375359||1210568422||za||
3428299520||3428299775||1210568422||za||
3437961216||3437964287||1210568422||za||
3449769728||3449769983||1210568422||za||
3470755840||3470756095||1210568422||za||
3519741952||3519758335||1210568422||za||
3520356352||3520364543||1210568422||za||
3586203648||3586211839||1210568422||za||
3639390208||3639394303||1210568422||za||
