--||--||--||es||Spain
1041096704||1041104895||1210568422||es||
1041104896||1041170431||1210568422||es||
1041170432||1041235967||1210568422||es||
1041629184||1041637375||1210568422||es||
1041637376||1041645567||1210568422||es||
1041645568||1041661951||1210568422||es||
1041661952||1041694719||1210568422||es||
1042317312||1042350079||1210568422||es||
1042546688||1042612223||1210568422||es||
1042612224||1042677759||1210568422||es||
1042939904||1043005439||1210568422||es||
1043005440||1043070975||1210568422||es||
1043922944||1043988479||1210568422||es||
1045495808||1045561343||1210568422||es||
1045561344||1045626879||1210568422||es||
1045626880||1045692415||1210568422||es||
1045889024||1045921791||1210568422||es||
1046323200||1046331391||1210568422||es||
1046577152||1046585343||1210568422||es||
1046675456||1046708223||1210568422||es||
1046765568||1046773759||1210568422||es||
1046847488||1046855679||1210568422||es||
1047887872||1047896063||1210568422||es||
1047896064||1047904255||1210568422||es||
1047904256||1047920639||1210568422||es||
1050083328||1050148863||1210568422||es||
1050935296||1050968063||1210568422||es||
1051590656||1051721727||1210568422||es||
1053360128||1053368319||1210568422||es||
1053605888||1053614079||1210568422||es||
1293549568||1293680639||1210568422||es||
1296590848||1296592895||1210568422||es||
1296617472||1296619519||1210568422||es||
1296640000||1296642047||1210568422||es||
1296650240||1296652287||1210568422||es||
1296670720||1296672767||1210568422||es||
1296680960||1296683007||1210568422||es||
1296805888||1296807935||1210568422||es||
1296818176||1296820223||1210568422||es||
1298110464||1298112511||1210568422||es||
1305477120||1305739263||1210568422||es||
1306525696||1307049983||1210568422||es||
1307602944||1307607039||1210568422||es||
1307652096||1307656191||1210568422||es||
1307668480||1307672575||1210568422||es||
1307820032||1307824127||1210568422||es||
1308012544||1308016639||1210568422||es||
1310230528||1310232575||1210568422||es||
1311340544||1311342591||1210568422||es||
1317552128||1317568511||1210568422||es||
1317912576||1317928959||1210568422||es||
1331886080||1331888127||1210568422||es||
1332477952||1332609023||1210568422||es||
1334837248||1335885823||1210568422||es||
1336543232||1336545279||1210568422||es||
1336557568||1336559615||1210568422||es||
1336612864||1336614911||1210568422||es||
1336616960||1336619007||1210568422||es||
1336633344||1336635391||1210568422||es||
1336662016||1336664063||1210568422||es||
1343750144||1343881215||1210568422||es||
1343881216||1344012287||1210568422||es||
1344012288||1344274431||1210568422||es||
1344274432||1344798719||1210568422||es||
1345978368||1346109439||1210568422||es||
1346379776||1346383871||1210568422||es||
1346531328||1346535423||1210568422||es||
1346592768||1346596863||1210568422||es||
1346666496||1346670591||1210568422||es||
1346998272||1347002367||1210568422||es||
1347440640||1347444735||1210568422||es||
1347510272||1347514367||1210568422||es||
1347514368||1347518463||1210568422||es||
1347715072||1347719167||1210568422||es||
1347719168||1347723263||1210568422||es||
1348001792||1348005887||1210568422||es||
1348337664||1348341759||1210568422||es||
1348861952||1348993023||1210568422||es||
1353515008||1353580543||1210568422||es||
1353580544||1353646079||1210568422||es||
1356857344||1356922879||1210568422||es||
1358159872||1358163967||1210568422||es||
1358180352||1358184447||1210568422||es||
1358233600||1358237695||1210568422||es||
1358503936||1358508031||1210568422||es||
1358643200||1358647295||1210568422||es||
1358774272||1358778367||1210568422||es||
1358917632||1358921727||1210568422||es||
1358954496||1358970879||1210568422||es||
1359577088||1359609855||1210568422||es||
1360224256||1360228351||1210568422||es||
1360240640||1360244735||1210568422||es||
1360568320||1360572415||1210568422||es||
1360621568||1360625663||1210568422||es||
1361051648||1362100223||1210568422||es||
1362886656||1363017727||1210568422||es||
1364795392||1364799487||1210568422||es||
1364877312||1364881407||1210568422||es||
1365016576||1365020671||1210568422||es||
1365102592||1365106687||1210568422||es||
1365196800||1365200895||1210568422||es||
1370226688||1370259455||1210568422||es||
1371013120||1371078655||1210568422||es||
1372192768||1372323839||1210568422||es||
1381367808||1381498879||1210568422||es||
1382187008||1382203391||1210568422||es||
1383374848||1383383039||1210568422||es||
1384284160||1384316927||1210568422||es||
1385168896||1385177087||1210568422||es||
1385193472||1385201663||1210568422||es||
1385676800||1385684991||1210568422||es||
1386086400||1386217471||1210568422||es||
1388462080||1388470271||1210568422||es||
1388716032||1388724223||1210568422||es||
1388732416||1388740607||1210568422||es||
1388781568||1388789759||1210568422||es||
1389723648||1389740031||1210568422||es||
1389740032||1389756415||1210568422||es||
1390346240||1390411775||1210568422||es||
1394606080||1395654655||1210568422||es||
1395654656||1396703231||1210568422||es||
1398898688||1398931455||1210568422||es||
1401468928||1401470975||1210568422||es||
1401563136||1401565183||1210568422||es||
1401602048||1401618431||1210568422||es||
1401931776||1401933823||1210568422||es||
1402142720||1402159103||1210568422||es||
1402388480||1402404863||1210568422||es||
1403322368||1403387903||1210568422||es||
1403879424||1403895807||1210568422||es||
1404026880||1404043263||1210568422||es||
1406468096||1406533631||1210568422||es||
1407614976||1407647743||1210568422||es||
1407647744||1407680511||1210568422||es||
1408729088||1408761855||1210568422||es||
1410334720||1410342911||1210568422||es||
1410465792||1410473983||1210568422||es||
1410596864||1410605055||1210568422||es||
1410703360||1410711551||1210568422||es||
1414266880||1414529023||1210568422||es||
1415053312||1415184383||1210568422||es||
1417150464||1417674751||1210568422||es||
1424490496||1424523263||1210568422||es||
1425461248||1425463295||1210568422||es||
1428127744||1428129791||1210568422||es||
1429209088||1430257663||1210568422||es||
1431568384||1431830527||1210568422||es||
1432043520||1432051711||1210568422||es||
1433403392||1433411583||1210568422||es||
1433858048||1433860095||1210568422||es||
1433911296||1433913343||1210568422||es||
1434976256||1435107327||1210568422||es||
1436024832||1436090367||1210568422||es||
1436221440||1436286975||1210568422||es||
1436461056||1436463103||1210568422||es||
1438662656||1438679039||1210568422||es||
1440415744||1440448511||1210568422||es||
1441660928||1441669119||1210568422||es||
1441775616||1441783807||1210568422||es||
1442512896||1442578431||1210568422||es||
1450008576||1450016767||1210568422||es||
1450024960||1450033151||1210568422||es||
1450131456||1450139647||1210568422||es||
1466892288||1466957823||1210568422||es||
1473773568||1474297855||1210568422||es||
1475018752||1475084287||1210568422||es||
1475145728||1475147775||1210568422||es||
1475186688||1475188735||1210568422||es||
1475237888||1475239935||1210568422||es||
1475276800||1475278847||1210568422||es||
1476395008||1478492159||1210568422||es||
1481818112||1481826303||1210568422||es||
1481916416||1481924607||1210568422||es||
1482129408||1482137599||1210568422||es||
1482145792||1482153983||1210568422||es||
1486094336||1486127103||1210568422||es||
1486295040||1486297087||1210568422||es||
1493565440||1493696511||1210568422||es||
1494335488||1494343679||1210568422||es||
1495105536||1495138303||1210568422||es||
1500196864||1500198911||1210568422||es||
1500229632||1500231679||1210568422||es||
1500246016||1500248063||1210568422||es||
1501560832||1501822975||1210568422||es||
1502347264||1502478335||1210568422||es||
1506797568||1506799615||1210568422||es||
1509449728||1509453823||1210568422||es||
1509679104||1509683199||1210568422||es||
1520435200||1521483775||1210568422||es||
1532674048||1532682239||1210568422||es||
1533472768||1533474815||1210568422||es||
1534328832||1534459903||1210568422||es||
1536086016||1536090111||1210568422||es||
1536647168||1536651263||1210568422||es||
1539337216||1539338239||1210568422||es||
1539568128||1539568639||1210568422||es||
1539604480||1539605503||1210568422||es||
1539809280||1539809535||1210568422||es||
1539820544||1539820799||1210568422||es||
1539876864||1539877887||1210568422||es||
1539933184||1539934207||1210568422||es||
1540028416||1540029439||1210568422||es||
1546326016||1546328063||1210568422||es||
1546379264||1546381311||1210568422||es||
1547042816||1547059199||1210568422||es||
1547173888||1547436031||1210568422||es||
1547476992||1547481087||1210568422||es||
1559674880||1559683071||1210568422||es||
1566183424||1566187519||1210568422||es||
1566353408||1566355455||1210568422||es||
1566367744||1566369791||1210568422||es||
1566369792||1566371839||1210568422||es||
1566392320||1566394367||1210568422||es||
1566404608||1566406655||1210568422||es||
1566420992||1566423039||1210568422||es||
1566466048||1566468095||1210568422||es||
1570504704||1570570239||1210568422||es||
1572614144||1572616191||1210568422||es||
1572636672||1572638719||1210568422||es||
1572675584||1572677631||1210568422||es||
1572689920||1572691967||1210568422||es||
3238064384||3238064639||1210568422||es||
3239774464||3239774719||1210568422||es||
3239886080||3239886335||1210568422||es||
3240749568||3240749823||1210568422||es||
3240751104||3240752127||1210568422||es||
3240880128||3240881151||1210568422||es||
3241104896||3241105151||1210568422||es||
3245177088||3245177343||1210568422||es||
3245190144||3245191167||1210568422||es||
3245281792||3245282303||1210568422||es||
3246325760||3246391295||1210568422||es||
3247364352||3247364607||1210568422||es||
3247439872||3247570943||1210568422||es||
3247570944||3247636479||1210568422||es||
3247636480||3247702015||1210568422||es||
3247702272||3247702527||1210568422||es||
3247702528||3247702783||1210568422||es||
3247702784||3247703039||1210568422||es||
3247703040||3247703295||1210568422||es||
3247703296||3247703551||1210568422||es||
3247703552||3247704063||1210568422||es||
3247704064||3247704831||1210568422||es||
3247705088||3247705855||1210568422||es||
3247706112||3247706879||1210568422||es||
3247706880||3247707135||1210568422||es||
3247707136||3247707391||1210568422||es||
3247707392||3247707647||1210568422||es||
3247707648||3247707903||1210568422||es||
3247707904||3247708159||1210568422||es||
3247708160||3247711743||1210568422||es||
3247712256||3247712511||1210568422||es||
3247712512||3247712767||1210568422||es||
3247712768||3247713023||1210568422||es||
3247713024||3247713279||1210568422||es||
3247716352||3247717375||1210568422||es||
3247717376||3247717631||1210568422||es||
3247717632||3247717887||1210568422||es||
3247718400||3247726591||1210568422||es||
3247726592||3247734783||1210568422||es||
3247734784||3247742975||1210568422||es||
3247742976||3247751167||1210568422||es||
3247751168||3247759359||1210568422||es||
3247759360||3247764479||1210568422||es||
3247764480||3247764991||1210568422||es||
3247764992||3247765247||1210568422||es||
3247765248||3247765503||1210568422||es||
3247765504||3247766015||1210568422||es||
3247766016||3247766271||1210568422||es||
3247766272||3247766527||1210568422||es||
3247766528||3247766783||1210568422||es||
3247766784||3247767039||1210568422||es||
3247767040||3247767295||1210568422||es||
3247767296||3247767551||1210568422||es||
3247767552||3247767807||1210568422||es||
3247767808||3247768063||1210568422||es||
3247768064||3247768575||1210568422||es||
3247768576||3247769599||1210568422||es||
3247771648||3247775743||1210568422||es||
3247964160||3248095231||1210568422||es||
3251159552||3251159807||1210568422||es||
3251357696||3251358207||1210568422||es||
3252381440||3252381695||1210568422||es||
3252567552||3252567807||1210568422||es||
3252913152||3252913407||1210568422||es||
3253637120||3253638143||1210568422||es||
3253668864||3253669887||1210568422||es||
3253887488||3253887743||1210568422||es||
3255237888||3255238143||1210568422||es||
3255817472||3255817727||1210568422||es||
3256745984||3256778751||1210568422||es||
3257546624||3257546655||1210568422||es||
3257978624||3257978879||1210568422||es||
3258731520||3258731775||1210568422||es||
3259359232||3259367423||1210568422||es||
3260605952||3260606463||1210568422||es||
3261726720||3261734911||1210568422||es||
3262420992||3262421503||1210568422||es||
3262429184||3262429695||1210568422||es||
3263954944||3263963135||1210568422||es||
3263963136||3263971327||1210568422||es||
3263971328||3263979519||1210568422||es||
3263987712||3263995903||1210568422||es||
3263995904||3264004095||1210568422||es||
3264200704||3264208895||1210568422||es||
3264593920||3264602111||1210568422||es||
3266344704||3266344959||1210568422||es||
3266379776||3266380287||1210568422||es||
3266380288||3266382335||1210568422||es||
3266382336||3266387967||1210568422||es||
3266510848||3266543615||1210568422||es||
3269459968||3269525503||1210568422||es||
3271901184||3271909375||1210568422||es||
3272263936||3272264191||1210568422||es||
3272638464||3272646655||1210568422||es||
3274813440||3274814463||1210568422||es||
3275030528||3275096063||1210568422||es||
3275161600||3275227135||1210568422||es||
3275292672||3275358207||1210568422||es||
3275510080||3275510143||1210568422||es||
3275513152||3275513215||1210568422||es||
3275920896||3275921407||1210568422||es||
3276537856||3276603391||1210568422||es||
3276603392||3276668927||1210568422||es||
3276727296||3276728319||1210568422||es||
3277178880||3277179135||1210568422||es||
3277695488||3277695999||1210568422||es||
3277705728||3277706239||1210568422||es||
3277822208||3277822463||1210568422||es||
3279077376||3279085567||1210568422||es||
3280453632||3280454655||1210568422||es||
3280654592||3280654847||1210568422||es||
3281375232||3281377279||1210568422||es||
3283213312||3283213823||1210568422||es||
3286907648||3286907903||1210568422||es||
3286935040||3286935295||1210568422||es||
3286958080||3287023615||1210568422||es||
3287667712||3287667967||1210568422||es||
3287868928||3287869439||1210568422||es||
3288241152||3288241663||1210568422||es||
3345434880||3345435135||1210568422||es||
3345436928||3345437183||1210568422||es||
3437752064||3437752319||1210568422||es||
3557056512||3557064703||1210568422||es||
3557236736||3557244927||1210568422||es||
3557310464||3557326847||1210568422||es||
3557376000||3557384191||1210568422||es||
3557711872||3557720063||1210568422||es||
3557810176||3557818367||1210568422||es||
3558195200||3558203391||1210568422||es||
3558203392||3558211583||1210568422||es||
3558219776||3558227967||1210568422||es||
3558440960||3558449151||1210568422||es||
3558809600||3558817791||1210568422||es||
3558850560||3558858751||1210568422||es||
3559030784||3559038975||1210568422||es||
3559145472||3559153663||1210568422||es||
3559448576||3559456767||1210568422||es||
3559489536||3559497727||1210568422||es||
3560013824||3560022015||1210568422||es||
3560022016||3560030207||1210568422||es||
3560120320||3560128511||1210568422||es||
3560374272||3560382463||1210568422||es||
3560685568||3560693759||1210568422||es||
3561005056||3561013247||1210568422||es||
3561136128||3561144319||1210568422||es||
3561562112||3561570303||1210568422||es||
3561725952||3561734143||1210568422||es||
3561914368||3561922559||1210568422||es||
3561979904||3561988095||1210568422||es||
3562045440||3562053631||1210568422||es||
3562053632||3562061823||1210568422||es||
3562110976||3562143743||1210568422||es||
3562348544||3562356735||1210568422||es||
3562520576||3562528767||1210568422||es||
3562602496||3562610687||1210568422||es||
3562807296||3562815487||1210568422||es||
3563044864||3563053055||1210568422||es||
3563167744||3563175935||1210568422||es||
3563405312||3563413503||1210568422||es||
3563765760||3563773951||1210568422||es||
3563773952||3563782143||1210568422||es||
3563847680||3563855871||1210568422||es||
3564068864||3564077055||1210568422||es||
3564331008||3564339199||1210568422||es||
3564756992||3564765183||1210568422||es||
3564789760||3564797951||1210568422||es||
3565158400||3565223935||1210568422||es||
3566108672||3566141439||1210568422||es||
3566272512||3566338047||1210568422||es||
3567452160||3567484927||1210568422||es||
3567484928||3567517695||1210568422||es||
3567665152||3567673343||1210568422||es||
3567681536||3567697919||1210568422||es||
3567697920||3567714303||1210568422||es||
3567910912||3567976447||1210568422||es||
3568812032||3568828415||1210568422||es||
3571548160||3571580927||1210568422||es||
3571843072||3571974143||1210568422||es||
3573547008||3573612543||1210568422||es||
3573809152||3573874687||1210568422||es||
3574169600||3574202367||1210568422||es||
3575971840||3576037375||1210568422||es||
3577479168||3577544703||1210568422||es||
3578339328||3578347519||1210568422||es||
3579707392||3579723775||1210568422||es||
3579838464||3579969535||1210568422||es||
3579969536||3580035071||1210568422||es||
3580035072||3580100607||1210568422||es||
3581976576||3581984767||1210568422||es||
3582042112||3582050303||1210568422||es||
3582337024||3582345215||1210568422||es||
3582656512||3582664703||1210568422||es||
3582730240||3582738431||1210568422||es||
3582795776||3582803967||1210568422||es||
3582926848||3582935039||1210568422||es||
3582992384||3583000575||1210568422||es||
3583295488||3583303679||1210568422||es||
3583344640||3583352831||1210568422||es||
3583369216||3583377407||1210568422||es||
3583467520||3583475711||1210568422||es||
3584212992||3584221183||1210568422||es||
3584303104||3584311295||1210568422||es||
3584335872||3584344063||1210568422||es||
3584548864||3584557055||1210568422||es||
3584696320||3584704511||1210568422||es||
3584811008||3584819199||1210568422||es||
3584827392||3584835583||1210568422||es||
3585122304||3585130495||1210568422||es||
3585196032||3585204223||1210568422||es||
3585302528||3585310719||1210568422||es||
3585998848||3586007039||1210568422||es||
3586179072||3586195455||1210568422||es||
3586260992||3586277375||1210568422||es||
3586293760||3586310143||1210568422||es||
3586342912||3586359295||1210568422||es||
3586719744||3586752511||1210568422||es||
3587964928||3587981311||1210568422||es||
3588423680||3588440063||1210568422||es||
3588702208||3588718591||1210568422||es||
3589013504||3589021695||1210568422||es||
3589029888||3589046271||1210568422||es||
3589963776||3589971967||1210568422||es||
3589971968||3589980159||1210568422||es||
3590209536||3590225919||1210568422||es||
3641331712||3641335807||1210568422||es||
3641401344||3641405439||1210568422||es||
3641405440||3641409535||1210568422||es||
3641446400||3641450495||1210568422||es||
3641528320||3641532415||1210568422||es||
3641536512||3641540607||1210568422||es||
3641581568||3641585663||1210568422||es||
3641647104||3641651199||1210568422||es||
3641741312||3641745407||1210568422||es||
3641765888||3641769983||1210568422||es||
3641843712||3641847807||1210568422||es||
3641876480||3641880575||1210568422||es||
3642122240||3642126335||1210568422||es||
3642421248||3642425343||1210568422||es||
3642695680||3642699775||1210568422||es||
3645243392||3645247487||1210568422||es||
3645304832||3645308927||1210568422||es||
3645313024||3645317119||1210568422||es||
3645358080||3645362175||1210568422||es||
3645628416||3645632511||1210568422||es||
3645632512||3645636607||1210568422||es||
3645669376||3645673471||1210568422||es||
3645673472||3645677567||1210568422||es||
3645698048||3645702143||1210568422||es||
3648020480||3648024575||1210568422||es||
3648122880||3648126975||1210568422||es||
3648159744||3648163839||1210568422||es||
3648192512||3648196607||1210568422||es||
3648258048||3648262143||1210568422||es||
3648262144||3648266239||1210568422||es||
3648782336||3649044479||1210568422||es||
3649175552||3649241087||1210568422||es||
3649835008||3649839103||1210568422||es||
3650203648||3650207743||1210568422||es||
3650371584||3650375679||1210568422||es||
3650420736||3650424831||1210568422||es||
3650457600||3650461695||1210568422||es||
3650539520||3650543615||1210568422||es||
3651665920||3651670015||1210568422||es||
3651944448||3651948543||1210568422||es||
3652022272||3652026367||1210568422||es||
3654811648||3654942719||1210568422||es||
