--||--||--||lk||Sri Lanka
1946959872||1946976255||1210568422||lk||
1970812928||1970814975||1210568422||lk||
2011889664||2011893759||1210568422||lk||
2063532032||2063548415||1210568422||lk||
2078736384||2078769151||1210568422||lk||
2083192832||2083258367||1210568422||lk||
2111217664||2111225855||1210568422||lk||
3237478400||3237511167||1210568422||lk||
3389571072||3389575167||1210568422||lk||
3390382080||3390390271||1210568422||lk||
3393568768||3393572863||1210568422||lk||
3397165056||3397169151||1210568422||lk||
3397169152||3397173247||1210568422||lk||
3411107840||3411111935||1210568422||lk||
3411951616||3411959807||1210568422||lk||
3411959808||3411967999||1210568422||lk||
3413311488||3413319679||1210568422||lk||
3413319680||3413327871||1210568422||lk||
3415146496||3415147519||1210568422||lk||
3415147520||3415148543||1210568422||lk||
3415148544||3415150591||1210568422||lk||
3415150592||3415154687||1210568422||lk||
3415154688||3415162879||1210568422||lk||
3418177536||3418181631||1210568422||lk||
3418208256||3418210303||1210568422||lk||
3707224064||3707240447||1210568422||lk||
3735388160||3735404543||1210568422||lk||
