--||--||--||se||Sweden
1040416768||1040424959||1210568422||se||
1040515072||1040547839||1210568422||se||
1041039360||1041072127||1210568422||se||
1041498112||1041563647||1210568422||se||
1044365312||1044381695||1210568422||se||
1044447232||1044455423||1210568422||se||
1044463616||1044479999||1210568422||se||
1045479424||1045487615||1210568422||se||
1045987328||1046020095||1210568422||se||
1046413312||1046446079||1210568422||se||
1046814720||1046822911||1210568422||se||
1047314432||1047322623||1210568422||se||
1047339008||1047347199||1210568422||se||
1047846912||1047855103||1210568422||se||
1047986176||1048051711||1210568422||se||
1048510464||1048575999||1210568422||se||
1051230208||1051238399||1210568422||se||
1052065792||1052082175||1210568422||se||
1052098560||1052114943||1210568422||se||
1052114944||1052116991||1210568422||se||
1052170240||1052172287||1210568422||se||
1053368320||1053376511||1210568422||se||
1053925376||1053933567||1210568422||se||
1054646272||1054654463||1210568422||se||
1055260672||1055326207||1210568422||se||
1056374784||1056440319||1210568422||se||
1295319040||1295384575||1210568422||se||
1296588800||1296590847||1210568422||se||
1296621568||1296623615||1210568422||se||
1296728064||1296730111||1210568422||se||
1297864704||1297866751||1210568422||se||
1298098176||1298100223||1210568422||se||
1298776064||1298792447||1210568422||se||
1298857984||1298874367||1210568422||se||
1299054592||1299070975||1210568422||se||
1307303936||1307312127||1210568422||se||
1307451392||1307459583||1210568422||se||
1307590656||1307594751||1210568422||se||
1307627520||1307631615||1210568422||se||
1307672576||1307676671||1210568422||se||
1307807744||1307811839||1210568422||se||
1307836416||1307840511||1210568422||se||
1307893760||1307897855||1210568422||se||
1311371264||1311373311||1210568422||se||
1312817152||1313865727||1210568422||se||
1313996800||1314062335||1210568422||se||
1315700736||1315704831||1210568422||se||
1315713024||1315717119||1210568422||se||
1315852288||1315856383||1210568422||se||
1318895616||1318903807||1210568422||se||
1331847168||1331849215||1210568422||se||
1331888128||1331890175||1210568422||se||
1331931136||1331933183||1210568422||se||
1331945472||1331947519||1210568422||se||
1332084736||1332150271||1210568422||se||
1334312960||1334345727||1210568422||se||
1334444032||1334476799||1210568422||se||
1334476800||1334509567||1210568422||se||
1334759424||1334763519||1210568422||se||
1336545280||1336547327||1210568422||se||
1336670208||1336672255||1210568422||se||
1346486272||1346490367||1210568422||se||
1346568192||1346572287||1210568422||se||
1346617344||1346621439||1210568422||se||
1346658304||1346662399||1210568422||se||
1346662400||1346666495||1210568422||se||
1346756608||1346760703||1210568422||se||
1346801664||1346805759||1210568422||se||
1346895872||1346899967||1210568422||se||
1346973696||1346977791||1210568422||se||
1347006464||1347010559||1210568422||se||
1347096576||1347100671||1210568422||se||
1347194880||1347198975||1210568422||se||
1347248128||1347252223||1210568422||se||
1347293184||1347297279||1210568422||se||
1347342336||1347346431||1210568422||se||
1347395584||1347399679||1210568422||se||
1347436544||1347440639||1210568422||se||
1347637248||1347641343||1210568422||se||
1347670016||1347674111||1210568422||se||
1347690496||1347694591||1210568422||se||
1347776512||1347780607||1210568422||se||
1347829760||1347833855||1210568422||se||
1347969024||1347973119||1210568422||se||
1347973120||1347977215||1210568422||se||
1348050944||1348055039||1210568422||se||
1348390912||1348395007||1210568422||se||
1356333056||1356464127||1210568422||se||
1358184448||1358188543||1210568422||se||
1358188544||1358192639||1210568422||se||
1358217216||1358221311||1210568422||se||
1358462976||1358467071||1210568422||se||
1358487552||1358491647||1210568422||se||
1358675968||1358680063||1210568422||se||
1358733312||1358737407||1210568422||se||
1358737408||1358741503||1210568422||se||
1358745600||1358749695||1210568422||se||
1358884864||1358888959||1210568422||se||
1359052800||1359069183||1210568422||se||
1359511552||1359544319||1210568422||se||
1360044032||1360048127||1210568422||se||
1360384000||1360388095||1210568422||se||
1360613376||1360617471||1210568422||se||
1360629760||1360633855||1210568422||se||
1360715776||1360719871||1210568422||se||
1360719872||1360723967||1210568422||se||
1360723968||1360728063||1210568422||se||
1364721664||1364725759||1210568422||se||
1365000192||1365004287||1210568422||se||
1365082112||1365086207||1210568422||se||
1365086208||1365090303||1210568422||se||
1365131264||1365135359||1210568422||se||
1365135360||1365139455||1210568422||se||
1370128384||1370161151||1210568422||se||
1370259456||1370292223||1210568422||se||
1371205632||1371209727||1210568422||se||
1372102656||1372106751||1210568422||se||
1372180480||1372184575||1210568422||se||
1372815360||1372848127||1210568422||se||
1373110272||1373143039||1210568422||se||
1373143040||1373175807||1210568422||se||
1373634560||1374683135||1210568422||se||
1382023168||1382039551||1210568422||se||
1382219776||1382236159||1210568422||se||
1382236160||1382252543||1210568422||se||
1382301696||1382318079||1210568422||se||
1383301120||1383309311||1210568422||se||
1383317504||1383321599||1210568422||se||
1383424000||1383432191||1210568422||se||
1384677376||1384693759||1210568422||se||
1385267200||1385275391||1210568422||se||
1387659264||1387724799||1210568422||se||
1387724800||1387790335||1210568422||se||
1388421120||1388429311||1210568422||se||
1388601344||1388609535||1210568422||se||
1388617728||1388625919||1210568422||se||
1388699648||1388707839||1210568422||se||
1389461504||1389477887||1210568422||se||
1389641728||1389658111||1210568422||se||
1389756416||1389772799||1210568422||se||
1397022720||1397030911||1210568422||se||
1401489408||1401491455||1210568422||se||
1401683968||1401749503||1210568422||se||
1401815040||1401817087||1210568422||se||
1402011648||1402028031||1210568422||se||
1402372096||1402388479||1210568422||se||
1403387904||1403396095||1210568422||se||
1403568128||1403584511||1210568422||se||
1403797504||1403813887||1210568422||se||
1403928576||1403944959||1210568422||se||
1404043264||1405091839||1210568422||se||
1406205952||1406271487||1210568422||se||
1406689280||1406697471||1210568422||se||
1406812160||1406820351||1210568422||se||
1406910464||1406918655||1210568422||se||
1407123456||1407131647||1210568422||se||
1407320064||1407451135||1210568422||se||
1407778816||1407844351||1210568422||se||
1408335872||1408368639||1210568422||se||
1408440320||1408442367||1210568422||se||
1408761856||1409286143||1210568422||se||
1410449408||1410457599||1210568422||se||
1410564096||1410572287||1210568422||se||
1410826240||1410834431||1210568422||se||
1412907008||1412923391||1210568422||se||
1423441920||1423704063||1210568422||se||
1425211392||1425227775||1210568422||se||
1425326080||1425342463||1210568422||se||
1425430528||1425432575||1210568422||se||
1425440768||1425442815||1210568422||se||
1426587648||1426604031||1210568422||se||
1426784256||1426800639||1210568422||se||
1426833408||1426849791||1210568422||se||
1427668992||1427701759||1210568422||se||
1428062208||1428078591||1210568422||se||
1431912448||1431920639||1210568422||se||
1433444352||1433452543||1210568422||se||
1433772032||1433780223||1210568422||se||
1433780224||1433788415||1210568422||se||
1433847808||1433849855||1210568422||se||
1433894912||1433896959||1210568422||se||
1436520448||1436522495||1210568422||se||
1438400512||1438416895||1210568422||se||
1438777344||1438793727||1210568422||se||
1438810112||1438826495||1210568422||se||
1438842880||1438859263||1210568422||se||
1439006720||1439023103||1210568422||se||
1440743424||1441267711||1210568422||se||
1441308672||1441316863||1210568422||se||
1441464320||1441472511||1210568422||se||
1441710080||1441718271||1210568422||se||
1444937728||1445068799||1210568422||se||
1464598528||1464664063||1210568422||se||
1465942016||1465974783||1210568422||se||
1466138624||1466171391||1210568422||se||
1474494464||1474527231||1210568422||se||
1475127296||1475129343||1210568422||se||
1475137536||1475139583||1210568422||se||
1475188736||1475190783||1210568422||se||
1475203072||1475205119||1210568422||se||
1475428352||1475444735||1210568422||se||
1475977216||1475985407||1210568422||se||
1476116480||1476124671||1210568422||se||
1476214784||1476222975||1210568422||se||
1476370432||1476378623||1210568422||se||
1481637888||1481646079||1210568422||se||
1481678848||1481687039||1210568422||se||
1481842688||1481850879||1210568422||se||
1481867264||1481875455||1210568422||se||
1481957376||1481965567||1210568422||se||
1482039296||1482047487||1210568422||se||
1484849152||1484914687||1210568422||se||
1484980224||1485045759||1210568422||se||
1486333952||1486335999||1210568422||se||
1489928192||1489960959||1210568422||se||
1494376448||1494384639||1210568422||se||
1495267328||1495269375||1210568422||se||
1500237824||1500241919||1210568422||se||
1502838784||1502855167||1210568422||se||
1503051776||1503068159||1210568422||se||
1503657984||1503690751||1210568422||se||
1505607680||1505615871||1210568422||se||
1506742272||1506744319||1210568422||se||
1507717120||1507721215||1210568422||se||
1508491264||1508507647||1210568422||se||
1508638720||1508655103||1210568422||se||
1509769216||1509785599||1210568422||se||
1518338048||1519386623||1210568422||se||
1524629504||1525678079||1210568422||se||
1532631040||1532633087||1210568422||se||
1532952576||1533018111||1210568422||se||
1534836736||1534840831||1210568422||se||
1534984192||1535049727||1210568422||se||
1535115264||1535377407||1210568422||se||
1536061440||1536065535||1210568422||se||
1536077824||1536081919||1210568422||se||
1536229376||1536245759||1210568422||se||
1536491520||1536507903||1210568422||se||
1539123200||1539125247||1210568422||se||
1539213312||1539215359||1210568422||se||
1539276800||1539280895||1210568422||se||
1539316736||1539317759||1210568422||se||
1539374080||1539375103||1210568422||se||
1539446272||1539446783||1210568422||se||
1539447296||1539447807||1210568422||se||
1539450368||1539450879||1210568422||se||
1539457536||1539458047||1210568422||se||
1539470848||1539471359||1210568422||se||
1539488256||1539488767||1210568422||se||
1539514368||1539514879||1210568422||se||
1539525632||1539526143||1210568422||se||
1539545600||1539546111||1210568422||se||
1539563520||1539564031||1210568422||se||
1539633152||1539634175||1210568422||se||
1539715072||1539715327||1210568422||se||
1539726336||1539726591||1210568422||se||
1539727104||1539727359||1210568422||se||
1539744768||1539745023||1210568422||se||
1539752192||1539752447||1210568422||se||
1539754496||1539754751||1210568422||se||
1539759872||1539760127||1210568422||se||
1539784704||1539784959||1210568422||se||
1539785728||1539785983||1210568422||se||
1539811840||1539812095||1210568422||se||
1539829248||1539829503||1210568422||se||
1539862528||1539863551||1210568422||se||
1539872768||1539873791||1210568422||se||
1539914752||1539915775||1210568422||se||
1539922944||1539923967||1210568422||se||
1539985408||1539986431||1210568422||se||
1540040704||1540041727||1210568422||se||
1540071424||1540072447||1210568422||se||
1545601024||1545863167||1210568422||se||
1546059776||1546063871||1210568422||se||
1546067968||1546072063||1210568422||se||
1546274816||1546276863||1210568422||se||
1546295296||1546297343||1210568422||se||
1546330112||1546332159||1210568422||se||
1559347200||1559355391||1210568422||se||
1559494656||1559502847||1210568422||se||
1559543808||1559551999||1210568422||se||
1560182784||1560215551||1210568422||se||
1566216192||1566220287||1210568422||se||
1566310400||1566312447||1210568422||se||
1566484480||1566486527||1210568422||se||
1566494720||1566496767||1210568422||se||
1572012032||1572028415||1210568422||se||
1572601856||1572603903||1210568422||se||
2196570112||2196635647||1210568422||se||
2493513728||2493579263||1210568422||se||
3225878528||3225944063||1210568422||se||
3229155328||3229220863||1210568422||se||
3232038912||3232104447||1210568422||se||
3232759808||3232825343||1210568422||se||
3238062848||3238063103||1210568422||se||
3238067200||3238067455||1210568422||se||
3238067456||3238067711||1210568422||se||
3238658048||3238723583||1210568422||se||
3238723584||3238789119||1210568422||se||
3238789120||3238854655||1210568422||se||
3238854656||3238920191||1210568422||se||
3238920192||3238985727||1210568422||se||
3238985728||3239051263||1210568422||se||
3239076096||3239076351||1210568422||se||
3239133952||3239134207||1210568422||se||
3239135232||3239135487||1210568422||se||
3239168512||3239168767||1210568422||se||
3239169792||3239170047||1210568422||se||
3239170816||3239171071||1210568422||se||
3239172608||3239172863||1210568422||se||
3239268352||3239268863||1210568422||se||
3239271936||3239272447||1210568422||se||
3239524608||3239524863||1210568422||se||
3239539968||3239540223||1210568422||se||
3239554048||3239554303||1210568422||se||
3239568384||3239568639||1210568422||se||
3239666688||3239667199||1210568422||se||
3239673344||3239673855||1210568422||se||
3239707648||3239707903||1210568422||se||
3239708160||3239708415||1210568422||se||
3239710976||3239711231||1210568422||se||
3239763200||3239763455||1210568422||se||
3239821312||3239821823||1210568422||se||
3239823360||3239823871||1210568422||se||
3239830528||3239831039||1210568422||se||
3239837184||3239837695||1210568422||se||
3239848704||3239848959||1210568422||se||
3240005120||3240005375||1210568422||se||
3240191488||3240191999||1210568422||se||
3240213504||3240214015||1210568422||se||
3240228352||3240228863||1210568422||se||
3240269824||3240270335||1210568422||se||
3240693248||3240693759||1210568422||se||
3240695808||3240697855||1210568422||se||
3240697856||3240698111||1210568422||se||
3240699648||3240699903||1210568422||se||
3240701440||3240701695||1210568422||se||
3240719872||3240720383||1210568422||se||
3240732672||3240733695||1210568422||se||
3240744448||3240744959||1210568422||se||
3240747008||3240747263||1210568422||se||
3240747264||3240747519||1210568422||se||
3240859392||3240859647||1210568422||se||
3240886272||3240951807||1210568422||se||
3240951808||3241017343||1210568422||se||
3241125632||3241125887||1210568422||se||
3241864704||3241864959||1210568422||se||
3243526912||3243527167||1210568422||se||
3244140544||3244141567||1210568422||se||
3245080576||3245082623||1210568422||se||
3245084928||3245085183||1210568422||se||
3245091328||3245091839||1210568422||se||
3245130752||3245131007||1210568422||se||
3245131520||3245131775||1210568422||se||
3245137664||3245137919||1210568422||se||
3245161472||3245161983||1210568422||se||
3245168128||3245168383||1210568422||se||
3245199616||3245199871||1210568422||se||
3245214720||3245215231||1210568422||se||
3245303808||3245304831||1210568422||se||
3245308928||3245309439||1210568422||se||
3245316096||3245317119||1210568422||se||
3245318656||3245318911||1210568422||se||
3245319424||3245319679||1210568422||se||
3247064832||3247065087||1210568422||se||
3247065600||3247065855||1210568422||se||
3247072768||3247073023||1210568422||se||
3247074560||3247074815||1210568422||se||
3247101952||3247102975||1210568422||se||
3247882240||3247898623||1210568422||se||
3247922176||3247923199||1210568422||se||
3248758784||3248771071||1210568422||se||
3248771072||3248774143||1210568422||se||
3248790528||3248790783||1210568422||se||
3249677056||3249677311||1210568422||se||
3249683456||3249684479||1210568422||se||
3249700864||3249701119||1210568422||se||
3249701120||3249701375||1210568422||se||
3249701376||3249701631||1210568422||se||
3249712896||3249713151||1210568422||se||
3249724672||3249724927||1210568422||se||
3249799168||3250061311||1210568422||se||
3250374912||3250375679||1210568422||se||
3250386944||3250387199||1210568422||se||
3250599424||3250599935||1210568422||se||
3250765824||3250782207||1210568422||se||
3251112704||3251112959||1210568422||se||
3251117824||3251118079||1210568422||se||
3251128832||3251129343||1210568422||se||
3251131904||3251132415||1210568422||se||
3251147776||3251148031||1210568422||se||
3251161600||3251161855||1210568422||se||
3251163136||3251163391||1210568422||se||
3251179520||3251180031||1210568422||se||
3251186432||3251186687||1210568422||se||
3251200000||3251200255||1210568422||se||
3251200256||3251200511||1210568422||se||
3251203840||3251204095||1210568422||se||
3251212672||3251212799||1210568422||se||
3251213056||3251213119||1210568422||se||
3251215488||3251215615||1210568422||se||
3252363008||3252363263||1210568422||se||
3252383744||3252383999||1210568422||se||
3252516608||3252516863||1210568422||se||
3252579840||3252580095||1210568422||se||
3252587776||3252588031||1210568422||se||
3252911616||3252911871||1210568422||se||
3252981504||3252981759||1210568422||se||
3252985088||3252985343||1210568422||se||
3253338112||3253469183||1210568422||se||
3253796864||3253862399||1210568422||se||
3253888768||3253889023||1210568422||se||
3253890304||3253890559||1210568422||se||
3253893632||3253893887||1210568422||se||
3253962240||3253962751||1210568422||se||
3253964800||3253965311||1210568422||se||
3253974848||3253974911||1210568422||se||
3253974976||3253975039||1210568422||se||
3254649856||3254650879||1210568422||se||
3254697984||3254698495||1210568422||se||
3254796288||3254797311||1210568422||se||
3254814208||3254814463||1210568422||se||
3254835456||3254835711||1210568422||se||
3254842880||3254843135||1210568422||se||
3254884864||3254885119||1210568422||se||
3254895872||3254896127||1210568422||se||
3254899456||3254899711||1210568422||se||
3255233536||3255233791||1210568422||se||
3255235328||3255235583||1210568422||se||
3255237376||3255237631||1210568422||se||
3255237632||3255237887||1210568422||se||
3255311616||3255311871||1210568422||se||
3255312128||3255312383||1210568422||se||
3255327744||3255328255||1210568422||se||
3255388672||3255389183||1210568422||se||
3255393792||3255394303||1210568422||se||
3255394304||3255399679||1210568422||se||
3255566336||3255599103||1210568422||se||
3255697408||3255762943||1210568422||se||
3255799040||3255799295||1210568422||se||
3255817216||3255817471||1210568422||se||
3255828480||3255959551||1210568422||se||
3255959552||3256025087||1210568422||se||
3256221696||3256352767||1210568422||se||
3256789248||3256789503||1210568422||se||
3256915456||3256915711||1210568422||se||
3256915712||3256915967||1210568422||se||
3256991232||3256991487||1210568422||se||
3257268480||3257268735||1210568422||se||
3257546656||3257546687||1210568422||se||
3257860096||3257925631||1210568422||se||
3257925888||3257926143||1210568422||se||
3257978112||3257978367||1210568422||se||
3257980160||3257980415||1210568422||se||
3258083840||3258084095||1210568422||se||
3258084096||3258084351||1210568422||se||
3258103040||3258103295||1210568422||se||
3258103808||3258104063||1210568422||se||
3258187776||3258204159||1210568422||se||
3258204160||3258220543||1210568422||se||
3258220544||3258253311||1210568422||se||
3258326016||3258327039||1210568422||se||
3258360832||3258361855||1210568422||se||
3258732544||3258732799||1210568422||se||
3258818048||3258818303||1210568422||se||
3259236352||3259301887||1210568422||se||
3259303424||3259305983||1210568422||se||
3259432960||3259498495||1210568422||se||
3260606464||3260606975||1210568422||se||
3260606976||3260607487||1210568422||se||
3260612096||3260612607||1210568422||se||
3261530112||3261595647||1210568422||se||
3261822720||3261822975||1210568422||se||
3261988864||3261989119||1210568422||se||
3262006784||3262007039||1210568422||se||
3262286848||3262287871||1210568422||se||
3262422016||3262422527||1210568422||se||
3262436352||3262436863||1210568422||se||
3262488576||3262496767||1210568422||se||
3263075840||3263076351||1210568422||se||
3263101184||3263101439||1210568422||se||
3263430656||3263496191||1210568422||se||
3264016384||3264016639||1210568422||se||
3264017152||3264017407||1210568422||se||
3264017408||3264017663||1210568422||se||
3264319744||3264319999||1210568422||se||
3264321536||3264321791||1210568422||se||
3264324608||3264325631||1210568422||se||
3264326656||3264327679||1210568422||se||
3264346112||3264347135||1210568422||se||
3264375040||3264375295||1210568422||se||
3264375296||3264375551||1210568422||se||
3264375552||3264375807||1210568422||se||
3264375808||3264376063||1210568422||se||
3264378112||3264378367||1210568422||se||
3264391168||3264392191||1210568422||se||
3264638976||3264639999||1210568422||se||
3264662528||3264663039||1210568422||se||
3264665088||3264665599||1210568422||se||
3264667136||3264667647||1210568422||se||
3264815104||3264825343||1210568422||se||
3264828416||3264828671||1210568422||se||
3264830208||3264830463||1210568422||se||
3264846464||3264846591||1210568422||se||
3264847808||3264847871||1210568422||se||
3264862080||3264862207||1210568422||se||
3265601536||3265601791||1210568422||se||
3265608448||3265608703||1210568422||se||
3265650688||3265658879||1210568422||se||
3265913088||3265913343||1210568422||se||
3265917696||3265917951||1210568422||se||
3266338816||3266339071||1210568422||se||
3267050496||3267051519||1210568422||se||
3267756032||3267764223||1210568422||se||
3267764224||3267772415||1210568422||se||
3267772416||3267788799||1210568422||se||
3267788800||3267821567||1210568422||se||
3268755456||3268763647||1210568422||se||
3269066752||3269132287||1210568422||se||
3270246400||3270311935||1210568422||se||
3270311936||3270377471||1210568422||se||
3270667264||3270668287||1210568422||se||
3271915008||3271915519||1210568422||se||
3271932160||3271932415||1210568422||se||
3271933440||3271933695||1210568422||se||
3272032256||3272040447||1210568422||se||
3272106496||3272106751||1210568422||se||
3272110080||3272110335||1210568422||se||
3272266496||3272266751||1210568422||se||
3272267264||3272267519||1210568422||se||
3272422912||3272423423||1210568422||se||
3272479744||3272479999||1210568422||se||
3272481024||3272481279||1210568422||se||
3272671232||3272736767||1210568422||se||
3272920576||3272921087||1210568422||se||
3273015296||3273023487||1210568422||se||
3273170944||3273179135||1210568422||se||
3273187328||3273187839||1210568422||se||
3273263616||3273264127||1210568422||se||
3273268224||3273268735||1210568422||se||
3273399296||3273399807||1210568422||se||
3273806848||3273807359||1210568422||se||
3273871872||3273872383||1210568422||se||
3273872896||3273873151||1210568422||se||
3273875712||3273875967||1210568422||se||
3273876480||3273876735||1210568422||se||
3273876736||3273876991||1210568422||se||
3274047488||3274049535||1210568422||se||
3274336256||3274336767||1210568422||se||
3274337792||3274338303||1210568422||se||
3274358784||3274366975||1210568422||se||
3274384384||3274385407||1210568422||se||
3274424320||3274440703||1210568422||se||
3274689792||3274690047||1210568422||se||
3274698240||3274698495||1210568422||se||
3274702336||3274702591||1210568422||se||
3274809344||3274810367||1210568422||se||
3274829824||3274831871||1210568422||se||
3275120640||3275128831||1210568422||se||
3275128832||3275137023||1210568422||se||
3275382784||3275390975||1210568422||se||
3275506688||3275507199||1210568422||se||
3275510016||3275510079||1210568422||se||
3275535872||3275536383||1210568422||se||
3275788288||3275788799||1210568422||se||
3275890688||3275898879||1210568422||se||
3275901696||3275901951||1210568422||se||
3275906560||3275906815||1210568422||se||
3275906816||3275907071||1210568422||se||
3275908352||3275908607||1210568422||se||
3275915776||3275916287||1210568422||se||
3275948032||3276013567||1210568422||se||
3276108800||3276109823||1210568422||se||
3276416000||3276417023||1210568422||se||
3276423680||3276423935||1210568422||se||
3276678144||3276678655||1210568422||se||
3276701696||3276709887||1210568422||se||
3277062144||3277070335||1210568422||se||
3277070336||3277078527||1210568422||se||
3277078528||3277094911||1210568422||se||
3277094912||3277127679||1210568422||se||
3277190144||3277190399||1210568422||se||
3277481984||3277482495||1210568422||se||
3277716480||3277716991||1210568422||se||
3277818880||3277819135||1210568422||se||
3277819648||3277819903||1210568422||se||
3277830144||3277830399||1210568422||se||
3278110720||3278176255||1210568422||se||
3279057408||3279057919||1210568422||se||
3279946752||3279947775||1210568422||se||
3280007168||3280007679||1210568422||se||
3280655360||3280655615||1210568422||se||
3280657664||3280657919||1210568422||se||
3280776192||3280777215||1210568422||se||
3280783360||3280784383||1210568422||se||
3280995328||3280995583||1210568422||se||
3280997632||3280997887||1210568422||se||
3281347840||3281348095||1210568422||se||
3281353472||3281353727||1210568422||se||
3281354752||3281371135||1210568422||se||
3282087936||3282088447||1210568422||se||
3282096128||3282097151||1210568422||se||
3282190336||3282194431||1210568422||se||
3282194432||3282198527||1210568422||se||
3282239488||3282272255||1210568422||se||
3282272256||3282305023||1210568422||se||
3282746112||3282746367||1210568422||se||
3282746624||3282746879||1210568422||se||
3283252224||3283252735||1210568422||se||
3283263488||3283271679||1210568422||se||
3283279872||3283288063||1210568422||se||
3283485952||3283486207||1210568422||se||
3283633152||3283633663||1210568422||se||
3283949568||3283950591||1210568422||se||
3283972096||3283973119||1210568422||se||
3283984384||3283984895||1210568422||se||
3283990016||3283990527||1210568422||se||
3283991552||3283992063||1210568422||se||
3284046592||3284046847||1210568422||se||
3284058112||3284066303||1210568422||se||
3284402176||3284467711||1210568422||se||
3284533248||3284598783||1210568422||se||
3284682752||3284683263||1210568422||se||
3284720384||3284720639||1210568422||se||
3284720640||3284720895||1210568422||se||
3285328896||3285329407||1210568422||se||
3285332992||3285333503||1210568422||se||
3285335552||3285336063||1210568422||se||
3285721088||3285729279||1210568422||se||
3286349824||3286350847||1210568422||se||
3286902528||3286902783||1210568422||se||
3286907136||3286907391||1210568422||se||
3286929920||3286930175||1210568422||se||
3286930944||3286931199||1210568422||se||
3287174144||3287174655||1210568422||se||
3287174656||3287175167||1210568422||se||
3287219712||3287219967||1210568422||se||
3287219968||3287220223||1210568422||se||
3287425024||3287433215||1210568422||se||
3287450624||3287451135||1210568422||se||
3287454208||3287454719||1210568422||se||
3287549440||3287549951||1210568422||se||
3287632384||3287632895||1210568422||se||
3287674880||3287675135||1210568422||se||
3287675392||3287675647||1210568422||se||
3287729408||3287729663||1210568422||se||
3287735040||3287735295||1210568422||se||
3287953664||3287953919||1210568422||se||
3287956736||3287956991||1210568422||se||
3288072192||3288080383||1210568422||se||
3288080384||3288088575||1210568422||se||
3427766784||3427767039||1210568422||se||
3427778304||3427778559||1210568422||se||
3512696832||3512705023||1210568422||se||
3517595648||3517612031||1210568422||se||
3556966400||3556974591||1210568422||se||
3557859328||3557867519||1210568422||se||
3558653952||3558662143||1210568422||se||
3558842368||3558850559||1210568422||se||
3558899712||3558916095||1210568422||se||
3559194624||3559202815||1210568422||se||
3559219200||3559227391||1210568422||se||
3559333888||3559342079||1210568422||se||
3560267776||3560275967||1210568422||se||
3560947712||3560955903||1210568422||se||
3561111552||3561119743||1210568422||se||
3561553920||3561562111||1210568422||se||
3561594880||3561603071||1210568422||se||
3561701376||3561709567||1210568422||se||
3562086400||3562094591||1210568422||se||
3562356736||3562364927||1210568422||se||
3562766336||3562774527||1210568422||se||
3563651072||3563667455||1210568422||se||
3563667456||3563683839||1210568422||se||
3563790336||3563798527||1210568422||se||
3563913216||3563921407||1210568422||se||
3564109824||3564118015||1210568422||se||
3564118016||3564126207||1210568422||se||
3564150784||3564158975||1210568422||se||
3564388352||3564396543||1210568422||se||
3564601344||3564609535||1210568422||se||
3566665728||3566731263||1210568422||se||
3566731264||3566739455||1210568422||se||
3567427584||3567435775||1210568422||se||
3568631808||3568697343||1210568422||se||
3570466816||3570499583||1210568422||se||
3570499584||3570532351||1210568422||se||
3570794496||3570860031||1210568422||se||
3571023872||3571056639||1210568422||se||
3572957184||3573022719||1210568422||se||
3574530048||3574595583||1210568422||se||
3574939648||3574956031||1210568422||se||
3576823808||3576889343||1210568422||se||
3577741312||3578003455||1210568422||se||
3578757120||3578789887||1210568422||se||
3578789888||3578806271||1210568422||se||
3578806272||3578814463||1210568422||se||
3578814464||3578822655||1210568422||se||
3579346944||3579379711||1210568422||se||
3579379712||3579412479||1210568422||se||
3579412480||3579445247||1210568422||se||
3580100608||3580231679||1210568422||se||
3580231680||3580362751||1210568422||se||
3580887040||3580952575||1210568422||se||
3580952576||3581018111||1210568422||se||
3581018112||3581149183||1210568422||se||
3582115840||3582124031||1210568422||se||
3582164992||3582173183||1210568422||se||
3582222336||3582230527||1210568422||se||
3582353408||3582361599||1210568422||se||
3582468096||3582476287||1210568422||se||
3582803968||3582812159||1210568422||se||
3582853120||3582861311||1210568422||se||
3583131648||3583139839||1210568422||se||
3583410176||3583418367||1210568422||se||
3583598592||3583606783||1210568422||se||
3583909888||3583918079||1210568422||se||
3584008192||3584016383||1210568422||se||
3584196608||3584204799||1210568422||se||
3584262144||3584270335||1210568422||se||
3584344064||3584352255||1210568422||se||
3584933888||3584942079||1210568422||se||
3585277952||3585286143||1210568422||se||
3585359872||3585368063||1210568422||se||
3585671168||3585679359||1210568422||se||
3585728512||3585736703||1210568422||se||
3585851392||3585859583||1210568422||se||
3585957888||3585966079||1210568422||se||
3586605056||3586621439||1210568422||se||
3586686976||3586703359||1210568422||se||
3586949120||3586965503||1210568422||se||
3587440640||3587457023||1210568422||se||
3587620864||3587637247||1210568422||se||
3588374528||3588390911||1210568422||se||
3589193728||3589210111||1210568422||se||
3589439488||3589455871||1210568422||se||
3641188352||3641192447||1210568422||se||
3641298944||3641303039||1210568422||se||
3641335808||3641339903||1210568422||se||
3641339904||3641343999||1210568422||se||
3641565184||3641569279||1210568422||se||
3641569280||3641573375||1210568422||se||
3641700352||3641704447||1210568422||se||
3641753600||3641757695||1210568422||se||
3641991168||3641995263||1210568422||se||
3642089472||3642093567||1210568422||se||
3642302464||3642306559||1210568422||se||
3642355712||3642359807||1210568422||se||
3642392576||3642396671||1210568422||se||
3642466304||3642470399||1210568422||se||
3642470400||3642474495||1210568422||se||
3642499072||3642503167||1210568422||se||
3642540032||3642544127||1210568422||se||
3642728448||3642732543||1210568422||se||
3642732544||3642736639||1210568422||se||
3645067264||3645071359||1210568422||se||
3645120512||3645124607||1210568422||se||
3645251584||3645255679||1210568422||se||
3645378560||3645382655||1210568422||se||
3645386752||3645390847||1210568422||se||
3645440000||3645444095||1210568422||se||
3645464576||3645468671||1210568422||se||
3645526016||3645530111||1210568422||se||
3645595648||3645599743||1210568422||se||
3645599744||3645603839||1210568422||se||
3645648896||3645652991||1210568422||se||
3645657088||3645661183||1210568422||se||
3645771776||3645775871||1210568422||se||
3645775872||3645779967||1210568422||se||
3648147456||3648151551||1210568422||se||
3648200704||3648204799||1210568422||se||
3648204800||3648208895||1210568422||se||
3648442368||3648446463||1210568422||se||
3648495616||3648499711||1210568422||se||
3649859584||3649863679||1210568422||se||
3649961984||3650093055||1210568422||se||
3650502656||3650506751||1210568422||se||
3650506752||3650510847||1210568422||se||
3650527232||3650531327||1210568422||se||
3650531328||3650535423||1210568422||se||
3650564096||3650568191||1210568422||se||
3650600960||3650605055||1210568422||se||
3652075520||3652079615||1210568422||se||
3652079616||3652083711||1210568422||se||
3652153344||3652157439||1210568422||se||
3653578752||3653582847||1210568422||se||
3653668864||3653672959||1210568422||se||
3654287360||3654811647||1210568422||se||
