--||--||--||ch||Switzerland
1040318464||1040383999||1210568422||ch||
1041006592||1041039359||1210568422||ch||
1042284544||1042292735||1210568422||ch||
1043333120||1043341311||1210568422||ch||
1043357696||1043365887||1210568422||ch||
1043480576||1043488767||1210568422||ch||
1044480000||1044488191||1210568422||ch||
1047298048||1047306239||1210568422||ch||
1047642112||1047658495||1210568422||ch||
1048166400||1048182783||1210568422||ch||
1050198016||1050206207||1210568422||ch||
1051131904||1051197439||1210568422||ch||
1052162048||1052164095||1210568422||ch||
1053425664||1053556735||1210568422||ch||
1053581312||1053589503||1210568422||ch||
1054638080||1054646271||1210568422||ch||
1055965184||1055973375||1210568422||ch||
1295515648||1295777791||1210568422||ch||
1296580608||1296582655||1210568422||ch||
1296609280||1296611327||1210568422||ch||
1296691200||1296693247||1210568422||ch||
1296695296||1296697343||1210568422||ch||
1296719872||1296721919||1210568422||ch||
1296738304||1296740351||1210568422||ch||
1296789504||1296791551||1210568422||ch||
1298102272||1298104319||1210568422||ch||
1299021824||1299038207||1210568422||ch||
1307426816||1307435007||1210568422||ch||
1307516928||1307525119||1210568422||ch||
1307848704||1307852799||1210568422||ch||
1307906048||1307910143||1210568422||ch||
1307947008||1307951103||1210568422||ch||
1308000256||1308004351||1210568422||ch||
1311262720||1311264767||1210568422||ch||
1315864576||1315868671||1210568422||ch||
1318780928||1318789119||1210568422||ch||
1331947520||1331949567||1210568422||ch||
1334661120||1334665215||1210568422||ch||
1334738944||1334743039||1210568422||ch||
1346605056||1346609151||1210568422||ch||
1347059712||1347063807||1210568422||ch||
1347063808||1347067903||1210568422||ch||
1347121152||1347125247||1210568422||ch||
1347141632||1347145727||1210568422||ch||
1347158016||1347162111||1210568422||ch||
1347477504||1347481599||1210568422||ch||
1347567616||1347571711||1210568422||ch||
1347624960||1347629055||1210568422||ch||
1347629056||1347633151||1210568422||ch||
1347862528||1347866623||1210568422||ch||
1348063232||1348067327||1210568422||ch||
1348374528||1348378623||1210568422||ch||
1356464128||1356595199||1210568422||ch||
1357807616||1357840383||1210568422||ch||
1357938688||1357942783||1210568422||ch||
1357996032||1358000127||1210568422||ch||
1358086144||1358090239||1210568422||ch||
1358155776||1358159871||1210568422||ch||
1358778368||1358782463||1210568422||ch||
1358839808||1358843903||1210568422||ch||
1358864384||1358868479||1210568422||ch||
1358868480||1358872575||1210568422||ch||
1358913536||1358917631||1210568422||ch||
1359347712||1359364095||1210568422||ch||
1359470592||1359478783||1210568422||ch||
1359839232||1359871999||1210568422||ch||
1360138240||1360142335||1210568422||ch||
1360478208||1360482303||1210568422||ch||
1360891904||1360895999||1210568422||ch||
1363017728||1363148799||1210568422||ch||
1364766720||1364770815||1210568422||ch||
1365008384||1365012479||1210568422||ch||
1365139456||1365143551||1210568422||ch||
1365143552||1365147647||1210568422||ch||
1372176384||1372180479||1210568422||ch||
1373437952||1373503487||1210568422||ch||
1384267776||1384284159||1210568422||ch||
1384660992||1384677375||1210568422||ch||
1385349120||1385357311||1210568422||ch||
1388371968||1388380159||1210568422||ch||
1388568576||1388576767||1210568422||ch||
1388683264||1388691455||1210568422||ch||
1390149632||1390215167||1210568422||ch||
1397014528||1397022719||1210568422||ch||
1397489664||1397751807||1210568422||ch||
1398886400||1398888447||1210568422||ch||
1401493504||1401495551||1210568422||ch||
1401505792||1401507839||1210568422||ch||
1401507840||1401509887||1210568422||ch||
1401837568||1401839615||1210568422||ch||
1401995264||1402011647||1210568422||ch||
1402339328||1402355711||1210568422||ch||
1403830272||1403846655||1210568422||ch||
1403895808||1403912191||1210568422||ch||
1406885888||1406894079||1210568422||ch||
1407090688||1407098879||1210568422||ch||
1407483904||1407516671||1210568422||ch||
1410351104||1410359295||1210568422||ch||
1410605056||1410613247||1210568422||ch||
1412939776||1412956159||1210568422||ch||
1414004736||1414266879||1210568422||ch||
1424097280||1424228351||1210568422||ch||
1425096704||1425113087||1210568422||ch||
1425467392||1425469439||1210568422||ch||
1425866752||1425883135||1210568422||ch||
1426063360||1426587647||1210568422||ch||
1431961600||1431969791||1210568422||ch||
1433851904||1433853951||1210568422||ch||
1433862144||1433864191||1210568422||ch||
1433921536||1433923583||1210568422||ch||
1436424192||1436426239||1210568422||ch||
1436477440||1436479487||1210568422||ch||
1436479488||1436481535||1210568422||ch||
1438892032||1438908415||1210568422||ch||
1440350208||1440382975||1210568422||ch||
1450442752||1450573823||1210568422||ch||
1450573824||1450704895||1210568422||ch||
1466335232||1466367999||1210568422||ch||
1475135488||1475137535||1210568422||ch||
1475192832||1475194879||1210568422||ch||
1475332096||1475334143||1210568422||ch||
1475334144||1475336191||1210568422||ch||
1475690496||1475706879||1210568422||ch||
1481900032||1481908223||1210568422||ch||
1481965568||1481973759||1210568422||ch||
1495234560||1495236607||1210568422||ch||
1506689024||1506705407||1210568422||ch||
1507393536||1507459071||1210568422||ch||
1508671488||1508687871||1210568422||ch||
1509433344||1509437439||1210568422||ch||
1509498880||1509502975||1210568422||ch||
1509683200||1509687295||1210568422||ch||
1534812160||1534816255||1210568422||ch||
1535590400||1535594495||1210568422||ch||
1535705088||1535737855||1210568422||ch||
1535770624||1535803391||1210568422||ch||
1539178496||1539186687||1210568422||ch||
1539335168||1539336191||1210568422||ch||
1539380224||1539381247||1210568422||ch||
1539452928||1539453439||1210568422||ch||
1539478016||1539478527||1210568422||ch||
1539490816||1539491327||1210568422||ch||
1539542528||1539543039||1210568422||ch||
1539554304||1539554815||1210568422||ch||
1539567104||1539567615||1210568422||ch||
1539704320||1539704575||1210568422||ch||
1539704832||1539705087||1210568422||ch||
1539705600||1539705855||1210568422||ch||
1539705856||1539706111||1210568422||ch||
1539717632||1539717887||1210568422||ch||
1539721216||1539721471||1210568422||ch||
1539721472||1539721727||1210568422||ch||
1539723008||1539723263||1210568422||ch||
1539742208||1539742463||1210568422||ch||
1539745536||1539745791||1210568422||ch||
1539747072||1539747327||1210568422||ch||
1539761408||1539761663||1210568422||ch||
1539775232||1539775487||1210568422||ch||
1539779328||1539779583||1210568422||ch||
1539785216||1539785471||1210568422||ch||
1539793408||1539793663||1210568422||ch||
1539805696||1539805951||1210568422||ch||
1539812352||1539812607||1210568422||ch||
1539815936||1539816191||1210568422||ch||
1539819008||1539819263||1210568422||ch||
1539824128||1539824383||1210568422||ch||
1539826688||1539826943||1210568422||ch||
1539886080||1539887103||1210568422||ch||
1539913728||1539914751||1210568422||ch||
1539937280||1539938303||1210568422||ch||
1539995648||1539996671||1210568422||ch||
1546283008||1546285055||1210568422||ch||
1546303488||1546305535||1210568422||ch||
1546317824||1546319871||1210568422||ch||
1546377216||1546379263||1210568422||ch||
1550319616||1550581759||1210568422||ch||
1559683072||1559691263||1210568422||ch||
1566109696||1566113791||1210568422||ch||
1566414848||1566416895||1210568422||ch||
1566457856||1566459903||1210568422||ch||
1566502912||1566504959||1210568422||ch||
1572616192||1572618239||1210568422||ch||
1572620288||1572622335||1210568422||ch||
1572683776||1572685823||1210568422||ch||
2184904704||2184970239||1210568422||ch||
2372009984||2372075519||1210568422||ch||
2421489664||2421555199||1210568422||ch||
2666004480||2666070015||1210568422||ch||
2811559936||2811625471||1210568422||ch||
2829254656||2829320191||1210568422||ch||
3223650304||3223715839||1210568422||ch||
3225977856||3225978111||1210568422||ch||
3238010880||3238017023||1210568422||ch||
3238060032||3238060287||1210568422||ch||
3238063360||3238063615||1210568422||ch||
3238330368||3238395903||1210568422||ch||
3238526976||3238527231||1210568422||ch||
3238527232||3238529279||1210568422||ch||
3238529280||3238530047||1210568422||ch||
3238530048||3238530559||1210568422||ch||
3238530560||3238530815||1210568422||ch||
3238530816||3238531071||1210568422||ch||
3238531072||3238535167||1210568422||ch||
3238535168||3238536703||1210568422||ch||
3238536704||3238536959||1210568422||ch||
3238536960||3238539263||1210568422||ch||
3238539264||3238540799||1210568422||ch||
3238540800||3238541567||1210568422||ch||
3238541568||3238541823||1210568422||ch||
3238541824||3238542591||1210568422||ch||
3238542592||3238542847||1210568422||ch||
3238542848||3238543103||1210568422||ch||
3238543104||3238543359||1210568422||ch||
3238543360||3238544383||1210568422||ch||
3238544384||3238545407||1210568422||ch||
3238545408||3238545919||1210568422||ch||
3238545920||3238546431||1210568422||ch||
3238546432||3238546943||1210568422||ch||
3238546944||3238547455||1210568422||ch||
3238547456||3238548479||1210568422||ch||
3238548480||3238548991||1210568422||ch||
3238548992||3238549503||1210568422||ch||
3238549504||3238550527||1210568422||ch||
3238550528||3238550783||1210568422||ch||
3238550784||3238551295||1210568422||ch||
3238551296||3238551551||1210568422||ch||
3238551552||3238555647||1210568422||ch||
3238555648||3238555903||1210568422||ch||
3238555904||3238557183||1210568422||ch||
3238557184||3238557439||1210568422||ch||
3238557440||3238557695||1210568422||ch||
3238557696||3238558719||1210568422||ch||
3238558720||3238559231||1210568422||ch||
3238559232||3238559487||1210568422||ch||
3238559488||3238559743||1210568422||ch||
3238559744||3238560255||1210568422||ch||
3238560256||3238560767||1210568422||ch||
3238560768||3238561791||1210568422||ch||
3238561792||3238562303||1210568422||ch||
3238562304||3238562559||1210568422||ch||
3238562560||3238562815||1210568422||ch||
3238562816||3238563583||1210568422||ch||
3238563584||3238563839||1210568422||ch||
3238563840||3238564863||1210568422||ch||
3238564864||3238568959||1210568422||ch||
3238568960||3238569215||1210568422||ch||
3238569216||3238569471||1210568422||ch||
3238569472||3238569727||1210568422||ch||
3238569728||3238569983||1210568422||ch||
3238569984||3238570495||1210568422||ch||
3238570496||3238570751||1210568422||ch||
3238570752||3238571007||1210568422||ch||
3238571008||3238571263||1210568422||ch||
3238571264||3238571519||1210568422||ch||
3238571520||3238571775||1210568422||ch||
3238571776||3238572031||1210568422||ch||
3238572032||3238572287||1210568422||ch||
3238572288||3238572543||1210568422||ch||
3238572544||3238572799||1210568422||ch||
3238572800||3238573567||1210568422||ch||
3238573568||3238574079||1210568422||ch||
3238574080||3238574591||1210568422||ch||
3238574592||3238575103||1210568422||ch||
3238575104||3238575615||1210568422||ch||
3238575616||3238576127||1210568422||ch||
3238576128||3238576383||1210568422||ch||
3238576384||3238576639||1210568422||ch||
3238576640||3238576895||1210568422||ch||
3238576896||3238577151||1210568422||ch||
3238577152||3238577407||1210568422||ch||
3238577408||3238577663||1210568422||ch||
3238577664||3238578175||1210568422||ch||
3238578176||3238578431||1210568422||ch||
3238578432||3238578687||1210568422||ch||
3238578688||3238578943||1210568422||ch||
3238578944||3238579199||1210568422||ch||
3238579200||3238579455||1210568422||ch||
3238579456||3238579711||1210568422||ch||
3238579712||3238579967||1210568422||ch||
3238579968||3238580223||1210568422||ch||
3238580224||3238580479||1210568422||ch||
3238580480||3238580735||1210568422||ch||
3238580736||3238580991||1210568422||ch||
3238580992||3238581247||1210568422||ch||
3238581248||3238581503||1210568422||ch||
3238581504||3238581759||1210568422||ch||
3238581760||3238582015||1210568422||ch||
3238582016||3238582271||1210568422||ch||
3238582272||3238582783||1210568422||ch||
3238582784||3238583039||1210568422||ch||
3238583040||3238583295||1210568422||ch||
3238583296||3238583807||1210568422||ch||
3238583808||3238584063||1210568422||ch||
3238584064||3238584319||1210568422||ch||
3238584320||3238584575||1210568422||ch||
3238584576||3238584831||1210568422||ch||
3238584832||3238585087||1210568422||ch||
3238585088||3238585343||1210568422||ch||
3238585344||3238585855||1210568422||ch||
3238585856||3238586111||1210568422||ch||
3238586112||3238586367||1210568422||ch||
3238586368||3238586623||1210568422||ch||
3238586624||3238586879||1210568422||ch||
3238586880||3238587135||1210568422||ch||
3238587136||3238587391||1210568422||ch||
3238587392||3238587647||1210568422||ch||
3238587648||3238587903||1210568422||ch||
3238587904||3238588159||1210568422||ch||
3238588160||3238588415||1210568422||ch||
3238588416||3238588671||1210568422||ch||
3238588672||3238588927||1210568422||ch||
3238588928||3238589183||1210568422||ch||
3238589184||3238589439||1210568422||ch||
3238589440||3238589695||1210568422||ch||
3238589696||3238589951||1210568422||ch||
3238589952||3238590207||1210568422||ch||
3238590208||3238590463||1210568422||ch||
3238590464||3238590719||1210568422||ch||
3238590720||3238590975||1210568422||ch||
3238590976||3238591231||1210568422||ch||
3238591232||3238591487||1210568422||ch||
3238591488||3238591999||1210568422||ch||
3238592000||3238592255||1210568422||ch||
3238592256||3238592511||1210568422||ch||
3238623744||3238623999||1210568422||ch||
3239051264||3239051519||1210568422||ch||
3239062528||3239062783||1210568422||ch||
3239105280||3239105535||1210568422||ch||
3239106816||3239107071||1210568422||ch||
3239107584||3239107839||1210568422||ch||
3239112960||3239113215||1210568422||ch||
3239133184||3239133439||1210568422||ch||
3239136256||3239136511||1210568422||ch||
3239138560||3239138815||1210568422||ch||
3239166464||3239166719||1210568422||ch||
3239167744||3239167999||1210568422||ch||
3239168000||3239168255||1210568422||ch||
3239480832||3239481087||1210568422||ch||
3239624704||3239625727||1210568422||ch||
3239667200||3239667711||1210568422||ch||
3239739904||3239740159||1210568422||ch||
3239783168||3239783423||1210568422||ch||
3239827968||3239828479||1210568422||ch||
3239884032||3239884287||1210568422||ch||
3239885056||3239885311||1210568422||ch||
3239885824||3239886079||1210568422||ch||
3240011520||3240011775||1210568422||ch||
3240173056||3240173567||1210568422||ch||
3240201728||3240202239||1210568422||ch||
3240226304||3240226815||1210568422||ch||
3240265728||3240266239||1210568422||ch||
3240279040||3240279551||1210568422||ch||
3240408320||3240408575||1210568422||ch||
3240410112||3240410367||1210568422||ch||
3240465152||3240465407||1210568422||ch||
3240468224||3240468479||1210568422||ch||
3240578560||3240578815||1210568422||ch||
3240712704||3240712959||1210568422||ch||
3240724480||3240725503||1210568422||ch||
3240727552||3240728063||1210568422||ch||
3240827648||3240827903||1210568422||ch||
3240844544||3240844799||1210568422||ch||
3240867584||3240867839||1210568422||ch||
3241036032||3241036287||1210568422||ch||
3241039872||3241040127||1210568422||ch||
3241083136||3241091071||1210568422||ch||
3241091072||3241099263||1210568422||ch||
3241099264||3241100031||1210568422||ch||
3241100032||3241100799||1210568422||ch||
3241105408||3241108223||1210568422||ch||
3241109248||3241109503||1210568422||ch||
3241109504||3241117695||1210568422||ch||
3241121024||3241121279||1210568422||ch||
3241122048||3241122303||1210568422||ch||
3241125888||3241129983||1210568422||ch||
3241131520||3241131775||1210568422||ch||
3241132032||3241132287||1210568422||ch||
3241132288||3241132543||1210568422||ch||
3241132544||3241140735||1210568422||ch||
3241140736||3241142783||1210568422||ch||
3241142784||3241145855||1210568422||ch||
3241146880||3241147903||1210568422||ch||
3241147904||3241148159||1210568422||ch||
3241148160||3241148415||1210568422||ch||
3241476096||3241476351||1210568422||ch||
3241857280||3241857535||1210568422||ch||
3241859072||3241861119||1210568422||ch||
3241865728||3241865983||1210568422||ch||
3241867776||3241868031||1210568422||ch||
3241869056||3241869311||1210568422||ch||
3242721280||3242786815||1210568422||ch||
3242786816||3242852351||1210568422||ch||
3243536640||3243536895||1210568422||ch||
3243544320||3243544575||1210568422||ch||
3244102656||3244103679||1210568422||ch||
3244113920||3244114943||1210568422||ch||
3244150784||3244151807||1210568422||ch||
3245087232||3245087487||1210568422||ch||
3245128448||3245128703||1210568422||ch||
3245139968||3245140479||1210568422||ch||
3245159424||3245159935||1210568422||ch||
3245201408||3245201663||1210568422||ch||
3245235968||3245236223||1210568422||ch||
3245328896||3245329407||1210568422||ch||
3246784512||3246915583||1210568422||ch||
3247054080||3247054335||1210568422||ch||
3247065344||3247065599||1210568422||ch||
3247067904||3247068159||1210568422||ch||
3247100928||3247101951||1210568422||ch||
3247324672||3247324927||1210568422||ch||
3247714304||3247716351||1210568422||ch||
3248787712||3248787967||1210568422||ch||
3249679104||3249679359||1210568422||ch||
3249708032||3249708543||1210568422||ch||
3250376704||3250380799||1210568422||ch||
3250380800||3250386943||1210568422||ch||
3250438144||3250446335||1210568422||ch||
3250589696||3250593791||1210568422||ch||
3250642944||3250651135||1210568422||ch||
3250683904||3250692095||1210568422||ch||
3251111168||3251111423||1210568422||ch||
3251113216||3251113471||1210568422||ch||
3251122176||3251122687||1210568422||ch||
3251129856||3251130367||1210568422||ch||
3251146752||3251147007||1210568422||ch||
3251150080||3251150335||1210568422||ch||
3251150592||3251150847||1210568422||ch||
3251165440||3251165695||1210568422||ch||
3251166208||3251166463||1210568422||ch||
3251166976||3251167231||1210568422||ch||
3251170304||3251170559||1210568422||ch||
3251183872||3251184127||1210568422||ch||
3251196928||3251197951||1210568422||ch||
3251206656||3251207167||1210568422||ch||
3251215872||3251215999||1210568422||ch||
3251216000||3251216127||1210568422||ch||
3251314176||3251314687||1210568422||ch||
3252315136||3252316415||1210568422||ch||
3252342016||3252342079||1210568422||ch||
3252384512||3252384767||1210568422||ch||
3252515840||3252516095||1210568422||ch||
3252551680||3252561919||1210568422||ch||
3252561920||3252562175||1210568422||ch||
3252562176||3252563967||1210568422||ch||
3252563968||3252566783||1210568422||ch||
3252566784||3252567039||1210568422||ch||
3252567040||3252567295||1210568422||ch||
3252568064||3252576255||1210568422||ch||
3252576256||3252578815||1210568422||ch||
3252578816||3252579327||1210568422||ch||
3252580352||3252584447||1210568422||ch||
3252587008||3252587263||1210568422||ch||
3252588032||3252588543||1210568422||ch||
3252588544||3252589311||1210568422||ch||
3252589568||3252599807||1210568422||ch||
3252599808||3252600319||1210568422||ch||
3252600832||3252609023||1210568422||ch||
3252609024||3252613375||1210568422||ch||
3252613376||3252615935||1210568422||ch||
3252615936||3252616703||1210568422||ch||
3252616960||3252617215||1210568422||ch||
3252617472||3252617727||1210568422||ch||
3252617728||3252617983||1210568422||ch||
3252617984||3252618239||1210568422||ch||
3252618240||3252618495||1210568422||ch||
3252618496||3252618751||1210568422||ch||
3252618752||3252619007||1210568422||ch||
3252619008||3252619263||1210568422||ch||
3252619264||3252619519||1210568422||ch||
3252619520||3252619775||1210568422||ch||
3252619776||3252620031||1210568422||ch||
3252620032||3252620287||1210568422||ch||
3252620288||3252620543||1210568422||ch||
3252620544||3252620799||1210568422||ch||
3252620800||3252621055||1210568422||ch||
3252621056||3252621311||1210568422||ch||
3252621312||3252621567||1210568422||ch||
3252621568||3252621823||1210568422||ch||
3252621824||3252622079||1210568422||ch||
3252622080||3252622335||1210568422||ch||
3252622336||3252622591||1210568422||ch||
3252622592||3252622847||1210568422||ch||
3252622848||3252623103||1210568422||ch||
3252623104||3252623359||1210568422||ch||
3252623360||3252623615||1210568422||ch||
3252623616||3252623871||1210568422||ch||
3252623872||3252624127||1210568422||ch||
3252624128||3252624383||1210568422||ch||
3252624384||3252624639||1210568422||ch||
3252624640||3252624895||1210568422||ch||
3252624896||3252625151||1210568422||ch||
3252625152||3252625407||1210568422||ch||
3252625408||3252625663||1210568422||ch||
3252625664||3252625919||1210568422||ch||
3252625920||3252626175||1210568422||ch||
3252626176||3252626431||1210568422||ch||
3252626432||3252626687||1210568422||ch||
3252626688||3252626943||1210568422||ch||
3252626944||3252627199||1210568422||ch||
3252627200||3252627455||1210568422||ch||
3252627456||3252627711||1210568422||ch||
3252627712||3252627967||1210568422||ch||
3252627968||3252628223||1210568422||ch||
3252628224||3252628479||1210568422||ch||
3252628480||3252628735||1210568422||ch||
3252628736||3252628991||1210568422||ch||
3252628992||3252629247||1210568422||ch||
3252629248||3252629503||1210568422||ch||
3252629504||3252629759||1210568422||ch||
3252629760||3252630015||1210568422||ch||
3252630016||3252630271||1210568422||ch||
3252630272||3252630527||1210568422||ch||
3252630528||3252630783||1210568422||ch||
3252630784||3252631039||1210568422||ch||
3252631040||3252631295||1210568422||ch||
3252631296||3252631551||1210568422||ch||
3252631552||3252631807||1210568422||ch||
3252631808||3252632063||1210568422||ch||
3252632064||3252632319||1210568422||ch||
3252632320||3252632575||1210568422||ch||
3252632576||3252632831||1210568422||ch||
3252632832||3252633087||1210568422||ch||
3252633088||3252633343||1210568422||ch||
3252633344||3252633599||1210568422||ch||
3252633600||3252633855||1210568422||ch||
3252633856||3252634111||1210568422||ch||
3252634112||3252634367||1210568422||ch||
3252634368||3252634623||1210568422||ch||
3252634624||3252634879||1210568422||ch||
3252634880||3252635135||1210568422||ch||
3252635136||3252635391||1210568422||ch||
3252635392||3252635647||1210568422||ch||
3252635648||3252636671||1210568422||ch||
3252637696||3252641791||1210568422||ch||
3252641792||3252642303||1210568422||ch||
3252643328||3252643583||1210568422||ch||
3252643840||3252644095||1210568422||ch||
3252644096||3252644351||1210568422||ch||
3252644352||3252644607||1210568422||ch||
3252644608||3252644863||1210568422||ch||
3252644864||3252645119||1210568422||ch||
3252645120||3252645375||1210568422||ch||
3252645376||3252645631||1210568422||ch||
3252645632||3252645887||1210568422||ch||
3252645888||3252660991||1210568422||ch||
3252660992||3252662271||1210568422||ch||
3252662272||3252664319||1210568422||ch||
3252664320||3252666367||1210568422||ch||
3252666368||3252678655||1210568422||ch||
3252678656||3252680703||1210568422||ch||
3252680704||3252680959||1210568422||ch||
3252680960||3252681215||1210568422||ch||
3252681216||3252681471||1210568422||ch||
3252681472||3252681727||1210568422||ch||
3252681728||3252682239||1210568422||ch||
3252682240||3252682751||1210568422||ch||
3252905216||3252905471||1210568422||ch||
3252910592||3252910847||1210568422||ch||
3252936704||3252937215||1210568422||ch||
3253636096||3253637119||1210568422||ch||
3253670912||3253671935||1210568422||ch||
3253716992||3253717503||1210568422||ch||
3253889280||3253889535||1210568422||ch||
3254124544||3254255615||1210568422||ch||
3254814976||3254815231||1210568422||ch||
3254822912||3254823167||1210568422||ch||
3254823936||3254824191||1210568422||ch||
3254834176||3254834431||1210568422||ch||
3254886912||3254887167||1210568422||ch||
3254887168||3254887423||1210568422||ch||
3255214080||3255222271||1210568422||ch||
3255308032||3255308287||1210568422||ch||
3255324160||3255324671||1210568422||ch||
3255378432||3255378943||1210568422||ch||
3255380992||3255381503||1210568422||ch||
3255383552||3255384063||1210568422||ch||
3255400448||3255401471||1210568422||ch||
3255500800||3255504895||1210568422||ch||
3255508480||3255508735||1210568422||ch||
3255508736||3255508991||1210568422||ch||
3255508992||3255522047||1210568422||ch||
3255522048||3255523327||1210568422||ch||
3255523328||3255525375||1210568422||ch||
3255525376||3255529471||1210568422||ch||
3255529472||3255533567||1210568422||ch||
3255533568||3255534591||1210568422||ch||
3255534592||3255534847||1210568422||ch||
3255534848||3255535103||1210568422||ch||
3255535104||3255535359||1210568422||ch||
3255535360||3255535615||1210568422||ch||
3255535616||3255537663||1210568422||ch||
3255537664||3255539711||1210568422||ch||
3255539712||3255540223||1210568422||ch||
3255540224||3255540735||1210568422||ch||
3255540736||3255541759||1210568422||ch||
3255541760||3255542783||1210568422||ch||
3255542784||3255543807||1210568422||ch||
3255543808||3255544319||1210568422||ch||
3255544832||3255548927||1210568422||ch||
3255548928||3255549183||1210568422||ch||
3255549184||3255549951||1210568422||ch||
3255549952||3255550463||1210568422||ch||
3255550464||3255550719||1210568422||ch||
3255550720||3255550975||1210568422||ch||
3255550976||3255551487||1210568422||ch||
3255551488||3255551999||1210568422||ch||
3255552000||3255552511||1210568422||ch||
3255552512||3255552767||1210568422||ch||
3255552768||3255553023||1210568422||ch||
3255553024||3255553535||1210568422||ch||
3255553536||3255555583||1210568422||ch||
3255555584||3255555839||1210568422||ch||
3255555840||3255556095||1210568422||ch||
3255556096||3255556351||1210568422||ch||
3255556352||3255556607||1210568422||ch||
3255556608||3255557119||1210568422||ch||
3255557120||3255557375||1210568422||ch||
3255557376||3255557631||1210568422||ch||
3255557632||3255558143||1210568422||ch||
3255558144||3255558399||1210568422||ch||
3255558400||3255558655||1210568422||ch||
3255558656||3255558911||1210568422||ch||
3255558912||3255559167||1210568422||ch||
3255559168||3255559679||1210568422||ch||
3255559680||3255559935||1210568422||ch||
3255559936||3255560191||1210568422||ch||
3255560192||3255560703||1210568422||ch||
3255560704||3255560959||1210568422||ch||
3255560960||3255561215||1210568422||ch||
3255561216||3255561727||1210568422||ch||
3255561728||3255561983||1210568422||ch||
3255561984||3255562239||1210568422||ch||
3255562240||3255562751||1210568422||ch||
3255562752||3255563007||1210568422||ch||
3255563008||3255563263||1210568422||ch||
3255563264||3255563775||1210568422||ch||
3255563776||3255564031||1210568422||ch||
3255564288||3255564543||1210568422||ch||
3255564544||3255564799||1210568422||ch||
3255564800||3255565055||1210568422||ch||
3255565056||3255565311||1210568422||ch||
3255565312||3255566079||1210568422||ch||
3255566080||3255566335||1210568422||ch||
3256680448||3256688639||1210568422||ch||
3256792320||3256792575||1210568422||ch||
3256990208||3256990463||1210568422||ch||
3257286656||3257294847||1210568422||ch||
3257311232||3257319423||1210568422||ch||
3257319424||3257335807||1210568422||ch||
3257401344||3257434111||1210568422||ch||
3257434112||3257450495||1210568422||ch||
3257450496||3257453567||1210568422||ch||
3257453568||3257455615||1210568422||ch||
3257455616||3257459711||1210568422||ch||
3257459712||3257461759||1210568422||ch||
3257461760||3257462015||1210568422||ch||
3257462016||3257462271||1210568422||ch||
3257462272||3257463295||1210568422||ch||
3257463296||3257463551||1210568422||ch||
3257463552||3257463807||1210568422||ch||
3257463808||3257464063||1210568422||ch||
3257464064||3257464319||1210568422||ch||
3257464320||3257464575||1210568422||ch||
3257464576||3257464831||1210568422||ch||
3257464832||3257465087||1210568422||ch||
3257465088||3257465343||1210568422||ch||
3257465344||3257465855||1210568422||ch||
3257465856||3257466111||1210568422||ch||
3257466112||3257466367||1210568422||ch||
3257466368||3257466879||1210568422||ch||
3257544704||3257544959||1210568422||ch||
3257546528||3257546559||1210568422||ch||
3257546560||3257546623||1210568422||ch||
3258065408||3258065663||1210568422||ch||
3258068224||3258068479||1210568422||ch||
3258101760||3258102015||1210568422||ch||
3258102272||3258102527||1210568422||ch||
3258449920||3258468351||1210568422||ch||
3258468352||3258474495||1210568422||ch||
3258474496||3258481663||1210568422||ch||
3258481664||3258482431||1210568422||ch||
3258482432||3258482687||1210568422||ch||
3258482688||3258486783||1210568422||ch||
3258486784||3258487807||1210568422||ch||
3258487808||3258489343||1210568422||ch||
3258489344||3258492927||1210568422||ch||
3258492928||3258494463||1210568422||ch||
3258494464||3258495999||1210568422||ch||
3258496000||3258497023||1210568422||ch||
3258497024||3258499071||1210568422||ch||
3258499072||3258501119||1210568422||ch||
3258501120||3258502655||1210568422||ch||
3258502656||3258503935||1210568422||ch||
3258504192||3258504703||1210568422||ch||
3258505216||3258505727||1210568422||ch||
3258505728||3258505983||1210568422||ch||
3258505984||3258506239||1210568422||ch||
3258506240||3258506495||1210568422||ch||
3258506496||3258506751||1210568422||ch||
3258506752||3258507007||1210568422||ch||
3258507008||3258507263||1210568422||ch||
3258507264||3258507519||1210568422||ch||
3258507520||3258507775||1210568422||ch||
3258507776||3258508287||1210568422||ch||
3258508288||3258508799||1210568422||ch||
3258508800||3258509055||1210568422||ch||
3258509056||3258509311||1210568422||ch||
3258509312||3258509567||1210568422||ch||
3258509568||3258509823||1210568422||ch||
3258509824||3258510079||1210568422||ch||
3258510080||3258510335||1210568422||ch||
3258510336||3258510591||1210568422||ch||
3258510592||3258510847||1210568422||ch||
3258510848||3258511103||1210568422||ch||
3258511104||3258511359||1210568422||ch||
3258511360||3258511615||1210568422||ch||
3258511616||3258511871||1210568422||ch||
3258511872||3258512127||1210568422||ch||
3258512128||3258512383||1210568422||ch||
3258512384||3258512639||1210568422||ch||
3258512640||3258512895||1210568422||ch||
3258512896||3258513151||1210568422||ch||
3258513152||3258513407||1210568422||ch||
3258513408||3258513919||1210568422||ch||
3258513920||3258514431||1210568422||ch||
3258514432||3258514687||1210568422||ch||
3258514688||3258514943||1210568422||ch||
3258514944||3258515199||1210568422||ch||
3258515200||3258515455||1210568422||ch||
3258729984||3258730239||1210568422||ch||
3258732800||3258733055||1210568422||ch||
3258767616||3258767871||1210568422||ch||
3259302400||3259303423||1210568422||ch||
3259352064||3259352575||1210568422||ch||
3260548864||3260549119||1210568422||ch||
3260597248||3260597759||1210568422||ch||
3260601344||3260601855||1210568422||ch||
3261701632||3261702143||1210568422||ch||
3262021632||3262021887||1210568422||ch||
3262428160||3262428671||1210568422||ch||
3262432256||3262432767||1210568422||ch||
3262435840||3262436351||1210568422||ch||
3262906368||3262914559||1210568422||ch||
3262914560||3262926335||1210568422||ch||
3262926336||3262942719||1210568422||ch||
3262942720||3262943231||1210568422||ch||
3262943232||3262943487||1210568422||ch||
3262943488||3262944255||1210568422||ch||
3262944256||3262945279||1210568422||ch||
3262945280||3262946815||1210568422||ch||
3262946816||3262947071||1210568422||ch||
3262947072||3262947327||1210568422||ch||
3262947328||3262949375||1210568422||ch||
3262949376||3262951423||1210568422||ch||
3262951424||3262953471||1210568422||ch||
3262953472||3262954495||1210568422||ch||
3262954496||3262955519||1210568422||ch||
3262955520||3262957823||1210568422||ch||
3262957824||3262958591||1210568422||ch||
3262958592||3262959103||1210568422||ch||
3262959104||3262959359||1210568422||ch||
3262959360||3262959615||1210568422||ch||
3262959616||3262959871||1210568422||ch||
3262959872||3262960127||1210568422||ch||
3262960128||3262960639||1210568422||ch||
3262960640||3262960895||1210568422||ch||
3262960896||3262961151||1210568422||ch||
3262961152||3262961407||1210568422||ch||
3262961408||3262961663||1210568422||ch||
3262961664||3262961919||1210568422||ch||
3262961920||3262962175||1210568422||ch||
3262962176||3262962431||1210568422||ch||
3262962432||3262962687||1210568422||ch||
3262962688||3262963199||1210568422||ch||
3262963200||3262963967||1210568422||ch||
3262963968||3262964223||1210568422||ch||
3262964224||3262964479||1210568422||ch||
3262964480||3262964735||1210568422||ch||
3262964736||3262964991||1210568422||ch||
3262965248||3262965759||1210568422||ch||
3262965760||3262966015||1210568422||ch||
3262966016||3262966271||1210568422||ch||
3262966272||3262966527||1210568422||ch||
3262966528||3262966783||1210568422||ch||
3262966784||3262967039||1210568422||ch||
3262967040||3262967295||1210568422||ch||
3262967296||3262967551||1210568422||ch||
3262967552||3262968063||1210568422||ch||
3262968064||3262968575||1210568422||ch||
3262968576||3262968831||1210568422||ch||
3262968832||3262969087||1210568422||ch||
3262969088||3262969343||1210568422||ch||
3262969344||3262969599||1210568422||ch||
3262969600||3262969855||1210568422||ch||
3262969856||3262970111||1210568422||ch||
3262970112||3262970367||1210568422||ch||
3262970368||3262970623||1210568422||ch||
3262970624||3262970879||1210568422||ch||
3262970880||3262971135||1210568422||ch||
3262971136||3262971391||1210568422||ch||
3262971392||3262971647||1210568422||ch||
3262971648||3262971903||1210568422||ch||
3263035904||3263036415||1210568422||ch||
3263074304||3263074815||1210568422||ch||
3263085568||3263086591||1210568422||ch||
3263088640||3263088895||1210568422||ch||
3263088896||3263089151||1210568422||ch||
3263093248||3263093503||1210568422||ch||
3264322816||3264323071||1210568422||ch||
3264380416||3264380671||1210568422||ch||
3264395264||3264396287||1210568422||ch||
3264402432||3264403455||1210568422||ch||
3264413696||3264417535||1210568422||ch||
3264417536||3264418303||1210568422||ch||
3264418304||3264419327||1210568422||ch||
3264419328||3264420863||1210568422||ch||
3264420864||3264423423||1210568422||ch||
3264423424||3264425215||1210568422||ch||
3264425216||3264425471||1210568422||ch||
3264425472||3264425727||1210568422||ch||
3264425728||3264425983||1210568422||ch||
3264425984||3264426239||1210568422||ch||
3264426240||3264427007||1210568422||ch||
3264427008||3264428031||1210568422||ch||
3264428032||3264430591||1210568422||ch||
3264430592||3264430847||1210568422||ch||
3264430848||3264431103||1210568422||ch||
3264431104||3264431615||1210568422||ch||
3264431616||3264432127||1210568422||ch||
3264432128||3264432383||1210568422||ch||
3264432384||3264432639||1210568422||ch||
3264432640||3264432895||1210568422||ch||
3264432896||3264433151||1210568422||ch||
3264433152||3264433407||1210568422||ch||
3264433408||3264433663||1210568422||ch||
3264433664||3264433919||1210568422||ch||
3264433920||3264434431||1210568422||ch||
3264434432||3264434687||1210568422||ch||
3264434688||3264434943||1210568422||ch||
3264434944||3264438015||1210568422||ch||
3264438016||3264438271||1210568422||ch||
3264438272||3264438527||1210568422||ch||
3264438528||3264438783||1210568422||ch||
3264438784||3264439039||1210568422||ch||
3264439040||3264439295||1210568422||ch||
3264439296||3264439551||1210568422||ch||
3264439552||3264439807||1210568422||ch||
3264439808||3264440319||1210568422||ch||
3264440320||3264440575||1210568422||ch||
3264440576||3264440831||1210568422||ch||
3264440832||3264441087||1210568422||ch||
3264441088||3264441343||1210568422||ch||
3264441344||3264441599||1210568422||ch||
3264441600||3264441855||1210568422||ch||
3264441856||3264442111||1210568422||ch||
3264442112||3264442367||1210568422||ch||
3264442368||3264442879||1210568422||ch||
3264442880||3264443135||1210568422||ch||
3264443136||3264443391||1210568422||ch||
3264443392||3264443647||1210568422||ch||
3264443648||3264443903||1210568422||ch||
3264443904||3264444671||1210568422||ch||
3264444672||3264444927||1210568422||ch||
3264444928||3264445183||1210568422||ch||
3264445184||3264445439||1210568422||ch||
3264445440||3264446207||1210568422||ch||
3264446208||3264446463||1210568422||ch||
3264446464||3264447487||1210568422||ch||
3264447488||3264447743||1210568422||ch||
3264447744||3264447999||1210568422||ch||
3264448000||3264448511||1210568422||ch||
3264448512||3264449023||1210568422||ch||
3264449024||3264449535||1210568422||ch||
3264449536||3264449791||1210568422||ch||
3264449792||3264450047||1210568422||ch||
3264450048||3264450303||1210568422||ch||
3264450304||3264450559||1210568422||ch||
3264450560||3264450815||1210568422||ch||
3264450816||3264451071||1210568422||ch||
3264451072||3264451327||1210568422||ch||
3264451328||3264451839||1210568422||ch||
3264451840||3264452095||1210568422||ch||
3264452096||3264452351||1210568422||ch||
3264452352||3264452607||1210568422||ch||
3264452608||3264454655||1210568422||ch||
3264454656||3264455679||1210568422||ch||
3264455680||3264455935||1210568422||ch||
3264455936||3264456191||1210568422||ch||
3264456192||3264456703||1210568422||ch||
3264456704||3264457215||1210568422||ch||
3264457216||3264457471||1210568422||ch||
3264457472||3264457727||1210568422||ch||
3264457728||3264457983||1210568422||ch||
3264457984||3264458239||1210568422||ch||
3264458240||3264458495||1210568422||ch||
3264458496||3264458751||1210568422||ch||
3264458752||3264463871||1210568422||ch||
3264463872||3264466943||1210568422||ch||
3264466944||3264467711||1210568422||ch||
3264467712||3264471807||1210568422||ch||
3264471808||3264472063||1210568422||ch||
3264472064||3264472319||1210568422||ch||
3264472320||3264472575||1210568422||ch||
3264472576||3264472831||1210568422||ch||
3264472832||3264473087||1210568422||ch||
3264473088||3264473343||1210568422||ch||
3264473344||3264473599||1210568422||ch||
3264473600||3264474623||1210568422||ch||
3264474624||3264474879||1210568422||ch||
3264474880||3264475135||1210568422||ch||
3264475136||3264475391||1210568422||ch||
3264475392||3264476415||1210568422||ch||
3264476416||3264476671||1210568422||ch||
3264476672||3264477695||1210568422||ch||
3264477696||3264477951||1210568422||ch||
3264477952||3264478207||1210568422||ch||
3264478208||3264478463||1210568422||ch||
3264478464||3264478719||1210568422||ch||
3264478720||3264478975||1210568422||ch||
3264478976||3264479231||1210568422||ch||
3264479232||3264487423||1210568422||ch||
3264487424||3264495615||1210568422||ch||
3264495616||3264511999||1210568422||ch||
3264512000||3264544767||1210568422||ch||
3264651264||3264651775||1210568422||ch||
3264660992||3264661503||1210568422||ch||
3264672768||3264673279||1210568422||ch||
3264673792||3264674303||1210568422||ch||
3264830976||3264831231||1210568422||ch||
3264831488||3264831743||1210568422||ch||
3264851968||3264854015||1210568422||ch||
3265134592||3265138687||1210568422||ch||
3265138688||3265142783||1210568422||ch||
3265191936||3265200127||1210568422||ch||
3265601792||3265602047||1210568422||ch||
3265604608||3265604863||1210568422||ch||
3265906432||3265906687||1210568422||ch||
3265911552||3265911807||1210568422||ch||
3265918208||3265918463||1210568422||ch||
3266340864||3266341119||1210568422||ch||
3266342144||3266342399||1210568422||ch||
3266343936||3266344191||1210568422||ch||
3267057664||3267058687||1210568422||ch||
3267075072||3267076095||1210568422||ch||
3267297280||3267362815||1210568422||ch||
3268165632||3268173823||1210568422||ch||
3268476928||3268509695||1210568422||ch||
3268509696||3268542463||1210568422||ch||
3268740864||3268741119||1210568422||ch||
3269853184||3269918719||1210568422||ch||
3270648320||3270648575||1210568422||ch||
3270655744||3270655999||1210568422||ch||
3270926592||3270926847||1210568422||ch||
3270927360||3270927615||1210568422||ch||
3270931968||3270932479||1210568422||ch||
3271746560||3271747071||1210568422||ch||
3271928576||3271928831||1210568422||ch||
3271930880||3271931135||1210568422||ch||
3272109056||3272109311||1210568422||ch||
3272110336||3272110591||1210568422||ch||
3272132096||3272132607||1210568422||ch||
3272135168||3272135679||1210568422||ch||
3272268032||3272268287||1210568422||ch||
3272353792||3272354815||1210568422||ch||
3272354816||3272355839||1210568422||ch||
3272422400||3272422911||1210568422||ch||
3272480512||3272480767||1210568422||ch||
3272481280||3272481535||1210568422||ch||
3272540160||3272605695||1210568422||ch||
3272921088||3272921599||1210568422||ch||
3273449472||3273457663||1210568422||ch||
3273803776||3273804287||1210568422||ch||
3273807872||3273808383||1210568422||ch||
3273881344||3273881599||1210568422||ch||
3273881856||3273882111||1210568422||ch||
3274389504||3274390527||1210568422||ch||
3274696448||3274696703||1210568422||ch||
3274700032||3274700287||1210568422||ch||
3274702848||3274768383||1210568422||ch||
3274768384||3274801151||1210568422||ch||
3274891264||3274899455||1210568422||ch||
3275509952||3275509983||1210568422||ch||
3275510208||3275510271||1210568422||ch||
3275511808||3275511935||1210568422||ch||
3275513216||3275513279||1210568422||ch||
3275532288||3275532799||1210568422||ch||
3275785728||3275786239||1210568422||ch||
3275786752||3275787263||1210568422||ch||
3275816960||3275882495||1210568422||ch||
3275904256||3275904511||1210568422||ch||
3275910656||3275910911||1210568422||ch||
3275913984||3275914239||1210568422||ch||
3276144640||3276152831||1210568422||ch||
3276730368||3276731391||1210568422||ch||
3276859648||3276859903||1210568422||ch||
3277484032||3277484543||1210568422||ch||
3277485056||3277485567||1210568422||ch||
3277725696||3277733887||1210568422||ch||
3277816832||3277817087||1210568422||ch||
3277819136||3277819391||1210568422||ch||
3277820928||3277821183||1210568422||ch||
3278913536||3278921727||1210568422||ch||
3280117760||3280125951||1210568422||ch||
3280371712||3280379903||1210568422||ch||
3280579584||3280579839||1210568422||ch||
3280580352||3280580607||1210568422||ch||
3280653056||3280653311||1210568422||ch||
3280654080||3280654335||1210568422||ch||
3280656128||3280656383||1210568422||ch||
3280656384||3280656639||1210568422||ch||
3280797696||3280863231||1210568422||ch||
3280996096||3280996351||1210568422||ch||
3281001984||3281002239||1210568422||ch||
3281002496||3281010687||1210568422||ch||
3281035264||3281043455||1210568422||ch||
3281345536||3281345791||1210568422||ch||
3281970688||3281971199||1210568422||ch||
3282042880||3282083839||1210568422||ch||
3282091520||3282092031||1210568422||ch||
3282206720||3282214911||1210568422||ch||
3282214912||3282223103||1210568422||ch||
3282739200||3282739455||1210568422||ch||
3282743040||3282743295||1210568422||ch||
3283091456||3283124223||1210568422||ch||
3283124224||3283132415||1210568422||ch||
3283132416||3283140607||1210568422||ch||
3283140608||3283148799||1210568422||ch||
3283148800||3283156991||1210568422||ch||
3283216896||3283217407||1210568422||ch||
3283487744||3283487999||1210568422||ch||
3283488000||3283488255||1210568422||ch||
3283541504||3283542015||1210568422||ch||
3283632640||3283633151||1210568422||ch||
3283746816||3283755007||1210568422||ch||
3283755008||3283763199||1210568422||ch||
3283763200||3283779583||1210568422||ch||
3283779584||3283812351||1210568422||ch||
3283980800||3283981311||1210568422||ch||
3283981312||3283981823||1210568422||ch||
3283995648||3283996159||1210568422||ch||
3284007936||3284008447||1210568422||ch||
3284009984||3284010239||1210568422||ch||
3284044800||3284045055||1210568422||ch||
3284049920||3284058111||1210568422||ch||
3284720128||3284720383||1210568422||ch||
3284844544||3284860927||1210568422||ch||
3285319680||3285327871||1210568422||ch||
3285729280||3285737471||1210568422||ch||
3285768704||3285769215||1210568422||ch||
3286310912||3286311423||1210568422||ch||
3286313984||3286314495||1210568422||ch||
3286318080||3286318591||1210568422||ch||
3286332416||3286333439||1210568422||ch||
3286368256||3286376447||1210568422||ch||
3286656000||3286656255||1210568422||ch||
3286660352||3286660607||1210568422||ch||
3286902016||3286902271||1210568422||ch||
3286902272||3286902527||1210568422||ch||
3286903552||3286903807||1210568422||ch||
3286907904||3286908159||1210568422||ch||
3286908928||3286909951||1210568422||ch||
3286934272||3286934527||1210568422||ch||
3286937600||3286937855||1210568422||ch||
3286940416||3286940671||1210568422||ch||
3286949888||3286950911||1210568422||ch||
3287438336||3287438847||1210568422||ch||
3287452672||3287453183||1210568422||ch||
3287671808||3287672063||1210568422||ch||
3287674112||3287674367||1210568422||ch||
3287695360||3287703551||1210568422||ch||
3287741440||3287741951||1210568422||ch||
3287831296||3287831551||1210568422||ch||
3287833344||3287833599||1210568422||ch||
3287833600||3287833855||1210568422||ch||
3287951616||3287951871||1210568422||ch||
3287952384||3287952639||1210568422||ch||
3287952640||3287952895||1210568422||ch||
3287952896||3287953151||1210568422||ch||
3287954432||3287954687||1210568422||ch||
3288240128||3288240639||1210568422||ch||
3345443328||3345443583||1210568422||ch||
3345444608||3345445119||1210568422||ch||
3427770624||3427771391||1210568422||ch||
3427771904||3427772415||1210568422||ch||
3427788032||3427788287||1210568422||ch||
3557048320||3557056511||1210568422||ch||
3557974016||3557982207||1210568422||ch||
3558408192||3558416383||1210568422||ch||
3558580224||3558588415||1210568422||ch||
3558637568||3558645759||1210568422||ch||
3559063552||3559071743||1210568422||ch||
3559071744||3559079935||1210568422||ch||
3559391232||3559399423||1210568422||ch||
3559473152||3559489535||1210568422||ch||
3559555072||3559563263||1210568422||ch||
3559620608||3559628799||1210568422||ch||
3559768064||3559776255||1210568422||ch||
3559890944||3559899135||1210568422||ch||
3560366080||3560374271||1210568422||ch||
3560423424||3560431615||1210568422||ch||
3560669184||3560685567||1210568422||ch||
3560710144||3560718335||1210568422||ch||
3561447424||3561455615||1210568422||ch||
3561652224||3561660415||1210568422||ch||
3561660416||3561668607||1210568422||ch||
3562037248||3562045439||1210568422||ch||
3562717184||3562725375||1210568422||ch||
3562938368||3562946559||1210568422||ch||
3563200512||3563208703||1210568422||ch||
3563388928||3563397119||1210568422||ch||
3563421696||3563438079||1210568422||ch||
3563536384||3563544575||1210568422||ch||
3563929600||3563937791||1210568422||ch||
3564462080||3564470271||1210568422||ch||
3564486656||3564494847||1210568422||ch||
3564642304||3564650495||1210568422||ch||
3565068288||3565076479||1210568422||ch||
3566403584||3566436351||1210568422||ch||
3567353856||3567386623||1210568422||ch||
3570081792||3570089983||1210568422||ch||
3570860032||3570892799||1210568422||ch||
3572006912||3572039679||1210568422||ch||
3572695040||3572760575||1210568422||ch||
3573088256||3573096447||1210568422||ch||
3573096448||3573104639||1210568422||ch||
3573104640||3573121023||1210568422||ch||
3573121024||3573153791||1210568422||ch||
3573415936||3573481471||1210568422||ch||
3573743616||3573809151||1210568422||ch||
3576119296||3576127487||1210568422||ch||
3576131584||3576135679||1210568422||ch||
3577184256||3577217023||1210568422||ch||
3582320640||3582328831||1210568422||ch||
3582894080||3582902271||1210568422||ch||
3583016960||3583025151||1210568422||ch||
3583115264||3583123455||1210568422||ch||
3583827968||3583836159||1210568422||ch||
3583934464||3583942655||1210568422||ch||
3584040960||3584049151||1210568422||ch||
3584163840||3584172031||1210568422||ch||
3585146880||3585155071||1210568422||ch||
3585384448||3585392639||1210568422||ch||
3585875968||3585884159||1210568422||ch||
3585925120||3585933311||1210568422||ch||
3585966080||3585974271||1210568422||ch||
3586211840||3586228223||1210568422||ch||
3586424832||3586441215||1210568422||ch||
3586703360||3586719743||1210568422||ch||
3586793472||3586801663||1210568422||ch||
3587547136||3587555327||1210568422||ch||
3588063232||3588071423||1210568422||ch||
3588079616||3588095999||1210568422||ch||
3588628480||3588636671||1210568422||ch||
3588784128||3588800511||1210568422||ch||
3641229312||3641233407||1210568422||ch||
3641233408||3641237503||1210568422||ch||
3641384960||3641389055||1210568422||ch||
3641589760||3641593855||1210568422||ch||
3642015744||3642019839||1210568422||ch||
3642236928||3642241023||1210568422||ch||
3642368000||3642372095||1210568422||ch||
3642372096||3642376191||1210568422||ch||
3642449920||3642454015||1210568422||ch||
3645169664||3645173759||1210568422||ch||
3645329408||3645333503||1210568422||ch||
3645370368||3645374463||1210568422||ch||
3645575168||3645579263||1210568422||ch||
3645796352||3645800447||1210568422||ch||
3648155648||3648159743||1210568422||ch||
3648364544||3648368639||1210568422||ch||
3648438272||3648442367||1210568422||ch||
3648491520||3648495615||1210568422||ch||
3650105344||3650109439||1210568422||ch||
3650342912||3650347007||1210568422||ch||
3650355200||3650359295||1210568422||ch||
3650547712||3650551807||1210568422||ch||
3650580480||3650584575||1210568422||ch||
3651272704||3651338239||1210568422||ch||
3651674112||3651678207||1210568422||ch||
3651678208||3651682303||1210568422||ch||
3651764224||3651768319||1210568422||ch||
3651768320||3651772415||1210568422||ch||
3653238784||3653369855||1210568422||ch||
3653382144||3653386239||1210568422||ch||
3653545984||3653550079||1210568422||ch||
3653619712||3653623807||1210568422||ch||
