--||--||--||tw||Taiwan
978714624||978780159||1210568422||tw||
979566592||979582975||1210568422||tw||
979582976||979599359||1210568422||tw||
980549632||980680703||1210568422||tw||
996671488||996802559||1210568422||tw||
997195776||997720063||1210568422||tw||
997720064||997982207||1210568422||tw||
997982208||998244351||1210568422||tw||
1019609088||1019674623||1210568422||tw||
1019674624||1019740159||1210568422||tw||
1022623744||1022631935||1210568422||tw||
1022631936||1022640127||1210568422||tw||
1022640128||1022656511||1210568422||tw||
1022656512||1022689279||1210568422||tw||
1022689280||1022705663||1210568422||tw||
1022705664||1022713855||1210568422||tw||
1022713856||1022722047||1210568422||tw||
1022885888||1022951423||1210568422||tw||
1022951424||1023016959||1210568422||tw||
1023016960||1023148031||1210568422||tw||
1024720896||1024786431||1210568422||tw||
1025376256||1025441791||1210568422||tw||
1025441792||1025507327||1210568422||tw||
1027080192||1027604479||1210568422||tw||
1027604480||1027866623||1210568422||tw||
1027997696||1028030463||1210568422||tw||
1028030464||1028063231||1210568422||tw||
1028063232||1028095999||1210568422||tw||
1028096000||1028128767||1210568422||tw||
1037565952||1037631487||1210568422||tw||
1037631488||1037697023||1210568422||tw||
1037697024||1037828095||1210568422||tw||
1037828096||1038090239||1210568422||tw||
1038090240||1038352383||1210568422||tw||
1038352384||1038614527||1210568422||tw||
1039638528||1039642623||1210568422||tw||
1914175488||1914437631||1210568422||tw||
1914576896||1914580991||1210568422||tw||
1914699776||1915748351||1210568422||tw||
1949442048||1949446143||1210568422||tw||
1950023680||1950089215||1210568422||tw||
1952022528||1952026623||1210568422||tw||
1953923072||1953939455||1210568422||tw||
1960071168||1960075263||1210568422||tw||
1960181760||1960185855||1210568422||tw||
1964179456||1964244991||1210568422||tw||
1966604288||1966669823||1210568422||tw||
1969709056||1969713151||1210568422||tw||
1990197248||1990721535||1210568422||tw||
1990721536||1990983679||1210568422||tw||
1994850304||1994915839||1210568422||tw||
1994915840||1995046911||1210568422||tw||
1997406208||1997471743||1210568422||tw||
1997520896||1997537279||1210568422||tw||
1998458880||1998462975||1210568422||tw||
1998565376||1998569471||1210568422||tw||
2001465344||2001469439||1210568422||tw||
2001567744||2001600511||1210568422||tw||
2007035904||2007039999||1210568422||tw||
2019557376||2021654527||1210568422||tw||
2033356800||2033358847||1210568422||tw||
2033364992||2033369087||1210568422||tw||
2046705664||2046722047||1210568422||tw||
2053308416||2053324799||1210568422||tw||
2053390336||2053406719||1210568422||tw||
2054422528||2054553599||1210568422||tw||
2054553600||2054619135||1210568422||tw||
2054684672||2055208959||1210568422||tw||
2055229440||2055231487||1210568422||tw||
2056265728||2056273919||1210568422||tw||
2056388608||2056519679||1210568422||tw||
2059966464||2059968511||1210568422||tw||
2060025856||2060058623||1210568422||tw||
2063376384||2063380479||1210568422||tw||
2063466496||2063482879||1210568422||tw||
2063552512||2063556607||1210568422||tw||
2063605760||2063613951||1210568422||tw||
2063646720||2063663103||1210568422||tw||
2066882560||2066890751||1210568422||tw||
2070085632||2070093823||1210568422||tw||
2070093824||2070102015||1210568422||tw||
2070806528||2070872063||1210568422||tw||
2076180480||2076442623||1210568422||tw||
2076966912||2077097983||1210568422||tw||
2079326208||2079457279||1210568422||tw||
2080112640||2080145407||1210568422||tw||
2080768000||2080776191||1210568422||tw||
2080899072||2081161215||1210568422||tw||
2081161216||2081226751||1210568422||tw||
2082308096||2082316287||1210568422||tw||
2082316288||2082324479||1210568422||tw||
2087485440||2087501823||1210568422||tw||
2087546880||2087550975||1210568422||tw||
2090565632||2090573823||1210568422||tw||
2090573824||2090582015||1210568422||tw||
2093432832||2093441023||1210568422||tw||
2093441024||2093445119||1210568422||tw||
2094661632||2094727167||1210568422||tw||
2094727168||2094759935||1210568422||tw||
2101272576||2101276671||1210568422||tw||
2111832064||2112356351||1210568422||tw||
2112356352||2112487423||1210568422||tw||
2261778432||2261843967||1210568422||tw||
2343501824||2343567359||1210568422||tw||
2346647552||2346713087||1210568422||tw||
2354839552||2354905087||1210568422||tw||
2355101696||2355167231||1210568422||tw||
2355953664||2356019199||1210568422||tw||
2356019200||2356084735||1210568422||tw||
2356084736||2356150271||1210568422||tw||
2356150272||2356215807||1210568422||tw||
2356215808||2356281343||1210568422||tw||
2356281344||2356346879||1210568422||tw||
2356346880||2356412415||1210568422||tw||
2356412416||2356674559||1210568422||tw||
2356674560||2357198847||1210568422||tw||
2357198848||2357264383||1210568422||tw||
2357264384||2357329919||1210568422||tw||
2357329920||2357395455||1210568422||tw||
2357395456||2357460991||1210568422||tw||
2357460992||2357526527||1210568422||tw||
2357526528||2357592063||1210568422||tw||
2357592064||2357657599||1210568422||tw||
2357657600||2357723135||1210568422||tw||
2357723136||2357854207||1210568422||tw||
2357854208||2357919743||1210568422||tw||
2735538176||2735603711||1210568422||tw||
2735603712||2735734783||1210568422||tw||
2735734784||2736783359||1210568422||tw||
2736783360||2736848895||1210568422||tw||
2824798208||2824863743||1210568422||tw||
2849178368||2849178623||1210568422||tw||
3225944832||3225945087||1210568422||tw||
3225945088||3225945343||1210568422||tw||
3225945344||3225945599||1210568422||tw||
3225945600||3225945855||1210568422||tw||
3225945856||3225946111||1210568422||tw||
3225946112||3225946367||1210568422||tw||
3225946368||3225946623||1210568422||tw||
3225946624||3225946879||1210568422||tw||
3225946880||3225947135||1210568422||tw||
3225947136||3225947391||1210568422||tw||
3225947392||3225947647||1210568422||tw||
3225947648||3225947903||1210568422||tw||
3225947904||3225948159||1210568422||tw||
3225948160||3225948415||1210568422||tw||
3225948416||3225948671||1210568422||tw||
3225948672||3225948927||1210568422||tw||
3225948928||3225949183||1210568422||tw||
3225949184||3225949439||1210568422||tw||
3225949440||3225949695||1210568422||tw||
3225949696||3225949951||1210568422||tw||
3225949952||3225950207||1210568422||tw||
3225950208||3225950463||1210568422||tw||
3225950464||3225950719||1210568422||tw||
3225950720||3225950975||1210568422||tw||
3225950976||3225951231||1210568422||tw||
3225951232||3225951487||1210568422||tw||
3225951488||3225951743||1210568422||tw||
3225951744||3225951999||1210568422||tw||
3225952000||3225952255||1210568422||tw||
3225952256||3225952511||1210568422||tw||
3225952512||3225952767||1210568422||tw||
3225952768||3225953279||1210568422||tw||
3225953280||3225954303||1210568422||tw||
3225954304||3225956351||1210568422||tw||
3225956352||3225960447||1210568422||tw||
3225960448||3225976831||1210568422||tw||
3225976832||3225977855||1210568422||tw||
3225978112||3225978367||1210568422||tw||
3225978368||3225978879||1210568422||tw||
3225978880||3225980927||1210568422||tw||
3225980928||3225985023||1210568422||tw||
3225985024||3225993215||1210568422||tw||
3225993216||3226001407||1210568422||tw||
3226001408||3226005503||1210568422||tw||
3226005504||3226007551||1210568422||tw||
3226007552||3226008575||1210568422||tw||
3226008576||3226008831||1210568422||tw||
3226707456||3226707711||1210568422||tw||
3226707712||3226707967||1210568422||tw||
3226707968||3226708223||1210568422||tw||
3226708480||3226708735||1210568422||tw||
3226708736||3226708991||1210568422||tw||
3226708992||3226709247||1210568422||tw||
3226709248||3226709503||1210568422||tw||
3226709504||3226709759||1210568422||tw||
3226709760||3226710015||1210568422||tw||
3226710016||3226710271||1210568422||tw||
3226710272||3226710527||1210568422||tw||
3226710528||3226710783||1210568422||tw||
3226710784||3226711039||1210568422||tw||
3226711040||3226711295||1210568422||tw||
3226711296||3226711551||1210568422||tw||
3226711552||3226712063||1210568422||tw||
3226712064||3226712319||1210568422||tw||
3226712320||3226712575||1210568422||tw||
3226712576||3226712831||1210568422||tw||
3226712832||3226713087||1210568422||tw||
3226713088||3226713343||1210568422||tw||
3226713344||3226713599||1210568422||tw||
3226713600||3226713855||1210568422||tw||
3226713856||3226714111||1210568422||tw||
3226714112||3226714367||1210568422||tw||
3226714368||3226714623||1210568422||tw||
3226714624||3226715135||1210568422||tw||
3226715136||3226715391||1210568422||tw||
3233590016||3233590271||1210568422||tw||
3233808384||3233841151||1210568422||tw||
3233841152||3233849343||1210568422||tw||
3233849344||3233850367||1210568422||tw||
3233850368||3233850623||1210568422||tw||
3233850624||3233850879||1210568422||tw||
3233850880||3233851391||1210568422||tw||
3233851392||3233853439||1210568422||tw||
3233853440||3233857535||1210568422||tw||
3233857536||3233873919||1210568422||tw||
3389142016||3389143039||1210568422||tw||
3389227264||3389227519||1210568422||tw||
3389235200||3389243391||1210568422||tw||
3389326336||3389326847||1210568422||tw||
3389327360||3389328383||1210568422||tw||
3389328384||3389329407||1210568422||tw||
3389382656||3389390847||1210568422||tw||
3389417472||3389417983||1210568422||tw||
3389525504||3389526015||1210568422||tw||
3389562880||3389566975||1210568422||tw||
3389566976||3389571071||1210568422||tw||
3389917184||3389919231||1210568422||tw||
3391553536||3391619071||1210568422||tw||
3392659456||3392667647||1210568422||tw||
3394267136||3394269183||1210568422||tw||
3397271552||3397275647||1210568422||tw||
3397648384||3397713919||1210568422||tw||
3397771264||3397779455||1210568422||tw||
3398488064||3398492159||1210568422||tw||
3398508544||3398516735||1210568422||tw||
3398516736||3398533119||1210568422||tw||
3398533120||3398549503||1210568422||tw||
3398549504||3398557695||1210568422||tw||
3398557696||3398565887||1210568422||tw||
3398750208||3398754303||1210568422||tw||
3398905856||3398909951||1210568422||tw||
3399065600||3399073791||1210568422||tw||
3399073792||3399077887||1210568422||tw||
3399139328||3399147519||1210568422||tw||
3399450624||3399454719||1210568422||tw||
3399454720||3399458815||1210568422||tw||
3399458816||3399467007||1210568422||tw||
3399499776||3399507967||1210568422||tw||
3399841792||3399843839||1210568422||tw||
3399843840||3399847935||1210568422||tw||
3399847936||3399852031||1210568422||tw||
3399933952||3399942143||1210568422||tw||
3400056832||3400060927||1210568422||tw||
3400114176||3400118271||1210568422||tw||
3400343552||3400351743||1210568422||tw||
3400401920||3400402175||1210568422||tw||
3400404992||3400409087||1210568422||tw||
3400695808||3400712191||1210568422||tw||
3400712192||3400720383||1210568422||tw||
3400720384||3400728575||1210568422||tw||
3409969152||3410231295||1210568422||tw||
3410231296||3410493439||1210568422||tw||
3410493440||3410755583||1210568422||tw||
3410821120||3410822143||1210568422||tw||
3410822144||3410823167||1210568422||tw||
3410823168||3410825215||1210568422||tw||
3410825216||3410829311||1210568422||tw||
3410829312||3410833407||1210568422||tw||
3410833408||3410837503||1210568422||tw||
3410837504||3410845695||1210568422||tw||
3410845696||3410853887||1210568422||tw||
3410886656||3410887679||1210568422||tw||
3410931712||3410935807||1210568422||tw||
3410984960||3411001343||1210568422||tw||
3411001344||3411009535||1210568422||tw||
3411009536||3411017727||1210568422||tw||
3411313152||3411313663||1210568422||tw||
3411316736||3411318783||1210568422||tw||
3411738624||3411746815||1210568422||tw||
3412033536||3412049919||1210568422||tw||
3412049920||3412058111||1210568422||tw||
3412058112||3412066303||1210568422||tw||
3412713472||3412721663||1210568422||tw||
3412787200||3412803583||1210568422||tw||
3413102592||3413106687||1210568422||tw||
3413565440||3413569535||1210568422||tw||
3413574400||3413574655||1210568422||tw||
3413762048||3413766143||1210568422||tw||
3413766144||3413770239||1210568422||tw||
3414491136||3414499327||1210568422||tw||
3414499328||3414507519||1210568422||tw||
3414507520||3414515711||1210568422||tw||
3414515712||3414523903||1210568422||tw||
3414638592||3414646783||1210568422||tw||
3415326720||3415330815||1210568422||tw||
3415330816||3415334911||1210568422||tw||
3416297472||3416301567||1210568422||tw||
3416317952||3416326143||1210568422||tw||
3416506368||3416514559||1210568422||tw||
3418030080||3418038271||1210568422||tw||
3418038272||3418046463||1210568422||tw||
3418046464||3418062847||1210568422||tw||
3418144768||3418148863||1210568422||tw||
3418227712||3418228735||1210568422||tw||
3418230784||3418232831||1210568422||tw||
3418955776||3418959871||1210568422||tw||
3419078656||3419111423||1210568422||tw||
3419111424||3419144191||1210568422||tw||
3419144192||3419176959||1210568422||tw||
3419176960||3419209727||1210568422||tw||
3419340800||3419344895||1210568422||tw||
3419348992||3419353087||1210568422||tw||
3419602944||3419611135||1210568422||tw||
3420020736||3420028927||1210568422||tw||
3420323840||3420327935||1210568422||tw||
3420327936||3420332031||1210568422||tw||
3524329472||3524362239||1210568422||tw||
3527016448||3527049215||1210568422||tw||
3527049216||3527081983||1210568422||tw||
3527081984||3527147519||1210568422||tw||
3527147520||3527409663||1210568422||tw||
3527409664||3527671807||1210568422||tw||
3527671808||3527933951||1210568422||tw||
3528474624||3528478719||1210568422||tw||
3528478720||3528482815||1210568422||tw||
3528785920||3528851455||1210568422||tw||
3535798272||3535814655||1210568422||tw||
3535831040||3535863807||1210568422||tw||
3536322560||3536330751||1210568422||tw||
3536330752||3536338943||1210568422||tw||
3536338944||3536347135||1210568422||tw||
3536347136||3536355327||1210568422||tw||
3536355328||3536363519||1210568422||tw||
3536363520||3536371711||1210568422||tw||
3536371712||3536388095||1210568422||tw||
3536388096||3536404479||1210568422||tw||
3536404480||3536420863||1210568422||tw||
3536420864||3536437247||1210568422||tw||
3536437248||3536441343||1210568422||tw||
3536441344||3536445439||1210568422||tw||
3536445440||3536453631||1210568422||tw||
3536453632||3536519167||1210568422||tw||
3536519168||3536551935||1210568422||tw||
3536846848||3536863231||1210568422||tw||
3536863232||3536871423||1210568422||tw||
3536871424||3536879615||1210568422||tw||
3536879616||3536895999||1210568422||tw||
3536896000||3536912383||1210568422||tw||
3536912384||3536928767||1210568422||tw||
3536945152||3536949247||1210568422||tw||
3536949248||3536953343||1210568422||tw||
3536953344||3536961535||1210568422||tw||
3536961536||3536977919||1210568422||tw||
3538944000||3539009535||1210568422||tw||
3539009536||3539075071||1210568422||tw||
3539075072||3539206143||1210568422||tw||
3539206144||3539238911||1210568422||tw||
3539238912||3539271679||1210568422||tw||
3541303296||3541565439||1210568422||tw||
3544711168||3544973311||1210568422||tw||
3544973312||3545235455||1210568422||tw||
3659530240||3659595775||1210568422||tw||
3659661312||3659694079||1210568422||tw||
3659694080||3659726847||1210568422||tw||
3659726848||3659792383||1210568422||tw||
3667918848||3668180991||1210568422||tw||
3668180992||3668312063||1210568422||tw||
3668312064||3668443135||1210568422||tw||
3668443136||3668967423||1210568422||tw||
3669491712||3669557247||1210568422||tw||
3669688320||3669721087||1210568422||tw||
3669721088||3669753855||1210568422||tw||
3671195648||3671326719||1210568422||tw||
3678666752||3678699519||1210568422||tw||
3678699520||3678732287||1210568422||tw||
3678732288||3678797823||1210568422||tw||
3678797824||3678928895||1210568422||tw||
3679453184||3679584255||1210568422||tw||
3679715328||3679846399||1210568422||tw||
3679846400||3679977471||1210568422||tw||
3680108544||3680124927||1210568422||tw||
3680174080||3680206847||1210568422||tw||
3699376128||3699392511||1210568422||tw||
3699392512||3699408895||1210568422||tw||
3699408896||3699441663||1210568422||tw||
3699441664||3699507199||1210568422||tw||
3699507200||3699638271||1210568422||tw||
3699638272||3699900415||1210568422||tw||
3699900416||3700424703||1210568422||tw||
3701305344||3701309439||1210568422||tw||
3705929728||3706060799||1210568422||tw||
3707207680||3707215871||1210568422||tw||
3715629056||3715645439||1210568422||tw||
3715645440||3715653631||1210568422||tw||
3718840320||3718905855||1210568422||tw||
3734765568||3734831103||1210568422||tw||
3734831104||3734896639||1210568422||tw||
3740925952||3740991487||1210568422||tw||
3740991488||3741024255||1210568422||tw||
