--||--||--||th||Thailand
973602816||973733887||1210568422||th||
973733888||973864959||1210568422||th||
977272832||977305599||1210568422||th||
979435520||979468287||1210568422||th||
981991424||982056959||1210568422||th||
982056960||982122495||1210568422||th||
982712320||982745087||1210568422||th||
984973312||985006079||1210568422||th||
1023901696||1023934463||1210568422||th||
1024188416||1024196607||1210568422||th||
1024655360||1024671743||1210568422||th||
1024671744||1024688127||1210568422||th||
1024688128||1024720895||1210568422||th||
1026490368||1026523135||1210568422||th||
1029308416||1029373951||1210568422||th||
1029373952||1029390335||1210568422||th||
1029390336||1029406719||1210568422||th||
1029406720||1029414911||1210568422||th||
1029414912||1029423103||1210568422||th||
1029423104||1029439487||1210568422||th||
1950015488||1950023679||1210568422||th||
1950650368||1950654463||1210568422||th||
1966014464||1966079999||1210568422||th||
1970917376||1970921471||1210568422||th||
1990983680||1991245823||1210568422||th||
1998520320||1998553087||1210568422||th||
1999257600||1999273983||1210568422||th||
1999273984||1999276031||1210568422||th||
1999503360||1999568895||1210568422||th||
2000633856||2000642047||1210568422||th||
2001469440||2001534975||1210568422||th||
2006212608||2006214655||1210568422||th||
2007027712||2007031807||1210568422||th||
2033362944||2033364991||1210568422||th||
2046820352||2046822399||1210568422||th||
2056263680||2056265727||1210568422||th||
2056912896||2057043967||1210568422||th||
2079490048||2079506431||1210568422||th||
2087524352||2087526399||1210568422||th||
2088239104||2088370175||1210568422||th||
2088370176||2088435711||1210568422||th||
2090696704||2090729471||1210568422||th||
2098724864||2098855935||1210568422||th||
2098855936||2098987007||1210568422||th||
2111168512||2111176703||1210568422||th||
2645753856||2645819391||1210568422||th||
2657878016||2657943551||1210568422||th||
2714238976||2714304511||1210568422||th||
2717253632||2717319167||1210568422||th||
2759000064||2759065599||1210568422||th||
2781937664||2782003199||1210568422||th||
2826436608||2826502143||1210568422||th||
3223955968||3223956223||1210568422||th||
3227798784||3227799039||1210568422||th||
3227867904||3227868159||1210568422||th||
3227931392||3227931647||1210568422||th||
3228362240||3228362495||1210568422||th||
3229944320||3229944575||1210568422||th||
3231119616||3231119871||1210568422||th||
3231119872||3231120127||1210568422||th||
3231120128||3231120383||1210568422||th||
3233590272||3233590527||1210568422||th||
3234592512||3234592767||1210568422||th||
3234807808||3234808063||1210568422||th||
3234853376||3234853631||1210568422||th||
3234856448||3234856703||1210568422||th||
3237733120||3237733375||1210568422||th||
3237733376||3237733631||1210568422||th||
3323339520||3323339775||1210568422||th||
3325128704||3325129215||1210568422||th||
3389026048||3389026303||1210568422||th||
3389027584||3389027839||1210568422||th||
3389027840||3389028351||1210568422||th||
3389028352||3389028607||1210568422||th||
3389211648||3389212671||1210568422||th||
3389345792||3389349887||1210568422||th||
3389413888||3389414143||1210568422||th||
3389416448||3389416703||1210568422||th||
3389416704||3389416959||1210568422||th||
3389418240||3389418495||1210568422||th||
3389419264||3389419519||1210568422||th||
3389528320||3389528575||1210568422||th||
3389538560||3389538815||1210568422||th||
3389538816||3389539327||1210568422||th||
3389539328||3389540351||1210568422||th||
3389540608||3389540863||1210568422||th||
3389540864||3389541375||1210568422||th||
3389541888||3389542399||1210568422||th||
3389543424||3389544447||1210568422||th||
3389802752||3389803007||1210568422||th||
3389803008||3389803263||1210568422||th||
3389808896||3389809151||1210568422||th||
3389813760||3389814015||1210568422||th||
3389814016||3389814271||1210568422||th||
3389814272||3389814527||1210568422||th||
3389945088||3389945343||1210568422||th||
3389956608||3389957119||1210568422||th||
3389957120||3389957375||1210568422||th||
3390330624||3390330879||1210568422||th||
3390335232||3390335487||1210568422||th||
3390409728||3390409983||1210568422||th||
3390410752||3390411007||1210568422||th||
3390412032||3390412287||1210568422||th||
3390441472||3390443519||1210568422||th||
3390769664||3390770175||1210568422||th||
3390832640||3390833151||1210568422||th||
3390833152||3390833407||1210568422||th||
3390833408||3390833663||1210568422||th||
3390833664||3390834687||1210568422||th||
3390834688||3390836735||1210568422||th||
3390836736||3390840831||1210568422||th||
3390840832||3390849023||1210568422||th||
3390849024||3390865407||1210568422||th||
3390865408||3390869503||1210568422||th||
3390869504||3390873599||1210568422||th||
3390873600||3390881791||1210568422||th||
3390881792||3390898175||1210568422||th||
3390898176||3390898687||1210568422||th||
3390898688||3390899199||1210568422||th||
3390899200||3390900223||1210568422||th||
3390900224||3390902271||1210568422||th||
3390902272||3390906367||1210568422||th||
3390906368||3390914559||1210568422||th||
3390914560||3390930943||1210568422||th||
3390930944||3390963711||1210568422||th||
3391725568||3391733759||1210568422||th||
3391823872||3391827967||1210568422||th||
3391881216||3391883263||1210568422||th||
3391883264||3391885311||1210568422||th||
3391885312||3391889407||1210568422||th||
3391889408||3391893503||1210568422||th||
3391893504||3391894527||1210568422||th||
3391894528||3391895551||1210568422||th||
3391896576||3391897599||1210568422||th||
3391897600||3391898111||1210568422||th||
3391898112||3391898367||1210568422||th||
3391898368||3391898623||1210568422||th||
3391898624||3391899647||1210568422||th||
3391899648||3391900159||1210568422||th||
3391900160||3391900415||1210568422||th||
3391905792||3391906047||1210568422||th||
3391913984||3391914239||1210568422||th||
3391914240||3391914495||1210568422||th||
3391914496||3391915007||1210568422||th||
3391915008||3391915519||1210568422||th||
3391915776||3391916031||1210568422||th||
3391916032||3391916287||1210568422||th||
3391916544||3391916799||1210568422||th||
3391916800||3391917055||1210568422||th||
3391917056||3391917567||1210568422||th||
3391917568||3391918079||1210568422||th||
3391918080||3391918335||1210568422||th||
3391918336||3391918591||1210568422||th||
3391918592||3391919103||1210568422||th||
3391919104||3391920127||1210568422||th||
3391930368||3391946751||1210568422||th||
3392079872||3392081919||1210568422||th||
3392135168||3392139263||1210568422||th||
3392139264||3392141311||1210568422||th||
3392141312||3392143359||1210568422||th||
3392406528||3392407551||1210568422||th||
3392765952||3392766975||1210568422||th||
3392766976||3392767999||1210568422||th||
3392768000||3392770047||1210568422||th||
3392770048||3392774143||1210568422||th||
3392774144||3392782335||1210568422||th||
3392978944||3392983039||1210568422||th||
3393554432||3393556479||1210568422||th||
3393679360||3393683455||1210568422||th||
3394111488||3394113535||1210568422||th||
3394297856||3394301951||1210568422||th||
3394301952||3394303999||1210568422||th||
3394304000||3394305023||1210568422||th||
3394305024||3394306047||1210568422||th||
3394896896||3394897919||1210568422||th||
3394924544||3394928639||1210568422||th||
3394965504||3394967551||1210568422||th||
3395104768||3395108863||1210568422||th||
3395219456||3395223551||1210568422||th||
3397003264||3397005311||1210568422||th||
3397026304||3397026815||1210568422||th||
3397451776||3397459967||1210568422||th||
3397459968||3397468159||1210568422||th||
3397746688||3397750783||1210568422||th||
3397750784||3397754879||1210568422||th||
3397754880||3397763071||1210568422||th||
3398156288||3398164479||1210568422||th||
3398352896||3398361087||1210568422||th||
3398402048||3398418431||1210568422||th||
3398742016||3398746111||1210568422||th||
3398768640||3398770687||1210568422||th||
3398787072||3398795263||1210568422||th||
3398894592||3398895615||1210568422||th||
3398903808||3398905855||1210568422||th||
3398938624||3398942719||1210568422||th||
3399024640||3399025663||1210568422||th||
3400167424||3400171519||1210568422||th||
3400273920||3400275967||1210568422||th||
3400388608||3400392703||1210568422||th||
3400548352||3400556543||1210568422||th||
3400556544||3400564735||1210568422||th||
3400564736||3400581119||1210568422||th||
3400925184||3400926207||1210568422||th||
3400926208||3400927231||1210568422||th||
3400927232||3400929279||1210568422||th||
3400929280||3400933375||1210568422||th||
3401023488||3401031679||1210568422||th||
3401031680||3401039871||1210568422||th||
3401039872||3401043967||1210568422||th||
3401043968||3401046015||1210568422||th||
3401046016||3401047039||1210568422||th||
3401047040||3401048063||1210568422||th||
3401048064||3401052159||1210568422||th||
3401052160||3401054207||1210568422||th||
3401054208||3401055231||1210568422||th||
3401055232||3401056255||1210568422||th||
3406077952||3406078207||1210568422||th||
3407998976||3407999231||1210568422||th||
3409876992||3409878015||1210568422||th||
3410911232||3410915327||1210568422||th||
3411032064||3411032319||1210568422||th||
3412327424||3412327935||1210568422||th||
3412426752||3412428799||1210568422||th||
3412428800||3412430847||1210568422||th||
3412430848||3412434943||1210568422||th||
3412819968||3412836351||1210568422||th||
3412836352||3412852735||1210568422||th||
3413180416||3413188607||1210568422||th||
3413188608||3413196799||1210568422||th||
3413196800||3413204991||1210568422||th||
3413204992||3413213183||1210568422||th||
3413270528||3413278719||1210568422||th||
3413524480||3413528575||1210568422||th||
3413528576||3413532671||1210568422||th||
3413532672||3413536767||1210568422||th||
3413536768||3413540863||1210568422||th||
3413737472||3413745663||1210568422||th||
3413745664||3413753855||1210568422||th||
3414327296||3414335487||1210568422||th||
3414413312||3414417407||1210568422||th||
3415244800||3415252991||1210568422||th||
3415252992||3415261183||1210568422||th||
3415261184||3415269375||1210568422||th||
3415269376||3415273471||1210568422||th||
3415273472||3415275519||1210568422||th||
3415275520||3415276543||1210568422||th||
3415276544||3415277567||1210568422||th||
3415306240||3415308287||1210568422||th||
3415343104||3415344127||1210568422||th||
3415344128||3415345151||1210568422||th||
3415345152||3415347199||1210568422||th||
3415347200||3415351295||1210568422||th||
3415351296||3415359487||1210568422||th||
3415359488||3415367679||1210568422||th||
3415367680||3415375871||1210568422||th||
3415375872||3415384063||1210568422||th||
3415384064||3415392255||1210568422||th||
3415392256||3415400447||1210568422||th||
3415400448||3415408639||1210568422||th||
3415408640||3415409663||1210568422||th||
3415409664||3415410687||1210568422||th||
3415410688||3415412735||1210568422||th||
3415412736||3415416831||1210568422||th||
3415416832||3415425023||1210568422||th||
3415506944||3415515135||1210568422||th||
3415515136||3415523327||1210568422||th||
3415523328||3415531519||1210568422||th||
3415531520||3415535615||1210568422||th||
3415535616||3415537663||1210568422||th||
3415537664||3415538687||1210568422||th||
3415538688||3415539711||1210568422||th||
3415539712||3415540735||1210568422||th||
3415540736||3415541759||1210568422||th||
3415541760||3415543807||1210568422||th||
3415543808||3415547903||1210568422||th||
3415547904||3415556095||1210568422||th||
3415605248||3415638015||1210568422||th||
3415638016||3415670783||1210568422||th||
3415670784||3415703551||1210568422||th||
3415703552||3415736319||1210568422||th||
3415834624||3415838719||1210568422||th||
3415842816||3415846911||1210568422||th||
3415846912||3415851007||1210568422||th||
3415867392||3415900159||1210568422||th||
3415900160||3415916543||1210568422||th||
3415916544||3415932927||1210568422||th||
3415932928||3415965695||1210568422||th||
3415965696||3415969791||1210568422||th||
3415969792||3415971839||1210568422||th||
3415971840||3415973887||1210568422||th||
3415973888||3415982079||1210568422||th||
3415982080||3415998463||1210568422||th||
3415998464||3416014847||1210568422||th||
3416014848||3416031231||1210568422||th||
3416031232||3416047615||1210568422||th||
3416064000||3416129535||1210568422||th||
3416129536||3416131583||1210568422||th||
3416154112||3416162303||1210568422||th||
3416162304||3416195071||1210568422||th||
3416195072||3416260607||1210568422||th||
3416261632||3416262655||1210568422||th||
3416948736||3416965119||1210568422||th||
3416965120||3416981503||1210568422||th||
3417055232||3417063423||1210568422||th||
3417063424||3417079807||1210568422||th||
3417079808||3417112575||1210568422||th||
3417915392||3417923583||1210568422||th||
3417923584||3417931775||1210568422||th||
3417931776||3417939967||1210568422||th||
3418095616||3418111999||1210568422||th||
3418290688||3418291199||1210568422||th||
3418365952||3418370047||1210568422||th||
3418370048||3418374143||1210568422||th||
3418578944||3418583039||1210568422||th||
3419471872||3419488255||1210568422||th||
3419488256||3419504639||1210568422||th||
3523280896||3523297279||1210568422||th||
3523510272||3523518463||1210568422||th||
3528884224||3528900607||1210568422||th||
3528900608||3528908799||1210568422||th||
3536551936||3536568319||1210568422||th||
3537174528||3537190911||1210568422||th||
3539353600||3539369983||1210568422||th||
3539369984||3539402751||1210568422||th||
3663996416||3663996671||1210568422||th||
3663998464||3663998975||1210568422||th||
3716169728||3716186111||1210568422||th||
3732602880||3732668415||1210568422||th||
