--||--||--||tt||Trinidad And Tobago
1075609600||1075613695||1210568422||tt||
3188121600||3188125695||1210568422||tt||
3191472128||3191537663||1210568422||tt||
3191537664||3191603199||1210568422||tt||
3193765888||3193774079||1210568422||tt||
3194052608||3194056703||1210568422||tt||
3201630208||3201646591||1210568422||tt||
3288564736||3288565759||1210568422||tt||
3288565760||3288567807||1210568422||tt||
3288567808||3288568831||1210568422||tt||
3290251264||3290259455||1210568422||tt||
3290439680||3290447871||1210568422||tt||
3355535360||3355537407||1210568422||tt||
3355684864||3355686911||1210568422||tt||
3355924480||3355926527||1210568422||tt||
3356088320||3356088831||1210568422||tt||
3356088832||3356089087||1210568422||tt||
3356194816||3356196863||1210568422||tt||
3356291072||3356293119||1210568422||tt||
3362521088||3362525183||1210568422||tt||
3362525184||3362529279||1210568422||tt||
3363676160||3363678207||1210568422||tt||
3386720256||3386724351||1210568422||tt||
3386724352||3386728447||1210568422||tt||
3387834368||3387850751||1210568422||tt||
3512647680||3512655871||1210568422||tt||
