--||--||--||ua||Ukraine
1041235968||1041244159||1210568422||ua||
1044398080||1044414463||1210568422||ua||
1044946944||1044955135||1210568422||ua||
1045471232||1045479423||1210568422||ua||
1049952256||1049960447||1210568422||ua||
1052135424||1052137471||1210568422||ua||
1052145664||1052147711||1210568422||ua||
1052147712||1052149759||1210568422||ua||
1052153856||1052155903||1210568422||ua||
1052155904||1052157951||1210568422||ua||
1053655040||1053663231||1210568422||ua||
1054679040||1054687231||1210568422||ua||
1056178176||1056194559||1210568422||ua||
1294958592||1294991359||1210568422||ua||
1295253504||1295319039||1210568422||ua||
1296797696||1296799743||1210568422||ua||
1297551360||1297553407||1210568422||ua||
1297555456||1297557503||1210568422||ua||
1297563648||1297565695||1210568422||ua||
1297567744||1297569791||1210568422||ua||
1297584128||1297586175||1210568422||ua||
1297586176||1297588223||1210568422||ua||
1297596416||1297598463||1210568422||ua||
1297598464||1297600511||1210568422||ua||
1297661952||1297678335||1210568422||ua||
1297793024||1297809407||1210568422||ua||
1297842176||1297858559||1210568422||ua||
1297948672||1297956863||1210568422||ua||
1298989056||1299005439||1210568422||ua||
1299709952||1299972095||1210568422||ua||
1306427392||1306435583||1210568422||ua||
1307549696||1307557887||1210568422||ua||
1307746304||1307750399||1210568422||ua||
1307844608||1307848703||1210568422||ua||
1308037120||1308041215||1210568422||ua||
1308088320||1308090367||1210568422||ua||
1310214144||1310216191||1210568422||ua||
1310261248||1310277631||1210568422||ua||
1310359552||1310375935||1210568422||ua||
1310375936||1310392319||1210568422||ua||
1310441472||1310457855||1210568422||ua||
1310638080||1310654463||1210568422||ua||
1310672896||1310674943||1210568422||ua||
1310699520||1310701567||1210568422||ua||
1310701568||1310703615||1210568422||ua||
1310703616||1310705663||1210568422||ua||
1310705664||1310707711||1210568422||ua||
1310713856||1310715903||1210568422||ua||
1310717952||1310719999||1210568422||ua||
1315770368||1315774463||1210568422||ua||
1315901440||1315905535||1210568422||ua||
1315942400||1315946495||1210568422||ua||
1315950592||1315954687||1210568422||ua||
1317601280||1317617663||1210568422||ua||
1318625280||1318633471||1210568422||ua||
1318756352||1318764543||1210568422||ua||
1319051264||1319059455||1210568422||ua||
1332613120||1332617215||1210568422||ua||
1332617216||1332621311||1210568422||ua||
1332621312||1332625407||1210568422||ua||
1333559296||1333592063||1210568422||ua||
1334296576||1334304767||1210568422||ua||
1334575104||1334579199||1210568422||ua||
1334743040||1334747135||1210568422||ua||
1334755328||1334759423||1210568422||ua||
1334779904||1334783999||1210568422||ua||
1336637440||1336639487||1210568422||ua||
1336803328||1336811519||1210568422||ua||
1346781184||1346785279||1210568422||ua||
1346785280||1346789375||1210568422||ua||
1346961408||1346965503||1210568422||ua||
1347231744||1347235839||1210568422||ua||
1347297280||1347301375||1210568422||ua||
1347301376||1347305471||1210568422||ua||
1347727360||1347731455||1210568422||ua||
1348132864||1348136959||1210568422||ua||
1348182016||1348186111||1210568422||ua||
1348186112||1348190207||1210568422||ua||
1348263936||1348268031||1210568422||ua||
1348300800||1348304895||1210568422||ua||
1358139392||1358143487||1210568422||ua||
1358262272||1358266367||1210568422||ua||
1358553088||1358557183||1210568422||ua||
1358753792||1358757887||1210568422||ua||
1358823424||1358827519||1210568422||ua||
1358905344||1358909439||1210568422||ua||
1360101376||1360105471||1210568422||ua||
1360330752||1360334847||1210568422||ua||
1360429056||1360433151||1210568422||ua||
1360465920||1360470015||1210568422||ua||
1360580608||1360584703||1210568422||ua||
1360650240||1360654335||1210568422||ua||
1360961536||1360965631||1210568422||ua||
1364910080||1364914175||1210568422||ua||
1365225472||1365229567||1210568422||ua||
1385218048||1385226239||1210568422||ua||
1388404736||1388412927||1210568422||ua||
1389297664||1389330431||1210568422||ua||
1398892544||1398894591||1210568422||ua||
1401509888||1401511935||1210568422||ua||
1401939968||1401942015||1210568422||ua||
1403699200||1403715583||1210568422||ua||
1406853120||1406861311||1210568422||ua||
1412644864||1412653055||1210568422||ua||
1412653056||1412661247||1210568422||ua||
1432010752||1432018943||1210568422||ua||
1433583616||1433591807||1210568422||ua||
1436483584||1436485631||1210568422||ua||
1439072256||1439088639||1210568422||ua||
1439342592||1439346687||1210568422||ua||
1439350784||1439354879||1210568422||ua||
1440710656||1440743423||1210568422||ua||
1441685504||1441693695||1210568422||ua||
1442803712||1442807807||1210568422||ua||
1450172416||1450174463||1210568422||ua||
1475141632||1475143679||1210568422||ua||
1475254272||1475256319||1210568422||ua||
1475328000||1475330047||1210568422||ua||
1481760768||1481768959||1210568422||ua||
1486487552||1486618623||1210568422||ua||
1490026496||1490042879||1210568422||ua||
1490436096||1490452479||1210568422||ua||
1494441984||1494450175||1210568422||ua||
1494564864||1494573055||1210568422||ua||
1495058432||1495060479||1210568422||ua||
1500110848||1500119039||1210568422||ua||
1500397568||1500413951||1210568422||ua||
1503821824||1503854591||1210568422||ua||
1505296384||1505304575||1210568422||ua||
1505427456||1505435647||1210568422||ua||
1506338816||1506340863||1210568422||ua||
1506342912||1506344959||1210568422||ua||
1506785280||1506787327||1210568422||ua||
1506869248||1506934783||1210568422||ua||
1509625856||1509629951||1210568422||ua||
1509687296||1509703679||1210568422||ua||
1532626944||1532628991||1210568422||ua||
1532628992||1532631039||1210568422||ua||
1532633088||1532635135||1210568422||ua||
1532645376||1532647423||1210568422||ua||
1533456384||1533458431||1210568422||ua||
1533507584||1533509631||1210568422||ua||
1534791680||1534795775||1210568422||ua||
1534824448||1534828543||1210568422||ua||
1534853120||1534918655||1210568422||ua||
1536073728||1536077823||1210568422||ua||
1536278528||1536294911||1210568422||ua||
1539141632||1539143679||1210568422||ua||
1539145728||1539147775||1210568422||ua||
1539151872||1539153919||1210568422||ua||
1539310592||1539311615||1210568422||ua||
1539314688||1539315711||1210568422||ua||
1539315712||1539316735||1210568422||ua||
1539320832||1539321855||1210568422||ua||
1539324928||1539325951||1210568422||ua||
1539331072||1539332095||1210568422||ua||
1539334144||1539335167||1210568422||ua||
1539342336||1539343359||1210568422||ua||
1539343360||1539344383||1210568422||ua||
1539344384||1539345407||1210568422||ua||
1539348480||1539349503||1210568422||ua||
1539349504||1539350527||1210568422||ua||
1539350528||1539351551||1210568422||ua||
1539355648||1539356671||1210568422||ua||
1539356672||1539357695||1210568422||ua||
1539357696||1539358719||1210568422||ua||
1539364864||1539365887||1210568422||ua||
1539371008||1539372031||1210568422||ua||
1539377152||1539378175||1210568422||ua||
1539383296||1539384319||1210568422||ua||
1539392512||1539393535||1210568422||ua||
1539393536||1539394559||1210568422||ua||
1539394560||1539395583||1210568422||ua||
1539395584||1539396607||1210568422||ua||
1539397632||1539398655||1210568422||ua||
1539401728||1539402751||1210568422||ua||
1539406848||1539407871||1210568422||ua||
1539414016||1539415039||1210568422||ua||
1539417088||1539418111||1210568422||ua||
1539419136||1539420159||1210568422||ua||
1539424256||1539425279||1210568422||ua||
1539427328||1539428351||1210568422||ua||
1539430400||1539431423||1210568422||ua||
1539431424||1539432447||1210568422||ua||
1539434496||1539435519||1210568422||ua||
1539439616||1539440639||1210568422||ua||
1539446784||1539447295||1210568422||ua||
1539449344||1539449855||1210568422||ua||
1539453440||1539453951||1210568422||ua||
1539454464||1539454975||1210568422||ua||
1539454976||1539455487||1210568422||ua||
1539459072||1539459583||1210568422||ua||
1539460608||1539461119||1210568422||ua||
1539461120||1539461631||1210568422||ua||
1539463168||1539463679||1210568422||ua||
1539467264||1539467775||1210568422||ua||
1539470336||1539470847||1210568422||ua||
1539472384||1539472895||1210568422||ua||
1539474944||1539475455||1210568422||ua||
1539482112||1539482623||1210568422||ua||
1539482624||1539483135||1210568422||ua||
1539495424||1539495935||1210568422||ua||
1539501568||1539502079||1210568422||ua||
1539504640||1539505151||1210568422||ua||
1539508736||1539509247||1210568422||ua||
1539509248||1539509759||1210568422||ua||
1539511296||1539511807||1210568422||ua||
1539513856||1539514367||1210568422||ua||
1539519488||1539519999||1210568422||ua||
1539523584||1539524095||1210568422||ua||
1539525120||1539525631||1210568422||ua||
1539528192||1539528703||1210568422||ua||
1539529216||1539529727||1210568422||ua||
1539530752||1539531263||1210568422||ua||
1539536896||1539537407||1210568422||ua||
1539537920||1539538431||1210568422||ua||
1539538432||1539538943||1210568422||ua||
1539546112||1539546623||1210568422||ua||
1539550208||1539550719||1210568422||ua||
1539553280||1539553791||1210568422||ua||
1539560960||1539561471||1210568422||ua||
1539565056||1539565567||1210568422||ua||
1539568640||1539569151||1210568422||ua||
1539569664||1539570175||1210568422||ua||
1539571712||1539572735||1210568422||ua||
1539585024||1539586047||1210568422||ua||
1539587072||1539588095||1210568422||ua||
1539592192||1539593215||1210568422||ua||
1539594240||1539595263||1210568422||ua||
1539595264||1539596287||1210568422||ua||
1539596288||1539597311||1210568422||ua||
1539597312||1539598335||1210568422||ua||
1539602432||1539603455||1210568422||ua||
1539605504||1539606527||1210568422||ua||
1539606528||1539607551||1210568422||ua||
1539609600||1539610623||1210568422||ua||
1539611648||1539612671||1210568422||ua||
1539612672||1539613695||1210568422||ua||
1539613696||1539614719||1210568422||ua||
1539616768||1539617791||1210568422||ua||
1539620864||1539621887||1210568422||ua||
1539621888||1539622911||1210568422||ua||
1539622912||1539623935||1210568422||ua||
1539628032||1539629055||1210568422||ua||
1539630080||1539631103||1210568422||ua||
1539631104||1539632127||1210568422||ua||
1539638272||1539639295||1210568422||ua||
1539641344||1539642367||1210568422||ua||
1539643392||1539644415||1210568422||ua||
1539647488||1539648511||1210568422||ua||
1539648512||1539649535||1210568422||ua||
1539649536||1539650559||1210568422||ua||
1539650560||1539651583||1210568422||ua||
1539651584||1539652607||1210568422||ua||
1539654656||1539655679||1210568422||ua||
1539657728||1539658751||1210568422||ua||
1539663872||1539664895||1210568422||ua||
1539667968||1539668991||1210568422||ua||
1539668992||1539670015||1210568422||ua||
1539670016||1539671039||1210568422||ua||
1539671040||1539672063||1210568422||ua||
1539674112||1539675135||1210568422||ua||
1539677184||1539678207||1210568422||ua||
1539680256||1539681279||1210568422||ua||
1539682304||1539683327||1210568422||ua||
1539684352||1539685375||1210568422||ua||
1539689472||1539690495||1210568422||ua||
1539692544||1539693567||1210568422||ua||
1539693568||1539694591||1210568422||ua||
1539697664||1539698687||1210568422||ua||
1539698688||1539699711||1210568422||ua||
1539701760||1539702783||1210568422||ua||
1539703040||1539703295||1210568422||ua||
1539705344||1539705599||1210568422||ua||
1539707904||1539708159||1210568422||ua||
1539710720||1539710975||1210568422||ua||
1539711488||1539711743||1210568422||ua||
1539712000||1539712255||1210568422||ua||
1539713024||1539713279||1210568422||ua||
1539714560||1539714815||1210568422||ua||
1539715584||1539715839||1210568422||ua||
1539724032||1539724287||1210568422||ua||
1539724800||1539725055||1210568422||ua||
1539728640||1539728895||1210568422||ua||
1539730688||1539730943||1210568422||ua||
1539732480||1539732735||1210568422||ua||
1539736832||1539737087||1210568422||ua||
1539738624||1539738879||1210568422||ua||
1539739392||1539739647||1210568422||ua||
1539741952||1539742207||1210568422||ua||
1539746560||1539746815||1210568422||ua||
1539747584||1539747839||1210568422||ua||
1539750912||1539751167||1210568422||ua||
1539757824||1539758079||1210568422||ua||
1539762432||1539762687||1210568422||ua||
1539762944||1539763199||1210568422||ua||
1539766528||1539766783||1210568422||ua||
1539771648||1539771903||1210568422||ua||
1539775488||1539775743||1210568422||ua||
1539776768||1539777023||1210568422||ua||
1539777024||1539777279||1210568422||ua||
1539777280||1539777535||1210568422||ua||
1539777792||1539778047||1210568422||ua||
1539782144||1539782399||1210568422||ua||
1539785472||1539785727||1210568422||ua||
1539787520||1539787775||1210568422||ua||
1539789312||1539789567||1210568422||ua||
1539791616||1539791871||1210568422||ua||
1539791872||1539792127||1210568422||ua||
1539792128||1539792383||1210568422||ua||
1539795456||1539795711||1210568422||ua||
1539797760||1539798015||1210568422||ua||
1539803648||1539803903||1210568422||ua||
1539803904||1539804159||1210568422||ua||
1539804928||1539805183||1210568422||ua||
1539805184||1539805439||1210568422||ua||
1539810048||1539810303||1210568422||ua||
1539814912||1539815167||1210568422||ua||
1539816448||1539816703||1210568422||ua||
1539817984||1539818239||1210568422||ua||
1539821056||1539821311||1210568422||ua||
1539825152||1539825407||1210568422||ua||
1539831040||1539831295||1210568422||ua||
1539833856||1539834879||1210568422||ua||
1539834880||1539835903||1210568422||ua||
1539835904||1539836927||1210568422||ua||
1539836928||1539837951||1210568422||ua||
1539844096||1539845119||1210568422||ua||
1539845120||1539846143||1210568422||ua||
1539847168||1539848191||1210568422||ua||
1539848192||1539849215||1210568422||ua||
1539849216||1539850239||1210568422||ua||
1539852288||1539853311||1210568422||ua||
1539854336||1539855359||1210568422||ua||
1539856384||1539857407||1210568422||ua||
1539860480||1539861503||1210568422||ua||
1539865600||1539866623||1210568422||ua||
1539867648||1539868671||1210568422||ua||
1539868672||1539869695||1210568422||ua||
1539873792||1539874815||1210568422||ua||
1539874816||1539875839||1210568422||ua||
1539875840||1539876863||1210568422||ua||
1539878912||1539879935||1210568422||ua||
1539879936||1539880959||1210568422||ua||
1539881984||1539883007||1210568422||ua||
1539885056||1539886079||1210568422||ua||
1539888128||1539889151||1210568422||ua||
1539890176||1539891199||1210568422||ua||
1539893248||1539894271||1210568422||ua||
1539895296||1539896319||1210568422||ua||
1539896320||1539897343||1210568422||ua||
1539897344||1539898367||1210568422||ua||
1539898368||1539899391||1210568422||ua||
1539900416||1539901439||1210568422||ua||
1539902464||1539903487||1210568422||ua||
1539905536||1539906559||1210568422||ua||
1539906560||1539907583||1210568422||ua||
1539907584||1539908607||1210568422||ua||
1539908608||1539909631||1210568422||ua||
1539909632||1539910655||1210568422||ua||
1539916800||1539917823||1210568422||ua||
1539920896||1539921919||1210568422||ua||
1539923968||1539924991||1210568422||ua||
1539926016||1539927039||1210568422||ua||
1539927040||1539928063||1210568422||ua||
1539928064||1539929087||1210568422||ua||
1539931136||1539932159||1210568422||ua||
1539936256||1539937279||1210568422||ua||
1539939328||1539940351||1210568422||ua||
1539942400||1539943423||1210568422||ua||
1539945472||1539946495||1210568422||ua||
1539947520||1539948543||1210568422||ua||
1539949568||1539950591||1210568422||ua||
1539953664||1539954687||1210568422||ua||
1539958784||1539959807||1210568422||ua||
1539959808||1539960831||1210568422||ua||
1539960832||1539961855||1210568422||ua||
1539961856||1539962879||1210568422||ua||
1539962880||1539963903||1210568422||ua||
1539964928||1539965951||1210568422||ua||
1539966976||1539967999||1210568422||ua||
1539978240||1539979263||1210568422||ua||
1539979264||1539980287||1210568422||ua||
1539983360||1539984383||1210568422||ua||
1539984384||1539985407||1210568422||ua||
1539991552||1539992575||1210568422||ua||
1539992576||1539993599||1210568422||ua||
1539997696||1539998719||1210568422||ua||
1539998720||1539999743||1210568422||ua||
1540001792||1540002815||1210568422||ua||
1540005888||1540006911||1210568422||ua||
1540018176||1540019199||1210568422||ua||
1540019200||1540020223||1210568422||ua||
1540026368||1540027391||1210568422||ua||
1540027392||1540028415||1210568422||ua||
1540031488||1540032511||1210568422||ua||
1540033536||1540034559||1210568422||ua||
1540036608||1540037631||1210568422||ua||
1540041728||1540042751||1210568422||ua||
1540042752||1540043775||1210568422||ua||
1540045824||1540046847||1210568422||ua||
1540049920||1540050943||1210568422||ua||
1540052992||1540054015||1210568422||ua||
1540054016||1540055039||1210568422||ua||
1540059136||1540060159||1210568422||ua||
1540062208||1540063231||1210568422||ua||
1540065280||1540066303||1210568422||ua||
1540066304||1540067327||1210568422||ua||
1540067328||1540068351||1210568422||ua||
1540072448||1540073471||1210568422||ua||
1540076544||1540077567||1210568422||ua||
1546764288||1546780671||1210568422||ua||
1546944512||1546960895||1210568422||ua||
1547481088||1547485183||1210568422||ua||
1550843904||1550974975||1210568422||ua||
1559257088||1559265279||1210568422||ua||
1559388160||1559396351||1210568422||ua||
1559519232||1559527423||1210568422||ua||
1559822336||1559838719||1210568422||ua||
1559838720||1559855103||1210568422||ua||
1564999680||1565523967||1210568422||ua||
1566060544||1566064639||1210568422||ua||
1566167040||1566171135||1210568422||ua||
1566554112||1566556159||1210568422||ua||
1568604160||1568636927||1210568422||ua||
1571995648||1572012031||1210568422||ua||
1572126720||1572143103||1210568422||ua||
1572610048||1572612095||1210568422||ua||
1572642816||1572644863||1210568422||ua||
3238060800||3238061055||1210568422||ua||
3238061056||3238061311||1210568422||ua||
3238064128||3238064383||1210568422||ua||
3238065920||3238066175||1210568422||ua||
3238632960||3238633215||1210568422||ua||
3239062784||3239063039||1210568422||ua||
3239063296||3239063551||1210568422||ua||
3239077120||3239077375||1210568422||ua||
3239078144||3239078399||1210568422||ua||
3239110912||3239111167||1210568422||ua||
3239112192||3239112447||1210568422||ua||
3239114496||3239114751||1210568422||ua||
3239128576||3239128831||1210568422||ua||
3239134464||3239134719||1210568422||ua||
3239161344||3239161599||1210568422||ua||
3239170048||3239170303||1210568422||ua||
3239171328||3239171583||1210568422||ua||
3239172096||3239172351||1210568422||ua||
3239172352||3239172607||1210568422||ua||
3239174656||3239174911||1210568422||ua||
3239175168||3239175423||1210568422||ua||
3239181568||3239181823||1210568422||ua||
3239266816||3239267327||1210568422||ua||
3239269376||3239269887||1210568422||ua||
3239269888||3239270399||1210568422||ua||
3239272448||3239272959||1210568422||ua||
3239273472||3239273983||1210568422||ua||
3239275520||3239276031||1210568422||ua||
3239276032||3239276543||1210568422||ua||
3239281664||3239282687||1210568422||ua||
3239284736||3239285759||1210568422||ua||
3239286784||3239287807||1210568422||ua||
3239294976||3239295999||1210568422||ua||
3239299072||3239300095||1210568422||ua||
3239300096||3239301119||1210568422||ua||
3239306240||3239307263||1210568422||ua||
3239309312||3239310335||1210568422||ua||
3239310336||3239311359||1210568422||ua||
3239312384||3239313407||1210568422||ua||
3239446016||3239446271||1210568422||ua||
3239465984||3239466239||1210568422||ua||
3239479808||3239480063||1210568422||ua||
3239480320||3239480575||1210568422||ua||
3239510016||3239510271||1210568422||ua||
3239523584||3239523839||1210568422||ua||
3239525376||3239525631||1210568422||ua||
3239541248||3239541503||1210568422||ua||
3239550208||3239550463||1210568422||ua||
3239556352||3239556607||1210568422||ua||
3239556864||3239557119||1210568422||ua||
3239567616||3239567871||1210568422||ua||
3239581952||3239582207||1210568422||ua||
3239583232||3239583487||1210568422||ua||
3239634944||3239635967||1210568422||ua||
3239668224||3239668735||1210568422||ua||
3239668736||3239669247||1210568422||ua||
3239686144||3239686655||1210568422||ua||
3239687168||3239687679||1210568422||ua||
3239706368||3239706623||1210568422||ua||
3239707392||3239707647||1210568422||ua||
3239709952||3239710207||1210568422||ua||
3239711744||3239711999||1210568422||ua||
3239713536||3239713791||1210568422||ua||
3239740928||3239741183||1210568422||ua||
3239772160||3239772415||1210568422||ua||
3239784192||3239784447||1210568422||ua||
3239789568||3239790079||1210568422||ua||
3239792640||3239793151||1210568422||ua||
3239825408||3239825919||1210568422||ua||
3239832064||3239832575||1210568422||ua||
3239834112||3239834623||1210568422||ua||
3239859456||3239859711||1210568422||ua||
3239859968||3239860223||1210568422||ua||
3239861248||3239861503||1210568422||ua||
3239883008||3239883263||1210568422||ua||
3239885312||3239885567||1210568422||ua||
3239888896||3239889151||1210568422||ua||
3239916800||3239917055||1210568422||ua||
3239936000||3239936255||1210568422||ua||
3239955200||3239955455||1210568422||ua||
3239955456||3239955711||1210568422||ua||
3239959552||3239959807||1210568422||ua||
3240031232||3240032255||1210568422||ua||
3240105216||3240105471||1210568422||ua||
3240167936||3240168447||1210568422||ua||
3240172032||3240172543||1210568422||ua||
3240172544||3240173055||1210568422||ua||
3240175104||3240175615||1210568422||ua||
3240176640||3240177151||1210568422||ua||
3240177664||3240178175||1210568422||ua||
3240179200||3240179711||1210568422||ua||
3240181248||3240181759||1210568422||ua||
3240181760||3240182271||1210568422||ua||
3240182784||3240183295||1210568422||ua||
3240183296||3240183807||1210568422||ua||
3240185856||3240186367||1210568422||ua||
3240186368||3240186879||1210568422||ua||
3240186880||3240187391||1210568422||ua||
3240187392||3240187903||1210568422||ua||
3240192000||3240192511||1210568422||ua||
3240202752||3240203263||1210568422||ua||
3240209408||3240209919||1210568422||ua||
3240215552||3240216063||1210568422||ua||
3240217088||3240217599||1210568422||ua||
3240217600||3240218111||1210568422||ua||
3240218112||3240218623||1210568422||ua||
3240219648||3240220159||1210568422||ua||
3240225792||3240226303||1210568422||ua||
3240232960||3240233983||1210568422||ua||
3240233984||3240235007||1210568422||ua||
3240236032||3240237055||1210568422||ua||
3240246272||3240247295||1210568422||ua||
3240249344||3240250367||1210568422||ua||
3240250368||3240251391||1210568422||ua||
3240254464||3240255487||1210568422||ua||
3240255488||3240256511||1210568422||ua||
3240263680||3240264191||1210568422||ua||
3240266752||3240267263||1210568422||ua||
3240270336||3240270847||1210568422||ua||
3240271872||3240272383||1210568422||ua||
3240273920||3240274431||1210568422||ua||
3240274944||3240275455||1210568422||ua||
3240278016||3240278527||1210568422||ua||
3240280448||3240280575||1210568422||ua||
3240302848||3240303103||1210568422||ua||
3240409856||3240410111||1210568422||ua||
3240461568||3240461823||1210568422||ua||
3240463616||3240463871||1210568422||ua||
3240467456||3240467711||1210568422||ua||
3240576256||3240576511||1210568422||ua||
3240577024||3240577279||1210568422||ua||
3240577792||3240578559||1210568422||ua||
3240587776||3240588031||1210568422||ua||
3240588800||3240589055||1210568422||ua||
3240690688||3240691199||1210568422||ua||
3240699392||3240699647||1210568422||ua||
3240701952||3240702975||1210568422||ua||
3240705024||3240706047||1210568422||ua||
3240710144||3240710399||1210568422||ua||
3240712192||3240712447||1210568422||ua||
3240722432||3240723455||1210568422||ua||
3240730624||3240731647||1210568422||ua||
3240733696||3240734719||1210568422||ua||
3240736768||3240737791||1210568422||ua||
3240738816||3240739071||1210568422||ua||
3240745472||3240745983||1210568422||ua||
3240750848||3240751103||1210568422||ua||
3240845056||3240845311||1210568422||ua||
3240858624||3240858879||1210568422||ua||
3240877568||3240878079||1210568422||ua||
3240884224||3240885247||1210568422||ua||
3241029120||3241029375||1210568422||ua||
3241034240||3241034495||1210568422||ua||
3241038080||3241038335||1210568422||ua||
3241039360||3241039615||1210568422||ua||
3241040128||3241040383||1210568422||ua||
3241068800||3241069055||1210568422||ua||
3241071104||3241071359||1210568422||ua||
3241100800||3241101055||1210568422||ua||
3241104640||3241104895||1210568422||ua||
3241117952||3241118207||1210568422||ua||
3241120000||3241120255||1210568422||ua||
3241125376||3241125631||1210568422||ua||
3241803904||3241804031||1210568422||ua||
3241867264||3241867519||1210568422||ua||
3241868032||3241868287||1210568422||ua||
3241868800||3241869055||1210568422||ua||
3243512576||3243512831||1210568422||ua||
3243520512||3243520767||1210568422||ua||
3243526144||3243526399||1210568422||ua||
3243527424||3243527679||1210568422||ua||
3243530752||3243531007||1210568422||ua||
3244100608||3244101631||1210568422||ua||
3244101632||3244102655||1210568422||ua||
3244109824||3244110847||1210568422||ua||
3244116992||3244118015||1210568422||ua||
3244123136||3244124159||1210568422||ua||
3244125184||3244126207||1210568422||ua||
3244127232||3244128255||1210568422||ua||
3244138496||3244139519||1210568422||ua||
3244144640||3244145663||1210568422||ua||
3244145664||3244146687||1210568422||ua||
3244146688||3244147711||1210568422||ua||
3244151808||3244152831||1210568422||ua||
3244155904||3244156927||1210568422||ua||
3244160000||3244161023||1210568422||ua||
3245089792||3245090303||1210568422||ua||
3245090304||3245090815||1210568422||ua||
3245091840||3245092351||1210568422||ua||
3245092352||3245092863||1210568422||ua||
3245092864||3245093887||1210568422||ua||
3245094912||3245095935||1210568422||ua||
3245106688||3245107199||1210568422||ua||
3245107200||3245107711||1210568422||ua||
3245109248||3245110271||1210568422||ua||
3245110272||3245111295||1210568422||ua||
3245111296||3245112319||1210568422||ua||
3245112320||3245113343||1210568422||ua||
3245113344||3245113855||1210568422||ua||
3245113856||3245114367||1210568422||ua||
3245122048||3245122559||1210568422||ua||
3245124096||3245124607||1210568422||ua||
3245134080||3245134335||1210568422||ua||
3245138432||3245138943||1210568422||ua||
3245140992||3245141503||1210568422||ua||
3245142016||3245143039||1210568422||ua||
3245144064||3245145087||1210568422||ua||
3245148160||3245149183||1210568422||ua||
3245166592||3245166847||1210568422||ua||
3245167616||3245167871||1210568422||ua||
3245169920||3245170175||1210568422||ua||
3245171712||3245172735||1210568422||ua||
3245173760||3245174783||1210568422||ua||
3245176320||3245176575||1210568422||ua||
3245178880||3245179391||1210568422||ua||
3245182976||3245183999||1210568422||ua||
3245187072||3245188095||1210568422||ua||
3245188096||3245189119||1210568422||ua||
3245189120||3245190143||1210568422||ua||
3245207552||3245208063||1210568422||ua||
3245209600||3245210111||1210568422||ua||
3245215744||3245216767||1210568422||ua||
3245216768||3245217791||1210568422||ua||
3245231104||3245232127||1210568422||ua||
3245234432||3245234687||1210568422||ua||
3245237248||3245237759||1210568422||ua||
3245238784||3245239295||1210568422||ua||
3245243392||3245244415||1210568422||ua||
3245245952||3245246207||1210568422||ua||
3245248512||3245248767||1210568422||ua||
3245251584||3245251839||1210568422||ua||
3245252608||3245253119||1210568422||ua||
3245253120||3245253631||1210568422||ua||
3245254656||3245255167||1210568422||ua||
3245255680||3245256191||1210568422||ua||
3245256192||3245256703||1210568422||ua||
3245256704||3245257215||1210568422||ua||
3245258752||3245259263||1210568422||ua||
3245259776||3245260287||1210568422||ua||
3245277184||3245277695||1210568422||ua||
3245277696||3245278207||1210568422||ua||
3245278720||3245279231||1210568422||ua||
3245279232||3245279743||1210568422||ua||
3245289472||3245290495||1210568422||ua||
3245292544||3245293567||1210568422||ua||
3245298432||3245298687||1210568422||ua||
3245298944||3245299199||1210568422||ua||
3245306368||3245306879||1210568422||ua||
3245309440||3245309951||1210568422||ua||
3245321472||3245321727||1210568422||ua||
3245325312||3245326335||1210568422||ua||
3245329408||3245329919||1210568422||ua||
3245338368||3245338623||1210568422||ua||
3245338624||3245339647||1210568422||ua||
3245340672||3245341695||1210568422||ua||
3247066368||3247066623||1210568422||ua||
3247068160||3247068415||1210568422||ua||
3247068928||3247069183||1210568422||ua||
3247070464||3247070719||1210568422||ua||
3247075840||3247076095||1210568422||ua||
3247077888||3247078143||1210568422||ua||
3247080448||3247081471||1210568422||ua||
3247083520||3247084543||1210568422||ua||
3247093760||3247094783||1210568422||ua||
3247106048||3247107071||1210568422||ua||
3247107072||3247108095||1210568422||ua||
3247109120||3247110143||1210568422||ua||
3247340544||3247340799||1210568422||ua||
3247363328||3247363583||1210568422||ua||
3247364608||3247364863||1210568422||ua||
3247364864||3247365119||1210568422||ua||
3247365376||3247365631||1210568422||ua||
3247901696||3247902719||1210568422||ua||
3247912960||3247913983||1210568422||ua||
3247925248||3247926271||1210568422||ua||
3247960064||3247961087||1210568422||ua||
3248774144||3248775167||1210568422||ua||
3248783872||3248784127||1210568422||ua||
3248788736||3248788991||1210568422||ua||
3248810080||3248810111||1210568422||ua||
3249699840||3249700863||1210568422||ua||
3249704960||3249705983||1210568422||ua||
3249712128||3249712383||1210568422||ua||
3249715968||3249716223||1210568422||ua||
3249716736||3249716991||1210568422||ua||
3249716992||3249717247||1210568422||ua||
3249726464||3249726975||1210568422||ua||
3249728512||3249729023||1210568422||ua||
3249731584||3249732607||1210568422||ua||
3250194688||3250194943||1210568422||ua||
3250196224||3250196479||1210568422||ua||
3250411520||3250412031||1210568422||ua||
3250413568||3250414079||1210568422||ua||
3250421248||3250421759||1210568422||ua||
3250589568||3250589631||1210568422||ua||
3250594816||3250595327||1210568422||ua||
3250700288||3250708479||1210568422||ua||
3251115520||3251115775||1210568422||ua||
3251118080||3251118591||1210568422||ua||
3251119104||3251119615||1210568422||ua||
3251119616||3251120127||1210568422||ua||
3251125760||3251126271||1210568422||ua||
3251126272||3251126783||1210568422||ua||
3251127296||3251127807||1210568422||ua||
3251129344||3251129855||1210568422||ua||
3251131392||3251131903||1210568422||ua||
3251132416||3251132927||1210568422||ua||
3251148544||3251148799||1210568422||ua||
3251150848||3251151103||1210568422||ua||
3251151104||3251151359||1210568422||ua||
3251152640||3251152895||1210568422||ua||
3251153152||3251153407||1210568422||ua||
3251154176||3251154431||1210568422||ua||
3251154688||3251154943||1210568422||ua||
3251155712||3251155967||1210568422||ua||
3251156736||3251156991||1210568422||ua||
3251158528||3251158783||1210568422||ua||
3251160832||3251161087||1210568422||ua||
3251162368||3251162623||1210568422||ua||
3251163392||3251163647||1210568422||ua||
3251164160||3251164415||1210568422||ua||
3251165952||3251166207||1210568422||ua||
3251168512||3251168767||1210568422||ua||
3251171072||3251171327||1210568422||ua||
3251172864||3251173119||1210568422||ua||
3251173376||3251173631||1210568422||ua||
3251174144||3251174399||1210568422||ua||
3251175168||3251175423||1210568422||ua||
3251182080||3251182591||1210568422||ua||
3251190784||3251191807||1210568422||ua||
3251195904||3251196927||1210568422||ua||
3251200512||3251200767||1210568422||ua||
3251200768||3251201023||1210568422||ua||
3251201024||3251201279||1210568422||ua||
3251205120||3251205631||1210568422||ua||
3251211264||3251212287||1210568422||ua||
3251213184||3251213215||1210568422||ua||
3251214016||3251214079||1210568422||ua||
3251214464||3251214591||1210568422||ua||
3251215360||3251215487||1210568422||ua||
3251220224||3251220479||1210568422||ua||
3251224576||3251225087||1210568422||ua||
3251226112||3251226623||1210568422||ua||
3251228160||3251228671||1210568422||ua||
3251228672||3251229695||1210568422||ua||
3251230720||3251231743||1210568422||ua||
3251232768||3251233791||1210568422||ua||
3251245824||3251246079||1210568422||ua||
3251269120||3251269375||1210568422||ua||
3251315712||3251316735||1210568422||ua||
3251316736||3251317759||1210568422||ua||
3251318784||3251319807||1210568422||ua||
3251362304||3251362815||1210568422||ua||
3251366912||3251367423||1210568422||ua||
3252324352||3252325375||1210568422||ua||
3252325376||3252326399||1210568422||ua||
3252326400||3252327423||1210568422||ua||
3252329472||3252330495||1210568422||ua||
3252380416||3252380671||1210568422||ua||
3252386816||3252387071||1210568422||ua||
3252580096||3252580351||1210568422||ua||
3252642304||3252642559||1210568422||ua||
3252903936||3252904191||1210568422||ua||
3252904192||3252904447||1210568422||ua||
3252904448||3252904703||1210568422||ua||
3252908800||3252909055||1210568422||ua||
3252909824||3252910079||1210568422||ua||
3252910080||3252910335||1210568422||ua||
3252932096||3252932607||1210568422||ua||
3252932608||3252933631||1210568422||ua||
3252938240||3252938751||1210568422||ua||
3252943360||3252943871||1210568422||ua||
3252945408||3252945663||1210568422||ua||
3252982784||3252983039||1210568422||ua||
3253605376||3253606399||1210568422||ua||
3253608448||3253609471||1210568422||ua||
3253611520||3253612543||1210568422||ua||
3253612544||3253613567||1210568422||ua||
3253624832||3253625855||1210568422||ua||
3253627904||3253628927||1210568422||ua||
3253629952||3253630975||1210568422||ua||
3253639168||3253640191||1210568422||ua||
3253649408||3253650431||1210568422||ua||
3253671936||3253672959||1210568422||ua||
3253683200||3253684223||1210568422||ua||
3253684224||3253685247||1210568422||ua||
3253687296||3253688319||1210568422||ua||
3253698560||3253699071||1210568422||ua||
3253699584||3253700095||1210568422||ua||
3253702144||3253702655||1210568422||ua||
3253704704||3253705215||1210568422||ua||
3253709312||3253709823||1210568422||ua||
3253711360||3253711871||1210568422||ua||
3253711872||3253712383||1210568422||ua||
3253721088||3253721599||1210568422||ua||
3253724160||3253724671||1210568422||ua||
3253725696||3253726207||1210568422||ua||
3253726720||3253727231||1210568422||ua||
3253729792||3253730303||1210568422||ua||
3253730816||3253731327||1210568422||ua||
3253967872||3253968383||1210568422||ua||
3253968384||3253968895||1210568422||ua||
3254699008||3254699519||1210568422||ua||
3254702080||3254702591||1210568422||ua||
3254704128||3254704639||1210568422||ua||
3254704640||3254705151||1210568422||ua||
3254705152||3254705663||1210568422||ua||
3254706176||3254706687||1210568422||ua||
3254706688||3254707199||1210568422||ua||
3254708224||3254708735||1210568422||ua||
3254708736||3254709247||1210568422||ua||
3254802432||3254803455||1210568422||ua||
3254806528||3254807551||1210568422||ua||
3254807552||3254808575||1210568422||ua||
3254809600||3254810623||1210568422||ua||
3254813440||3254813695||1210568422||ua||
3254815232||3254815487||1210568422||ua||
3254817792||3254818047||1210568422||ua||
3254818304||3254818559||1210568422||ua||
3254821376||3254821631||1210568422||ua||
3254827776||3254828031||1210568422||ua||
3254831104||3254831359||1210568422||ua||
3254832640||3254832895||1210568422||ua||
3254840576||3254840831||1210568422||ua||
3254890752||3254891007||1210568422||ua||
3254894848||3254895103||1210568422||ua||
3254895360||3254895615||1210568422||ua||
3255223296||3255224319||1210568422||ua||
3255232256||3255233023||1210568422||ua||
3255317248||3255317503||1210568422||ua||
3255318528||3255318783||1210568422||ua||
3255320576||3255321087||1210568422||ua||
3255369728||3255370239||1210568422||ua||
3255370240||3255370751||1210568422||ua||
3255373312||3255373823||1210568422||ua||
3255378944||3255379455||1210568422||ua||
3255382528||3255383039||1210568422||ua||
3255387136||3255387647||1210568422||ua||
3255387648||3255388159||1210568422||ua||
3256394240||3256394751||1210568422||ua||
3256399360||3256399871||1210568422||ua||
3256399872||3256400383||1210568422||ua||
3256400384||3256400895||1210568422||ua||
3256401408||3256401919||1210568422||ua||
3256413184||3256413695||1210568422||ua||
3256415744||3256416255||1210568422||ua||
3256695808||3256696831||1210568422||ua||
3256727552||3256728575||1210568422||ua||
3256732928||3256733183||1210568422||ua||
3256788992||3256789247||1210568422||ua||
3256789504||3256789759||1210568422||ua||
3256790016||3256790271||1210568422||ua||
3256945664||3256945919||1210568422||ua||
3256946432||3256946687||1210568422||ua||
3256988672||3256988927||1210568422||ua||
3256988928||3256989183||1210568422||ua||
3256990720||3256990975||1210568422||ua||
3256990976||3256991231||1210568422||ua||
3257268224||3257268479||1210568422||ua||
3257559552||3257560063||1210568422||ua||
3257581568||3257585663||1210568422||ua||
3257663488||3257729023||1210568422||ua||
3257970432||3257970687||1210568422||ua||
3257979904||3257980159||1210568422||ua||
3258056704||3258056959||1210568422||ua||
3258069760||3258070015||1210568422||ua||
3258077440||3258077695||1210568422||ua||
3258078464||3258078719||1210568422||ua||
3258081792||3258082047||1210568422||ua||
3258085888||3258086143||1210568422||ua||
3258086400||3258086655||1210568422||ua||
3258087168||3258087423||1210568422||ua||
3258088704||3258088959||1210568422||ua||
3258097920||3258098175||1210568422||ua||
3258099456||3258099711||1210568422||ua||
3258099968||3258100223||1210568422||ua||
3258121728||3258121983||1210568422||ua||
3258338304||3258339327||1210568422||ua||
3258339328||3258340351||1210568422||ua||
3258341376||3258342399||1210568422||ua||
3258357760||3258358783||1210568422||ua||
3258358784||3258359807||1210568422||ua||
3258365952||3258366975||1210568422||ua||
3258729728||3258729983||1210568422||ua||
3258731776||3258732031||1210568422||ua||
3258944512||3258945535||1210568422||ua||
3259959296||3259960319||1210568422||ua||
3259962368||3259963391||1210568422||ua||
3259972608||3259973631||1210568422||ua||
3260547328||3260547583||1210568422||ua||
3260549888||3260550143||1210568422||ua||
3260585472||3260585983||1210568422||ua||
3260585984||3260586495||1210568422||ua||
3260602880||3260603391||1210568422||ua||
3260603392||3260603903||1210568422||ua||
3260915712||3260923903||1210568422||ua||
3261696000||3261696511||1210568422||ua||
3261698048||3261698559||1210568422||ua||
3261779968||3261780479||1210568422||ua||
3261782016||3261782527||1210568422||ua||
3261782528||3261783039||1210568422||ua||
3261822208||3261822463||1210568422||ua||
3261824256||3261824511||1210568422||ua||
3262009088||3262009343||1210568422||ua||
3262021120||3262021375||1210568422||ua||
3262021888||3262022143||1210568422||ua||
3262029824||3262030847||1210568422||ua||
3262042624||3262042879||1210568422||ua||
3262044928||3262045183||1210568422||ua||
3262053376||3262053631||1210568422||ua||
3262053632||3262053887||1210568422||ua||
3262053888||3262054143||1210568422||ua||
3262284800||3262285823||1210568422||ua||
3262285824||3262286847||1210568422||ua||
3262423552||3262424063||1210568422||ua||
3262425600||3262426111||1210568422||ua||
3262431744||3262432255||1210568422||ua||
3262440448||3262440959||1210568422||ua||
3262441472||3262441983||1210568422||ua||
3262444544||3262445055||1210568422||ua||
3262460416||3262460543||1210568422||ua||
3262461696||3262461823||1210568422||ua||
3263029248||3263030271||1210568422||ua||
3263034368||3263034879||1210568422||ua||
3263035392||3263035903||1210568422||ua||
3263089664||3263089919||1210568422||ua||
3264013312||3264013567||1210568422||ua||
3264013568||3264013823||1210568422||ua||
3264015616||3264015871||1210568422||ua||
3264186368||3264186879||1210568422||ua||
3264189440||3264189951||1210568422||ua||
3264189952||3264190463||1210568422||ua||
3264312576||3264312831||1210568422||ua||
3264333312||3264333823||1210568422||ua||
3264337920||3264338431||1210568422||ua||
3264340736||3264340991||1210568422||ua||
3264376320||3264376575||1210568422||ua||
3264376832||3264377087||1210568422||ua||
3264377856||3264378111||1210568422||ua||
3264381952||3264382975||1210568422||ua||
3264382976||3264383999||1210568422||ua||
3264384000||3264385023||1210568422||ua||
3264388096||3264389119||1210568422||ua||
3264394240||3264395263||1210568422||ua||
3264396288||3264397311||1210568422||ua||
3264400384||3264401407||1210568422||ua||
3264404480||3264405503||1210568422||ua||
3264406528||3264407551||1210568422||ua||
3264629760||3264630783||1210568422||ua||
3264636928||3264637951||1210568422||ua||
3264654848||3264655359||1210568422||ua||
3264659456||3264659967||1210568422||ua||
3264666624||3264667135||1210568422||ua||
3264669696||3264670207||1210568422||ua||
3264839680||3264839935||1210568422||ua||
3264839936||3264840191||1210568422||ua||
3264844800||3264845311||1210568422||ua||
3265904896||3265905151||1210568422||ua||
3265907968||3265908223||1210568422||ua||
3265908224||3265908479||1210568422||ua||
3265908480||3265908735||1210568422||ua||
3265909248||3265909503||1210568422||ua||
3265916416||3265916671||1210568422||ua||
3266339072||3266339327||1210568422||ua||
3266343424||3266343679||1210568422||ua||
3266344192||3266344447||1210568422||ua||
3266344448||3266344703||1210568422||ua||
3266813952||3266822143||1210568422||ua||
3267041280||3267042303||1210568422||ua||
3267042304||3267043327||1210568422||ua||
3267047424||3267048447||1210568422||ua||
3267049472||3267050495||1210568422||ua||
3267059712||3267060735||1210568422||ua||
3267061760||3267062783||1210568422||ua||
3267062784||3267063807||1210568422||ua||
3267067904||3267068927||1210568422||ua||
3267073024||3267074047||1210568422||ua||
3267074048||3267075071||1210568422||ua||
3267088384||3267089407||1210568422||ua||
3267090432||3267091455||1210568422||ua||
3267093504||3267094527||1210568422||ua||
3268744960||3268745215||1210568422||ua||
3270653184||3270653439||1210568422||ua||
3270654720||3270654975||1210568422||ua||
3270654976||3270655231||1210568422||ua||
3270664192||3270665215||1210568422||ua||
3270665216||3270666239||1210568422||ua||
3270669312||3270670335||1210568422||ua||
3270927104||3270927359||1210568422||ua||
3270928384||3270928895||1210568422||ua||
3270931456||3270931967||1210568422||ua||
3270932480||3270932991||1210568422||ua||
3271748608||3271749119||1210568422||ua||
3271749632||3271750143||1210568422||ua||
3271750144||3271750655||1210568422||ua||
3271786496||3271787519||1210568422||ua||
3271787520||3271788543||1210568422||ua||
3271791616||3271792639||1210568422||ua||
3271793664||3271794687||1210568422||ua||
3271799808||3271800831||1210568422||ua||
3271803904||3271804927||1210568422||ua||
3271805952||3271806975||1210568422||ua||
3271811072||3271812095||1210568422||ua||
3271814144||3271815167||1210568422||ua||
3271816192||3271817215||1210568422||ua||
3271818240||3271819263||1210568422||ua||
3271884800||3271892991||1210568422||ua||
3271892992||3271901183||1210568422||ua||
3271911936||3271912447||1210568422||ua||
3271912448||3271912959||1210568422||ua||
3271916544||3271917055||1210568422||ua||
3271931904||3271932159||1210568422||ua||
3272132608||3272133119||1210568422||ua||
3272137216||3272137727||1210568422||ua||
3272266240||3272266495||1210568422||ua||
3272268288||3272268543||1210568422||ua||
3272352768||3272353791||1210568422||ua||
3272421120||3272421375||1210568422||ua||
3272478976||3272479231||1210568422||ua||
3272625152||3272626175||1210568422||ua||
3272868864||3272869887||1210568422||ua||
3272875008||3272876031||1210568422||ua||
3272892416||3272892927||1210568422||ua||
3272893440||3272893951||1210568422||ua||
3272893952||3272894463||1210568422||ua||
3272898048||3272898559||1210568422||ua||
3272899584||3272900095||1210568422||ua||
3272900608||3272908799||1210568422||ua||
3273025536||3273026559||1210568422||ua||
3273027584||3273028607||1210568422||ua||
3273032192||3273032703||1210568422||ua||
3273032704||3273033215||1210568422||ua||
3273034752||3273035263||1210568422||ua||
3273037824||3273038335||1210568422||ua||
3273146368||3273148415||1210568422||ua||
3273162752||3273170943||1210568422||ua||
3273189888||3273190399||1210568422||ua||
3273191936||3273192447||1210568422||ua||
3273194496||3273195007||1210568422||ua||
3273265152||3273265663||1210568422||ua||
3273265664||3273266175||1210568422||ua||
3273277440||3273278463||1210568422||ua||
3273278464||3273279487||1210568422||ua||
3273281536||3273282559||1210568422||ua||
3273282560||3273283583||1210568422||ua||
3273284608||3273285631||1210568422||ua||
3273392128||3273392639||1210568422||ua||
3273399808||3273400319||1210568422||ua||
3273439744||3273440255||1210568422||ua||
3273804288||3273804799||1210568422||ua||
3273808384||3273808895||1210568422||ua||
3273809408||3273809919||1210568422||ua||
3273835520||3273836543||1210568422||ua||
3273836544||3273837567||1210568422||ua||
3273837568||3273838591||1210568422||ua||
3273867520||3273867775||1210568422||ua||
3273872384||3273872895||1210568422||ua||
3274051584||3274052351||1210568422||ua||
3274163200||3274163711||1210568422||ua||
3274166784||3274167295||1210568422||ua||
3274167808||3274168319||1210568422||ua||
3274172416||3274172927||1210568422||ua||
3274174464||3274174975||1210568422||ua||
3274174976||3274175487||1210568422||ua||
3274176512||3274177023||1210568422||ua||
3274177536||3274178047||1210568422||ua||
3274335744||3274336255||1210568422||ua||
3274341888||3274342399||1210568422||ua||
3274342912||3274343423||1210568422||ua||
3274344448||3274344959||1210568422||ua||
3274385408||3274386431||1210568422||ua||
3274689024||3274689279||1210568422||ua||
3274691584||3274691839||1210568422||ua||
3274693376||3274693631||1210568422||ua||
3274700800||3274701055||1210568422||ua||
3274702080||3274702335||1210568422||ua||
3274801152||3274802175||1210568422||ua||
3274806272||3274807295||1210568422||ua||
3274810368||3274811391||1210568422||ua||
3274819584||3274821631||1210568422||ua||
3275415552||3275423743||1210568422||ua||
3275506176||3275506687||1210568422||ua||
3275507200||3275507711||1210568422||ua||
3275513024||3275513087||1210568422||ua||
3275513088||3275513151||1210568422||ua||
3275533824||3275534335||1210568422||ua||
3275536384||3275536895||1210568422||ua||
3275540480||3275541503||1210568422||ua||
3275541504||3275542527||1210568422||ua||
3275546624||3275547647||1210568422||ua||
3275623936||3275624447||1210568422||ua||
3275626496||3275627007||1210568422||ua||
3275629568||3275630079||1210568422||ua||
3275632640||3275633151||1210568422||ua||
3275633664||3275634175||1210568422||ua||
3275786240||3275786751||1210568422||ua||
3275787264||3275787775||1210568422||ua||
3275787776||3275788287||1210568422||ua||
3275789312||3275789823||1210568422||ua||
3275793920||3275794431||1210568422||ua||
3275800064||3275800575||1210568422||ua||
3275808768||3275816959||1210568422||ua||
3275899136||3275899391||1210568422||ua||
3275899392||3275899647||1210568422||ua||
3275902720||3275902975||1210568422||ua||
3275906304||3275906559||1210568422||ua||
3275909376||3275909631||1210568422||ua||
3275911680||3275911935||1210568422||ua||
3275912448||3275912703||1210568422||ua||
3275913216||3275913471||1210568422||ua||
3275917312||3275917823||1210568422||ua||
3275917824||3275918335||1210568422||ua||
3275918336||3275918847||1210568422||ua||
3275921408||3275921919||1210568422||ua||
3275931648||3275939839||1210568422||ua||
3276065280||3276065791||1210568422||ua||
3276068864||3276069375||1210568422||ua||
3276069376||3276069887||1210568422||ua||
3276070400||3276070911||1210568422||ua||
3276077056||3276077567||1210568422||ua||
3276095488||3276096511||1210568422||ua||
3276098560||3276099583||1210568422||ua||
3276104704||3276105727||1210568422||ua||
3276113920||3276114943||1210568422||ua||
3276122112||3276123135||1210568422||ua||
3276124160||3276125183||1210568422||ua||
3276127232||3276128255||1210568422||ua||
3276129280||3276130303||1210568422||ua||
3276130304||3276131327||1210568422||ua||
3276137472||3276138495||1210568422||ua||
3276315648||3276316671||1210568422||ua||
3276423936||3276424191||1210568422||ua||
3276425216||3276425471||1210568422||ua||
3276678656||3276679167||1210568422||ua||
3276683264||3276683775||1210568422||ua||
3276683776||3276684287||1210568422||ua||
3276684288||3276684799||1210568422||ua||
3276686336||3276686847||1210568422||ua||
3276687360||3276687871||1210568422||ua||
3276692480||3276692991||1210568422||ua||
3276728320||3276729343||1210568422||ua||
3276731392||3276732415||1210568422||ua||
3276733440||3276734463||1210568422||ua||
3276859136||3276859391||1210568422||ua||
3276859392||3276859647||1210568422||ua||
3276965888||3276966399||1210568422||ua||
3276969472||3276969983||1210568422||ua||
3277178112||3277178367||1210568422||ua||
3277178368||3277178623||1210568422||ua||
3277182464||3277182719||1210568422||ua||
3277182976||3277183231||1210568422||ua||
3277184768||3277185023||1210568422||ua||
3277187328||3277187583||1210568422||ua||
3277191680||3277191935||1210568422||ua||
3277486592||3277487103||1210568422||ua||
3277684736||3277685247||1210568422||ua||
3277687296||3277687807||1210568422||ua||
3277691392||3277691903||1210568422||ua||
3277692928||3277693439||1210568422||ua||
3277696000||3277696511||1210568422||ua||
3277699072||3277699583||1210568422||ua||
3277700096||3277700607||1210568422||ua||
3277700608||3277701119||1210568422||ua||
3277704192||3277704703||1210568422||ua||
3277705216||3277705727||1210568422||ua||
3277706240||3277706751||1210568422||ua||
3277706752||3277707263||1210568422||ua||
3277818624||3277818879||1210568422||ua||
3277820672||3277820927||1210568422||ua||
3277821696||3277821951||1210568422||ua||
3277823232||3277823487||1210568422||ua||
3277824512||3277824767||1210568422||ua||
3277825280||3277825535||1210568422||ua||
3277826816||3277827071||1210568422||ua||
3277830400||3277830655||1210568422||ua||
3277831424||3277831679||1210568422||ua||
3277835776||3277836287||1210568422||ua||
3277836800||3277837311||1210568422||ua||
3277839872||3277840383||1210568422||ua||
3277842432||3277842943||1210568422||ua||
3278767616||3278768127||1210568422||ua||
3279029760||3279030271||1210568422||ua||
3279035904||3279036415||1210568422||ua||
3279052800||3279053311||1210568422||ua||
3279058944||3279059455||1210568422||ua||
3279060992||3279069183||1210568422||ua||
3279618048||3279683583||1210568422||ua||
3279949824||3279950847||1210568422||ua||
3279991296||3279991807||1210568422||ua||
3280003584||3280004095||1210568422||ua||
3280004608||3280005119||1210568422||ua||
3280009216||3280009727||1210568422||ua||
3280010240||3280010751||1210568422||ua||
3280454656||3280455679||1210568422||ua||
3280465920||3280466943||1210568422||ua||
3280466944||3280467967||1210568422||ua||
3280578304||3280578559||1210568422||ua||
3280582912||3280583167||1210568422||ua||
3280584704||3280585215||1210568422||ua||
3280585728||3280586239||1210568422||ua||
3280587264||3280587775||1210568422||ua||
3280588288||3280588799||1210568422||ua||
3280593408||3280593919||1210568422||ua||
3280594944||3280595455||1210568422||ua||
3280596992||3280597503||1210568422||ua||
3280598016||3280598527||1210568422||ua||
3280599552||3280600063||1210568422||ua||
3280617472||3280625663||1210568422||ua||
3280642048||3280650239||1210568422||ua||
3280650496||3280650751||1210568422||ua||
3280651776||3280652031||1210568422||ua||
3280656640||3280656895||1210568422||ua||
3280656896||3280657151||1210568422||ua||
3280657152||3280657407||1210568422||ua||
3280775168||3280776191||1210568422||ua||
3280789504||3280790527||1210568422||ua||
3280794624||3280795647||1210568422||ua||
3280999680||3280999935||1210568422||ua||
3281000704||3281000959||1210568422||ua||
3281001472||3281001727||1210568422||ua||
3281339904||3281340159||1210568422||ua||
3281344512||3281344767||1210568422||ua||
3281345024||3281345279||1210568422||ua||
3281349632||3281349887||1210568422||ua||
3281350656||3281350911||1210568422||ua||
3281351168||3281351423||1210568422||ua||
3281353984||3281354239||1210568422||ua||
3281969152||3281969663||1210568422||ua||
3282092032||3282093055||1210568422||ua||
3282099200||3282100223||1210568422||ua||
3282102272||3282103295||1210568422||ua||
3282105344||3282106367||1210568422||ua||
3282739968||3282740223||1210568422||ua||
3282743808||3282744063||1210568422||ua||
3282744064||3282744319||1210568422||ua||
3283174400||3283175423||1210568422||ua||
3283175424||3283176447||1210568422||ua||
3283180544||3283181567||1210568422||ua||
3283185664||3283186687||1210568422||ua||
3283186688||3283187711||1210568422||ua||
3283188736||3283189759||1210568422||ua||
3283210240||3283210751||1210568422||ua||
3283213824||3283214335||1210568422||ua||
3283217408||3283217919||1210568422||ua||
3283217920||3283218431||1210568422||ua||
3283218432||3283218943||1210568422||ua||
3283249152||3283249663||1210568422||ua||
3283255296||3283263487||1210568422||ua||
3283484672||3283484927||1210568422||ua||
3283490048||3283490303||1210568422||ua||
3283490304||3283490559||1210568422||ua||
3283534336||3283534847||1210568422||ua||
3283536384||3283536895||1210568422||ua||
3283537408||3283537919||1210568422||ua||
3283633664||3283634175||1210568422||ua||
3283636224||3283636735||1210568422||ua||
3283637760||3283638271||1210568422||ua||
3283664896||3283673087||1210568422||ua||
3283945472||3283946495||1210568422||ua||
3283947520||3283948543||1210568422||ua||
3283950592||3283951615||1210568422||ua||
3283952640||3283953663||1210568422||ua||
3283954688||3283955711||1210568422||ua||
3283955712||3283956735||1210568422||ua||
3283958784||3283959807||1210568422||ua||
3283960832||3283961855||1210568422||ua||
3283961856||3283962879||1210568422||ua||
3283968000||3283969023||1210568422||ua||
3283970048||3283971071||1210568422||ua||
3283971072||3283972095||1210568422||ua||
3283974144||3283975167||1210568422||ua||
3283977216||3283977727||1210568422||ua||
3283977728||3283978239||1210568422||ua||
3283993600||3283994111||1210568422||ua||
3283994624||3283995135||1210568422||ua||
3283998208||3283998719||1210568422||ua||
3284001280||3284001791||1210568422||ua||
3284001792||3284002303||1210568422||ua||
3284003328||3284003839||1210568422||ua||
3284004864||3284005375||1210568422||ua||
3284006400||3284006911||1210568422||ua||
3284006912||3284007423||1210568422||ua||
3284012288||3284012543||1210568422||ua||
3284045824||3284046079||1210568422||ua||
3284049152||3284049407||1210568422||ua||
3284680704||3284681215||1210568422||ua||
3284687360||3284687871||1210568422||ua||
3284714496||3284714751||1210568422||ua||
3284720896||3284721151||1210568422||ua||
3285114880||3285123071||1210568422||ua||
3285630976||3285631999||1210568422||ua||
3285632000||3285633023||1210568422||ua||
3285638144||3285639167||1210568422||ua||
3285642240||3285643263||1210568422||ua||
3285765120||3285765631||1210568422||ua||
3285765632||3285766143||1210568422||ua||
3285766656||3285767167||1210568422||ua||
3285767168||3285767679||1210568422||ua||
3286137856||3286138879||1210568422||ua||
3286316032||3286316543||1210568422||ua||
3286327296||3286328319||1210568422||ua||
3286331392||3286332415||1210568422||ua||
3286335488||3286336511||1210568422||ua||
3286339584||3286340607||1210568422||ua||
3286342656||3286343679||1210568422||ua||
3286346752||3286347775||1210568422||ua||
3286347776||3286348799||1210568422||ua||
3286361088||3286362111||1210568422||ua||
3286654976||3286655231||1210568422||ua||
3286655744||3286655999||1210568422||ua||
3286656768||3286657023||1210568422||ua||
3286659072||3286659327||1210568422||ua||
3286659840||3286660095||1210568422||ua||
3286660864||3286661119||1210568422||ua||
3286662400||3286662655||1210568422||ua||
3286662912||3286663167||1210568422||ua||
3286663168||3286671359||1210568422||ua||
3286908160||3286908415||1210568422||ua||
3286910976||3286911999||1210568422||ua||
3286912000||3286913023||1210568422||ua||
3286917120||3286918143||1210568422||ua||
3286921216||3286922239||1210568422||ua||
3286924288||3286925311||1210568422||ua||
3286926336||3286926591||1210568422||ua||
3286930432||3286930687||1210568422||ua||
3286943744||3286944767||1210568422||ua||
3286946816||3286947839||1210568422||ua||
3286948864||3286949887||1210568422||ua||
3287178240||3287178751||1210568422||ua||
3287199744||3287200767||1210568422||ua||
3287200768||3287201791||1210568422||ua||
3287202816||3287203839||1210568422||ua||
3287440896||3287441407||1210568422||ua||
3287445504||3287446015||1210568422||ua||
3287446016||3287446527||1210568422||ua||
3287454720||3287455231||1210568422||ua||
3287455232||3287455743||1210568422||ua||
3287468032||3287469055||1210568422||ua||
3287548928||3287549439||1210568422||ua||
3287549952||3287550463||1210568422||ua||
3287633920||3287634431||1210568422||ua||
3287638016||3287638527||1210568422||ua||
3287642112||3287642623||1210568422||ua||
3287643648||3287644159||1210568422||ua||
3287644160||3287644671||1210568422||ua||
3287664640||3287664895||1210568422||ua||
3287667456||3287667711||1210568422||ua||
3287668480||3287668735||1210568422||ua||
3287670016||3287670271||1210568422||ua||
3287678208||3287678463||1210568422||ua||
3287734528||3287734783||1210568422||ua||
3287833856||3287834111||1210568422||ua||
3287851008||3287859199||1210568422||ua||
3287867392||3287867903||1210568422||ua||
3287869952||3287870463||1210568422||ua||
3287950336||3287950591||1210568422||ua||
3287952128||3287952383||1210568422||ua||
3287956992||3287957247||1210568422||ua||
3288239616||3288240127||1210568422||ua||
3288241664||3288242175||1210568422||ua||
3556851712||3556868095||1210568422||ua||
3556990976||3556999167||1210568422||ua||
3557302272||3557310463||1210568422||ua||
3557416960||3557425151||1210568422||ua||
3557785600||3557793791||1210568422||ua||
3558506496||3558514687||1210568422||ua||
3559104512||3559112703||1210568422||ua||
3559399424||3559407615||1210568422||ua||
3559538688||3559546879||1210568422||ua||
3560611840||3560620031||1210568422||ua||
3561103360||3561111551||1210568422||ua||
3561267200||3561275391||1210568422||ua||
3562192896||3562201087||1210568422||ua||
3562430464||3562438655||1210568422||ua||
3562463232||3562471423||1210568422||ua||
3562692608||3562700799||1210568422||ua||
3562708992||3562717183||1210568422||ua||
3563921408||3563929599||1210568422||ua||
3564011520||3564019711||1210568422||ua||
3564093440||3564101631||1210568422||ua||
3564183552||3564191743||1210568422||ua||
3564363776||3564371967||1210568422||ua||
3582066688||3582074879||1210568422||ua||
3582304256||3582312447||1210568422||ua||
3583442944||3583451135||1210568422||ua||
3583688704||3583696895||1210568422||ua||
3583705088||3583713279||1210568422||ua||
3583787008||3583795199||1210568422||ua||
3584024576||3584032767||1210568422||ua||
3584065536||3584073727||1210568422||ua||
3584638976||3584647167||1210568422||ua||
3584983040||3584991231||1210568422||ua||
3585335296||3585343487||1210568422||ua||
3585761280||3585769471||1210568422||ua||
3585785856||3585794047||1210568422||ua||
3586662400||3586670591||1210568422||ua||
3588472832||3588489215||1210568422||ua||
3588685824||3588702207||1210568422||ua||
3641245696||3641249791||1210568422||ua||
3641491456||3641495551||1210568422||ua||
3641495552||3641499647||1210568422||ua||
3642007552||3642011647||1210568422||ua||
3642011648||3642015743||1210568422||ua||
3642269696||3642273791||1210568422||ua||
3642335232||3642339327||1210568422||ua||
3642343424||3642347519||1210568422||ua||
3642462208||3642466303||1210568422||ua||
3644977152||3644981247||1210568422||ua||
3645005824||3645009919||1210568422||ua||
3645472768||3645476863||1210568422||ua||
3645685760||3645689855||1210568422||ua||
3645755392||3645759487||1210568422||ua||
3648049152||3648053247||1210568422||ua||
3648339968||3648344063||1210568422||ua||
3650109440||3650113535||1210568422||ua||
3650285568||3650289663||1210568422||ua||
3650330624||3650334719||1210568422||ua||
3652145152||3652149247||1210568422||ua||
3653541888||3653545983||1210568422||ua||
3653664768||3653668863||1210568422||ua||
3653754880||3653758975||1210568422||ua||
