--||--||--||uy||Uruguay
2756247552||2756313087||1210568422||uy||
3128948736||3128950783||1210568422||uy||
3128950784||3129016319||1210568422||uy||
3187703808||3187711999||1210568422||uy||
3191865344||3191898111||1210568422||uy||
3191898112||3191930879||1210568422||uy||
3196321792||3196387327||1210568422||uy||
3196387328||3196452863||1210568422||uy||
3196452864||3196583935||1210568422||uy||
3230854400||3230854655||1210568422||uy||
3355495424||3355496447||1210568422||uy||
3355582464||3355590655||1210568422||uy||
3355923456||3355923967||1210568422||uy||
3356269312||3356269567||1210568422||uy||
3356269568||3356269823||1210568422||uy||
3357775872||3357777919||1210568422||uy||
3358064640||3358097407||1210568422||uy||
3358097408||3358113791||1210568422||uy||
3358113792||3358121983||1210568422||uy||
3358121984||3358126079||1210568422||uy||
3358126080||3358130175||1210568422||uy||
3359277056||3359281151||1210568422||uy||
3359281152||3359285247||1210568422||uy||
3360096256||3360100351||1210568422||uy||
3360100352||3360104447||1210568422||uy||
3361599488||3361599743||1210568422||uy||
3361599744||3361599999||1210568422||uy||
3361600000||3361600255||1210568422||uy||
3361600256||3361600511||1210568422||uy||
3362570240||3362578431||1210568422||uy||
3362578432||3362582527||1210568422||uy||
3362582528||3362586623||1210568422||uy||
3362996224||3363000319||1210568422||uy||
3363618816||3363622911||1210568422||uy||
3363635200||3363639295||1210568422||uy||
3363639296||3363643391||1210568422||uy||
3363643392||3363647487||1210568422||uy||
3363647488||3363651583||1210568422||uy||
3386474496||3386482687||1210568422||uy||
3386482688||3386490879||1210568422||uy||
3386703872||3386707967||1210568422||uy||
3386707968||3386712063||1210568422||uy||
3386712064||3386716159||1210568422||uy||
3386716160||3386720255||1210568422||uy||
