--||--||--||vn||Viet Nam
985268224||985399295||1210568422||vn||
1025302528||1025310719||1210568422||vn||
1950646272||1950648319||1210568422||vn||
1952448512||1953497087||1210568422||vn||
1953890304||1953923071||1210568422||vn||
1958821888||1958825983||1210568422||vn||
1962934272||1963458559||1210568422||vn||
1969733632||1969750015||1210568422||vn||
1970929664||1970962431||1210568422||vn||
1984167936||1984430079||1210568422||vn||
1986396160||1986398207||1210568422||vn||
1997512704||1997520895||1210568422||vn||
1997651968||1997668351||1210568422||vn||
1997701120||1997705215||1210568422||vn||
1997715456||1997717503||1210568422||vn||
2001895424||2001899519||1210568422||vn||
2016589824||2016591871||1210568422||vn||
2018004992||2018007039||1210568422||vn||
2018009088||2018017279||1210568422||vn||
2022326272||2022330367||1210568422||vn||
2059995136||2059997183||1210568422||vn||
2064646144||2065694719||1210568422||vn||
2111078400||2111111167||1210568422||vn||
2111176704||2111193087||1210568422||vn||
2112487424||2112618495||1210568422||vn||
2849178880||2849179135||1210568422||vn||
3389391360||3389391615||1210568422||vn||
3389415424||3389415935||1210568422||vn||
3392114176||3392114431||1210568422||vn||
3392956416||3392958463||1210568422||vn||
3394166784||3394168831||1210568422||vn||
3394234368||3394236415||1210568422||vn||
3394753536||3394754559||1210568422||vn||
3395027968||3395028991||1210568422||vn||
3395132416||3395133439||1210568422||vn||
3397783552||3397785599||1210568422||vn||
3398934528||3398938623||1210568422||vn||
3399515136||3399515647||1210568422||vn||
3400270848||3400271359||1210568422||vn||
3401529344||3401530367||1210568422||vn||
3410866688||3410866943||1210568422||vn||
3412326400||3412327423||1210568422||vn||
3413213184||3413221375||1210568422||vn||
3413221376||3413229567||1210568422||vn||
3413575680||3413576703||1210568422||vn||
3413582848||3413583871||1210568422||vn||
3413584896||3413585919||1210568422||vn||
3414224896||3414226943||1210568422||vn||
3416260608||3416261119||1210568422||vn||
3416285184||3416287231||1210568422||vn||
3416326144||3416327167||1210568422||vn||
3416391680||3416393727||1210568422||vn||
3416393728||3416395775||1210568422||vn||
3416395776||3416399871||1210568422||vn||
3416399872||3416408063||1210568422||vn||
3416408064||3416424447||1210568422||vn||
3416424448||3416428543||1210568422||vn||
3416428544||3416432639||1210568422||vn||
3416432640||3416440831||1210568422||vn||
3416440832||3416457215||1210568422||vn||
3416985600||3416989695||1210568422||vn||
3417350144||3417352191||1210568422||vn||
3418168320||3418169343||1210568422||vn||
3418267648||3418271743||1210568422||vn||
3418294272||3418296319||1210568422||vn||
3418304512||3418306559||1210568422||vn||
3419570176||3419586559||1210568422||vn||
3419586560||3419602943||1210568422||vn||
3528908800||3528912895||1210568422||vn||
3539271680||3539279871||1210568422||vn||
3539279872||3539288063||1210568422||vn||
3539288064||3539304447||1210568422||vn||
3663989248||3663989503||1210568422||vn||
3663990272||3663990527||1210568422||vn||
3706142720||3706159103||1210568422||vn||
3715694592||3715710975||1210568422||vn||
3716415488||3716431871||1210568422||vn||
3716481024||3716489215||1210568422||vn||
3741057024||3741319167||1210568422||vn||
